GO:0032755 BP 4.82e-07 24/2260    93/29107 D08 positive regulation of interleukin-6 production 199.0, 948.0, 1535.0, 2150.0, 3146.0, 3570.0, 3603.0, 4843.0, 5336.0, 6850.0, 7099.0, 7292.0, 7305.0, 7494.0, 11027.0, 23765.0, 51284.0, 64127.0, 64170.0, 64581.0, 90865.0, 113277.0, 338382.0, 388325.0 
GO:0043123 BP 1.13e-06 37/2260   186/29107 D08 positive regulation of I-kappaB kinase/NF-kappaB signaling 834.0, 841.0, 843.0, 948.0, 958.0, 1499.0, 1653.0, 2150.0, 3551.0, 3654.0, 4057.0, 5494.0, 6284.0, 7099.0, 7706.0, 8517.0, 9020.0, 9218.0, 9516.0, 10342.0, 11043.0, 11214.0, 24138.0, 51026.0, 55223.0, 56674.0, 57153.0, 64127.0, 64170.0, 64581.0, 84433.0, 92140.0, 92610.0, 113277.0, 170506.0, 347734.0, 497661.0 
GO:0060271 BP 1.13e-06 44/2260   204/29107 D07 cilium assembly                          378.0, 4117.0, 4735.0, 4750.0, 4952.0, 6102.0, 8195.0, 8555.0, 8556.0, 10257.0, 22832.0, 25937.0, 30844.0, 51259.0, 51473.0, 55742.0, 55764.0, 55779.0, 57560.0, 64518.0, 65062.0, 79600.0, 79867.0, 79969.0, 80184.0, 80199.0, 80217.0, 83547.0, 92482.0, 95681.0, 112752.0, 118491.0, 123872.0, 125488.0, 129880.0, 138639.0, 144535.0, 146845.0, 196383.0, 197335.0, 199221.0, 255758.0, 282809.0, 647309.0 
GO:0030148 BP 2.68e-06 15/2260    49/29107 D07 sphingolipid biosynthetic process        221.0, 1455.0, 2531.0, 8560.0, 9200.0, 10558.0, 55304.0, 60481.0, 64834.0, 81537.0, 123099.0, 124976.0, 171546.0, 204219.0, 340485.0 
GO:0015031 BP 3.27e-06 55/2260   357/29107 D05 protein transport                        409.0, 689.0, 857.0, 2665.0, 2824.0, 4627.0, 6102.0, 6284.0, 6844.0, 6890.0, 6891.0, 7494.0, 8086.0, 8673.0, 8888.0, 9284.0, 9367.0, 9798.0, 9897.0, 9961.0, 10015.0, 10040.0, 10628.0, 11345.0, 23355.0, 25839.0, 25972.0, 25978.0, 51026.0, 51296.0, 51510.0, 53916.0, 54520.0, 54734.0, 55770.0, 57020.0, 57511.0, 57706.0, 80144.0, 80184.0, 80199.0, 83452.0, 83547.0, 84938.0, 90411.0, 91461.0, 92482.0, 93343.0, 95681.0, 113402.0, 129880.0, 149371.0, 338382.0, 645432.0, 100287171.0 
GO:0045087 BP 3.88e-06 65/2260   461/29107 D06 innate immune response                   695.0, 710.0, 1535.0, 1653.0, 2150.0, 2444.0, 3140.0, 3146.0, 3429.0, 3433.0, 3551.0, 3654.0, 3669.0, 3684.0, 3821.0, 4671.0, 5294.0, 5919.0, 6502.0, 6503.0, 6850.0, 7099.0, 7100.0, 7268.0, 7520.0, 7706.0, 8517.0, 8751.0, 9051.0, 9097.0, 9447.0, 10406.0, 10623.0, 11027.0, 11043.0, 23547.0, 23601.0, 23765.0, 24138.0, 26472.0, 30835.0, 50856.0, 51284.0, 51296.0, 54472.0, 55223.0, 64127.0, 80231.0, 81035.0, 81793.0, 83737.0, 84282.0, 84868.0, 92610.0, 113277.0, 114548.0, 115004.0, 144811.0, 146433.0, 170506.0, 171568.0, 219972.0, 286430.0, 340205.0, 391712.0 
GO:0006898 BP 4.55e-06 18/2260    70/29107 D06 receptor-mediated endocytosis            154.0, 164.0, 948.0, 950.0, 2017.0, 2213.0, 3684.0, 4360.0, 4481.0, 7436.0, 8029.0, 23166.0, 28988.0, 51429.0, 85021.0, 143458.0, 201176.0, 283420.0 
GO:0032930 BP 7.70e-06  9/2260    20/29107 D08 positive regulation of superoxide anion generation 1535.0, 1956.0, 2150.0, 2773.0, 3684.0, 6850.0, 7305.0, 64581.0, 84329.0 
GO:0006911 BP 1.30e-05 10/2260    26/29107 D07 phagocytosis, engulfment                 199.0, 948.0, 1182.0, 2213.0, 3684.0, 4481.0, 4627.0, 9938.0, 26762.0, 51411.0 
GO:0006914 BP 1.33e-05 25/2260   127/29107 D04 autophagy                                310.0, 411.0, 3146.0, 3394.0, 4864.0, 5562.0, 7107.0, 7494.0, 8878.0, 11345.0, 23208.0, 23339.0, 25978.0, 25989.0, 26191.0, 29919.0, 54472.0, 54734.0, 54828.0, 55255.0, 57103.0, 57705.0, 84938.0, 91445.0, 203228.0 
GO:0071226 BP 3.63e-05  4/2260     4/29107 D05 cellular response to molecule of fungal origin 695.0, 6850.0, 64581.0, 388325.0 
GO:0032735 BP 4.38e-05 12/2260    41/29107 D08 positive regulation of interleukin-12 production 948.0, 958.0, 3146.0, 3394.0, 3603.0, 5336.0, 6850.0, 7099.0, 7292.0, 64127.0, 64581.0, 388325.0 
GO:0051092 BP 4.68e-05 27/2260   152/29107 D12 positive regulation of NF-kappaB transcription factor activity 268.0, 695.0, 857.0, 948.0, 958.0, 3551.0, 3606.0, 3654.0, 4057.0, 5336.0, 7099.0, 7185.0, 7706.0, 8517.0, 9447.0, 11035.0, 11043.0, 26585.0, 55223.0, 64127.0, 64170.0, 64581.0, 65992.0, 84433.0, 92140.0, 114548.0, 338382.0 
GO:0045598 BP 6.21e-05  7/2260    15/29107 D05 regulation of fat cell differentiation   2784.0, 2874.0, 6097.0, 9572.0, 65989.0, 79969.0, 374462.0 
GO:0000028 BP 6.21e-05  7/2260    15/29107 D08 ribosomal small subunit assembly         5822.0, 6208.0, 6234.0, 51081.0, 64963.0, 91695.0, 102724159.0 
GO:0035195 BP 1.86e-06  7/2260   557/29107 D10 gene silencing by miRNA                  9337.0, 29883.0, 283131.0, 406929.0, 406987.0, 407021.0, 768222.0 
GO:0050911 BP 1.96e-06  1/2260   401/29107 D05 detection of chemical stimulus involved in sensory perception of smell 138799.0 
GO:0007186 BP 3.63e-06 33/2260   880/29107 D05 G protein-coupled receptor signaling pathway 136.0, 976.0, 2150.0, 2532.0, 2770.0, 2784.0, 2844.0, 2857.0, 5294.0, 5330.0, 5777.0, 5995.0, 6001.0, 6348.0, 8477.0, 9290.0, 10149.0, 11214.0, 23533.0, 23596.0, 29899.0, 30817.0, 50838.0, 50839.0, 53829.0, 64106.0, 64805.0, 94233.0, 118442.0, 138799.0, 259289.0, 259294.0, 259295.0 
GO:0006396 BP 3.13e-05 12/2260   423/29107 D07 RNA processing                           26747.0, 29102.0, 55323.0, 125144.0, 130951.0, 677832.0, 692225.0, 767569.0, 767598.0, 100033800.0, 100033805.0, 100036564.0 
GO:0005765 CC 1.26e-06 66/2260   331/29107 D07 lysosomal membrane                       164.0, 533.0, 950.0, 1182.0, 1291.0, 1441.0, 1534.0, 2475.0, 2770.0, 2773.0, 2896.0, 3108.0, 3109.0, 3113.0, 3127.0, 3920.0, 4864.0, 4948.0, 5826.0, 5878.0, 7107.0, 7226.0, 7311.0, 7436.0, 8029.0, 8140.0, 8546.0, 8673.0, 9516.0, 10058.0, 10159.0, 10410.0, 10855.0, 11133.0, 23208.0, 23339.0, 23385.0, 29919.0, 51257.0, 51296.0, 51552.0, 54664.0, 55255.0, 55315.0, 55340.0, 55353.0, 55529.0, 55652.0, 56674.0, 57153.0, 57406.0, 64114.0, 65082.0, 79901.0, 80342.0, 81618.0, 83547.0, 96459.0, 126321.0, 130340.0, 138050.0, 153129.0, 155066.0, 201163.0, 206358.0, 256471.0 
GO:0005930 CC 1.48e-06 26/2260   113/29107 D02 axoneme                                  1769.0, 4117.0, 4735.0, 10801.0, 23322.0, 30849.0, 51473.0, 54777.0, 55130.0, 55259.0, 79819.0, 80217.0, 93233.0, 115948.0, 118491.0, 123872.0, 124602.0, 129880.0, 144406.0, 144535.0, 146754.0, 146845.0, 158067.0, 158798.0, 199221.0, 255758.0 
GO:0005743 CC 2.16e-06 64/2260   404/29107 D05 mitochondrial inner membrane             212.0, 291.0, 515.0, 516.0, 1349.0, 1373.0, 1543.0, 2021.0, 2232.0, 2235.0, 4512.0, 4513.0, 4535.0, 4536.0, 4537.0, 4539.0, 4711.0, 4726.0, 5625.0, 6150.0, 6389.0, 6392.0, 7818.0, 8604.0, 9551.0, 9801.0, 10229.0, 10367.0, 10730.0, 10845.0, 23464.0, 26515.0, 26517.0, 26589.0, 28957.0, 51079.0, 51081.0, 51522.0, 51650.0, 54998.0, 55210.0, 55863.0, 64963.0, 64965.0, 64978.0, 81853.0, 84275.0, 84303.0, 84311.0, 84545.0, 92259.0, 114971.0, 115209.0, 115286.0, 132001.0, 137682.0, 150209.0, 153328.0, 200895.0, 253512.0, 284723.0, 401612.0, 548596.0, 100137049.0 
GO:0009897 CC 2.73e-06 48/2260   295/29107 D03 external side of plasma membrane         355.0, 482.0, 563.0, 657.0, 824.0, 928.0, 942.0, 948.0, 958.0, 1182.0, 1441.0, 2213.0, 2217.0, 2936.0, 3140.0, 3568.0, 3570.0, 3597.0, 3598.0, 3682.0, 3684.0, 3687.0, 3762.0, 4065.0, 4162.0, 4481.0, 4907.0, 7099.0, 9936.0, 10159.0, 10859.0, 11118.0, 11119.0, 11120.0, 30835.0, 53340.0, 54718.0, 64805.0, 80274.0, 80328.0, 80741.0, 84168.0, 115650.0, 117531.0, 131450.0, 161198.0, 283316.0, 100507436.0 
GO:0005739 CC 3.81e-06 171/2260  1305/29107 D05 mitochondrion                            142.0, 212.0, 291.0, 411.0, 501.0, 515.0, 516.0, 670.0, 834.0, 841.0, 883.0, 1375.0, 1653.0, 1656.0, 1716.0, 1719.0, 1757.0, 1892.0, 2066.0, 2232.0, 2235.0, 2272.0, 2729.0, 2874.0, 2926.0, 2936.0, 3429.0, 3992.0, 4077.0, 4191.0, 4257.0, 4329.0, 4513.0, 4711.0, 5106.0, 5160.0, 5445.0, 5625.0, 5825.0, 6059.0, 6150.0, 6300.0, 6341.0, 6389.0, 6392.0, 6717.0, 7390.0, 7818.0, 8192.0, 8209.0, 8546.0, 8560.0, 8604.0, 8878.0, 8934.0, 8996.0, 9054.0, 9158.0, 9447.0, 9551.0, 9776.0, 9801.0, 10058.0, 10102.0, 10128.0, 10367.0, 10730.0, 10773.0, 10845.0, 10863.0, 10901.0, 23078.0, 23241.0, 23385.0, 23408.0, 23446.0, 23464.0, 23593.0, 23600.0, 23710.0, 25912.0, 25961.0, 26073.0, 26128.0, 26275.0, 26355.0, 26517.0, 26589.0, 26995.0, 27440.0, 28957.0, 29083.0, 50808.0, 51075.0, 51079.0, 51099.0, 51142.0, 51650.0, 51657.0, 51660.0, 51741.0, 54332.0, 54543.0, 54881.0, 54998.0, 55014.0, 55149.0, 55156.0, 55210.0, 55278.0, 55794.0, 55863.0, 56624.0, 56922.0, 56942.0, 56953.0, 57128.0, 57153.0, 57176.0, 57406.0, 57505.0, 57509.0, 63874.0, 64064.0, 64127.0, 64805.0, 64963.0, 64965.0, 64978.0, 66008.0, 79731.0, 80179.0, 80726.0, 83693.0, 83787.0, 84303.0, 84311.0, 84340.0, 84545.0, 84749.0, 90529.0, 92259.0, 93974.0, 114971.0, 115286.0, 123263.0, 124454.0, 130916.0, 131076.0, 132001.0, 137682.0, 137872.0, 150209.0, 155038.0, 170506.0, 196294.0, 200895.0, 219293.0, 219402.0, 253512.0, 256643.0, 282808.0, 283459.0, 284106.0, 284184.0, 374986.0, 407021.0, 440503.0, 548596.0, 728294.0, 102724023.0 
GO:0070062 CC 4.24e-06 251/2260  2169/29107 D06 extracellular exosome                    2.0, 58.0, 191.0, 216.0, 220.0, 221.0, 310.0, 317.0, 353.0, 355.0, 358.0, 378.0, 397.0, 411.0, 501.0, 537.0, 563.0, 635.0, 645.0, 686.0, 710.0, 760.0, 824.0, 928.0, 942.0, 950.0, 952.0, 958.0, 963.0, 975.0, 976.0, 1073.0, 1291.0, 1314.0, 1362.0, 1363.0, 1378.0, 1471.0, 1499.0, 1512.0, 1615.0, 1663.0, 1794.0, 2023.0, 2444.0, 2530.0, 2591.0, 2665.0, 2770.0, 2773.0, 2784.0, 2894.0, 2896.0, 2936.0, 2947.0, 3071.0, 3073.0, 3127.0, 3183.0, 3263.0, 3664.0, 3684.0, 3693.0, 3698.0, 3728.0, 3795.0, 3837.0, 3852.0, 3858.0, 3920.0, 4057.0, 4065.0, 4191.0, 4363.0, 4430.0, 4478.0, 4627.0, 4668.0, 4703.0, 4735.0, 4736.0, 4831.0, 4864.0, 4907.0, 5236.0, 5274.0, 5336.0, 5361.0, 5393.0, 5549.0, 5630.0, 5654.0, 5683.0, 5689.0, 5693.0, 5708.0, 5720.0, 5777.0, 5834.0, 5869.0, 5872.0, 5878.0, 5912.0, 5950.0, 5973.0, 5981.0, 6051.0, 6102.0, 6168.0, 6181.0, 6187.0, 6189.0, 6203.0, 6208.0, 6231.0, 6234.0, 6261.0, 6414.0, 6557.0, 6609.0, 6652.0, 6717.0, 6793.0, 6813.0, 7060.0, 7178.0, 7273.0, 7311.0, 7322.0, 7402.0, 7430.0, 7462.0, 7511.0, 7841.0, 8029.0, 8140.0, 8291.0, 8361.0, 8363.0, 8365.0, 8366.0, 8450.0, 8476.0, 8574.0, 8673.0, 8751.0, 8857.0, 8878.0, 8934.0, 9097.0, 9322.0, 9367.0, 9373.0, 9520.0, 9562.0, 9586.0, 9798.0, 9961.0, 10015.0, 10040.0, 10058.0, 10149.0, 10159.0, 10406.0, 10617.0, 10694.0, 10791.0, 10841.0, 10890.0, 10971.0, 11006.0, 11043.0, 11314.0, 22977.0, 23052.0, 23193.0, 23318.0, 23385.0, 23405.0, 23446.0, 23593.0, 23743.0, 25801.0, 25978.0, 26007.0, 26052.0, 27044.0, 27183.0, 28970.0, 28988.0, 29952.0, 30844.0, 51125.0, 51181.0, 51429.0, 51510.0, 51552.0, 54414.0, 54472.0, 55020.0, 55604.0, 55748.0, 55930.0, 56155.0, 56624.0, 56898.0, 57153.0, 57446.0, 57447.0, 57544.0, 57826.0, 59338.0, 60676.0, 63908.0, 64114.0, 64518.0, 64577.0, 64855.0, 64856.0, 64926.0, 79901.0, 80199.0, 81533.0, 81618.0, 81873.0, 83690.0, 83737.0, 84433.0, 84617.0, 87769.0, 91703.0, 93343.0, 112483.0, 118491.0, 119391.0, 140465.0, 147138.0, 148362.0, 148811.0, 152007.0, 170506.0, 219855.0, 258010.0, 283987.0, 342372.0, 347862.0, 353189.0, 407021.0, 440689.0, 653689.0, 653857.0 
GO:0031902 CC 4.27e-06 26/2260   127/29107 D07 late endosome membrane                   950.0, 1182.0, 3108.0, 3109.0, 3127.0, 3140.0, 3920.0, 4864.0, 8673.0, 10410.0, 23120.0, 23339.0, 25978.0, 27183.0, 29082.0, 29919.0, 54664.0, 55315.0, 55353.0, 55529.0, 57406.0, 65082.0, 83547.0, 93343.0, 168391.0, 338382.0 
GO:0005789 CC 4.31e-06 131/2260   973/29107 D04 endoplasmic reticulum membrane           310.0, 368.0, 537.0, 857.0, 950.0, 1314.0, 1535.0, 1543.0, 1577.0, 1717.0, 1956.0, 2052.0, 2327.0, 2329.0, 2475.0, 2531.0, 2677.0, 2773.0, 3140.0, 3290.0, 3429.0, 3703.0, 3930.0, 3992.0, 4047.0, 4257.0, 4258.0, 4948.0, 5279.0, 5281.0, 5826.0, 6305.0, 6717.0, 6746.0, 6890.0, 6891.0, 6892.0, 6916.0, 7311.0, 7444.0, 7494.0, 7841.0, 8560.0, 8605.0, 8818.0, 9200.0, 9218.0, 9367.0, 9468.0, 9488.0, 9776.0, 9780.0, 10058.0, 10159.0, 10170.0, 10299.0, 10390.0, 10483.0, 10554.0, 10558.0, 10585.0, 10826.0, 10890.0, 10901.0, 10972.0, 11345.0, 22845.0, 22937.0, 23120.0, 23155.0, 23256.0, 23399.0, 23463.0, 23769.0, 26002.0, 28972.0, 29880.0, 51075.0, 51114.0, 51201.0, 51257.0, 51284.0, 51290.0, 51435.0, 51465.0, 51528.0, 53407.0, 54762.0, 54947.0, 55014.0, 55102.0, 55144.0, 55304.0, 55379.0, 56605.0, 60481.0, 63874.0, 64834.0, 64900.0, 65992.0, 79001.0, 79022.0, 79868.0, 79966.0, 80235.0, 80270.0, 81537.0, 81573.0, 83787.0, 85465.0, 90411.0, 91445.0, 92140.0, 93492.0, 94005.0, 94101.0, 121457.0, 123099.0, 128869.0, 147138.0, 170575.0, 171546.0, 202052.0, 204219.0, 219855.0, 253558.0, 258010.0, 284161.0, 408050.0, 440026.0, 729238.0 
GO:0005783 CC 4.94e-06 123/2260  1040/29107 D05 endoplasmic reticulum                    341.0, 824.0, 831.0, 857.0, 1471.0, 1717.0, 2264.0, 2531.0, 2896.0, 3140.0, 3433.0, 4118.0, 4257.0, 4258.0, 4864.0, 5251.0, 5287.0, 5764.0, 6134.0, 6189.0, 6229.0, 6388.0, 6729.0, 6731.0, 6746.0, 6890.0, 6891.0, 6892.0, 7060.0, 7162.0, 7247.0, 7311.0, 7444.0, 7494.0, 7841.0, 7869.0, 7873.0, 8029.0, 8125.0, 8560.0, 8630.0, 8878.0, 9107.0, 9218.0, 9468.0, 9562.0, 9695.0, 9780.0, 9897.0, 9914.0, 10058.0, 10299.0, 10439.0, 10463.0, 10483.0, 10554.0, 10558.0, 10585.0, 10841.0, 10972.0, 22937.0, 23120.0, 23155.0, 23241.0, 23385.0, 23463.0, 23585.0, 23710.0, 29979.0, 30844.0, 51026.0, 51114.0, 51201.0, 51257.0, 51284.0, 51290.0, 51338.0, 51435.0, 53407.0, 53829.0, 54947.0, 55325.0, 55379.0, 56605.0, 57705.0, 60481.0, 64714.0, 64834.0, 64848.0, 65992.0, 79001.0, 80235.0, 80328.0, 81573.0, 83643.0, 83787.0, 84216.0, 84536.0, 84899.0, 91445.0, 92140.0, 94101.0, 114548.0, 115817.0, 121457.0, 127943.0, 144811.0, 147138.0, 150209.0, 155038.0, 170575.0, 171546.0, 204219.0, 206358.0, 253558.0, 283234.0, 284161.0, 285362.0, 345275.0, 389075.0, 439921.0, 497661.0, 768206.0 
GO:0016020 CC 5.06e-06 284/2260  2120/29107 D02 membrane                                 142.0, 154.0, 164.0, 291.0, 310.0, 368.0, 378.0, 397.0, 482.0, 515.0, 590.0, 831.0, 857.0, 928.0, 948.0, 950.0, 952.0, 955.0, 975.0, 976.0, 988.0, 1025.0, 1182.0, 1198.0, 1291.0, 1314.0, 1362.0, 1455.0, 1499.0, 1535.0, 1615.0, 1653.0, 1656.0, 1717.0, 1794.0, 1956.0, 1982.0, 2023.0, 2277.0, 2327.0, 2475.0, 2530.0, 2531.0, 2591.0, 2620.0, 2665.0, 2677.0, 2773.0, 2896.0, 3071.0, 3073.0, 3108.0, 3183.0, 3290.0, 3384.0, 3687.0, 3703.0, 3837.0, 3852.0, 3858.0, 3920.0, 3930.0, 3992.0, 4047.0, 4077.0, 4191.0, 4258.0, 4296.0, 4345.0, 4363.0, 4513.0, 4627.0, 4689.0, 4736.0, 4763.0, 4864.0, 4867.0, 4907.0, 4952.0, 5170.0, 5287.0, 5294.0, 5341.0, 5411.0, 5469.0, 5494.0, 5571.0, 5630.0, 5701.0, 5708.0, 5777.0, 5825.0, 5834.0, 5869.0, 5912.0, 5957.0, 6059.0, 6128.0, 6134.0, 6142.0, 6159.0, 6181.0, 6187.0, 6203.0, 6208.0, 6229.0, 6231.0, 6302.0, 6305.0, 6404.0, 6507.0, 6529.0, 6557.0, 6596.0, 6642.0, 6652.0, 6717.0, 6844.0, 6890.0, 6891.0, 6991.0, 7107.0, 7162.0, 7402.0, 7430.0, 7436.0, 7520.0, 7841.0, 8029.0, 8086.0, 8140.0, 8161.0, 8361.0, 8363.0, 8365.0, 8366.0, 8412.0, 8443.0, 8546.0, 8560.0, 8605.0, 8665.0, 8673.0, 8776.0, 8996.0, 9051.0, 9107.0, 9121.0, 9122.0, 9125.0, 9158.0, 9401.0, 9440.0, 9497.0, 9612.0, 9631.0, 9777.0, 9780.0, 9785.0, 9827.0, 9894.0, 9904.0, 9936.0, 9961.0, 10015.0, 10040.0, 10060.0, 10128.0, 10257.0, 10299.0, 10328.0, 10554.0, 10617.0, 10730.0, 10826.0, 10844.0, 10971.0, 11118.0, 11214.0, 11314.0, 22894.0, 23052.0, 23122.0, 23155.0, 23193.0, 23339.0, 23385.0, 23421.0, 23446.0, 23463.0, 23526.0, 23527.0, 23533.0, 23554.0, 25827.0, 26052.0, 26092.0, 26206.0, 27044.0, 27229.0, 29880.0, 29883.0, 30835.0, 30844.0, 30849.0, 50619.0, 50651.0, 50862.0, 51026.0, 51094.0, 51104.0, 51290.0, 51390.0, 51430.0, 51466.0, 54332.0, 55144.0, 55266.0, 55379.0, 55454.0, 55540.0, 55558.0, 55746.0, 55764.0, 55770.0, 57062.0, 57153.0, 57185.0, 57513.0, 57537.0, 57696.0, 57763.0, 59307.0, 59338.0, 60481.0, 64834.0, 64926.0, 65062.0, 79009.0, 79443.0, 79600.0, 79627.0, 79869.0, 79902.0, 80184.0, 80709.0, 81537.0, 81614.0, 81704.0, 81793.0, 83737.0, 83752.0, 84073.0, 84327.0, 84975.0, 92521.0, 93380.0, 94005.0, 95681.0, 112616.0, 114780.0, 115294.0, 115727.0, 118788.0, 121457.0, 121665.0, 123606.0, 126133.0, 128869.0, 148362.0, 149371.0, 150379.0, 196383.0, 201176.0, 253558.0, 254102.0, 283234.0, 283987.0, 284161.0, 317781.0, 342372.0, 347734.0, 388325.0, 619189.0 
GO:0005794 CC 5.08e-06 118/2260   988/29107 D05 Golgi apparatus                          154.0, 164.0, 378.0, 393.0, 411.0, 824.0, 857.0, 858.0, 948.0, 955.0, 1182.0, 1363.0, 1471.0, 1535.0, 2017.0, 2150.0, 2212.0, 2264.0, 2530.0, 2591.0, 2896.0, 2956.0, 3397.0, 4166.0, 4780.0, 4864.0, 5251.0, 5592.0, 6102.0, 6642.0, 6882.0, 7099.0, 8029.0, 8546.0, 8574.0, 8910.0, 8934.0, 9322.0, 9516.0, 9547.0, 9777.0, 9906.0, 9917.0, 10058.0, 10390.0, 10791.0, 10841.0, 10890.0, 10972.0, 11221.0, 11237.0, 11311.0, 11341.0, 11345.0, 22937.0, 23032.0, 23042.0, 23122.0, 23193.0, 23385.0, 23673.0, 23710.0, 25912.0, 26052.0, 29952.0, 51112.0, 51114.0, 51201.0, 51290.0, 51313.0, 51324.0, 51338.0, 51535.0, 51540.0, 51741.0, 53834.0, 53838.0, 54734.0, 55315.0, 56624.0, 57447.0, 57509.0, 64114.0, 64127.0, 65258.0, 79443.0, 79925.0, 79969.0, 80031.0, 81551.0, 81618.0, 83452.0, 83548.0, 84084.0, 84871.0, 85465.0, 89846.0, 90411.0, 91010.0, 91461.0, 91949.0, 93343.0, 93380.0, 116985.0, 121665.0, 147138.0, 153339.0, 155038.0, 168391.0, 221472.0, 283234.0, 283987.0, 338382.0, 340205.0, 340485.0, 347734.0, 389075.0, 768206.0 
GO:0005654 CC 6.13e-06 421/2260  3805/29107 D02 nucleoplasm                              132.0, 142.0, 353.0, 368.0, 406.0, 409.0, 515.0, 645.0, 841.0, 861.0, 988.0, 994.0, 1021.0, 1025.0, 1027.0, 1198.0, 1457.0, 1499.0, 1653.0, 1663.0, 1789.0, 2066.0, 2073.0, 2103.0, 2313.0, 2324.0, 2444.0, 2475.0, 2553.0, 2872.0, 2874.0, 2926.0, 2956.0, 2958.0, 2962.0, 2967.0, 3146.0, 3183.0, 3298.0, 3394.0, 3397.0, 3631.0, 3654.0, 3664.0, 3669.0, 3837.0, 3988.0, 4004.0, 4013.0, 4077.0, 4163.0, 4175.0, 4261.0, 4286.0, 4329.0, 4552.0, 4601.0, 4603.0, 4711.0, 4735.0, 4750.0, 4773.0, 4780.0, 4804.0, 4843.0, 4907.0, 4986.0, 5209.0, 5287.0, 5317.0, 5356.0, 5361.0, 5393.0, 5395.0, 5432.0, 5434.0, 5469.0, 5494.0, 5562.0, 5571.0, 5625.0, 5683.0, 5689.0, 5693.0, 5701.0, 5708.0, 5711.0, 5720.0, 5777.0, 5822.0, 5824.0, 5883.0, 5925.0, 5929.0, 5932.0, 5980.0, 5981.0, 6046.0, 6047.0, 6097.0, 6102.0, 6117.0, 6119.0, 6187.0, 6189.0, 6203.0, 6208.0, 6229.0, 6231.0, 6234.0, 6284.0, 6300.0, 6493.0, 6502.0, 6596.0, 6605.0, 6606.0, 6632.0, 6667.0, 6672.0, 6717.0, 6772.0, 6838.0, 6880.0, 6882.0, 6886.0, 6936.0, 6938.0, 7030.0, 7073.0, 7178.0, 7247.0, 7268.0, 7311.0, 7322.0, 7332.0, 7376.0, 7389.0, 7402.0, 7443.0, 7494.0, 7520.0, 7564.0, 7706.0, 7818.0, 8086.0, 8089.0, 8125.0, 8161.0, 8233.0, 8237.0, 8270.0, 8361.0, 8363.0, 8365.0, 8366.0, 8438.0, 8449.0, 8450.0, 8464.0, 8517.0, 8544.0, 8554.0, 8555.0, 8556.0, 8569.0, 8605.0, 8648.0, 8805.0, 8819.0, 8850.0, 8878.0, 8880.0, 8881.0, 8888.0, 9020.0, 9025.0, 9054.0, 9070.0, 9265.0, 9284.0, 9322.0, 9325.0, 9440.0, 9443.0, 9447.0, 9516.0, 9572.0, 9585.0, 9612.0, 9618.0, 9652.0, 9656.0, 9785.0, 9792.0, 9897.0, 9904.0, 9913.0, 9917.0, 9960.0, 10039.0, 10058.0, 10102.0, 10128.0, 10179.0, 10213.0, 10320.0, 10336.0, 10474.0, 10513.0, 10557.0, 10608.0, 10617.0, 10620.0, 10623.0, 10694.0, 10713.0, 10741.0, 10773.0, 10844.0, 10845.0, 10855.0, 10979.0, 11091.0, 11124.0, 11143.0, 11221.0, 22797.0, 22822.0, 22882.0, 22894.0, 22909.0, 23032.0, 23149.0, 23198.0, 23234.0, 23243.0, 23244.0, 23248.0, 23322.0, 23326.0, 23421.0, 23446.0, 23460.0, 23464.0, 23567.0, 23673.0, 25842.0, 25885.0, 25913.0, 25937.0, 26094.0, 26097.0, 26147.0, 26256.0, 26271.0, 26589.0, 26747.0, 27287.0, 27292.0, 27306.0, 28970.0, 28991.0, 29102.0, 29803.0, 29843.0, 29894.0, 29945.0, 29979.0, 30061.0, 50619.0, 51013.0, 51079.0, 51096.0, 51099.0, 51112.0, 51131.0, 51149.0, 51163.0, 51193.0, 51291.0, 51317.0, 51367.0, 51397.0, 51400.0, 51426.0, 51473.0, 51530.0, 51535.0, 51562.0, 51616.0, 51690.0, 51692.0, 51741.0, 51780.0, 53838.0, 54466.0, 54496.0, 54700.0, 54815.0, 54853.0, 54870.0, 54881.0, 54957.0, 54971.0, 54998.0, 55008.0, 55102.0, 55110.0, 55149.0, 55170.0, 55249.0, 55272.0, 55352.0, 55357.0, 55540.0, 55596.0, 55604.0, 55636.0, 55644.0, 55693.0, 55719.0, 55748.0, 55775.0, 55781.0, 55794.0, 56271.0, 56892.0, 56915.0, 56929.0, 57228.0, 57602.0, 57645.0, 57654.0, 57696.0, 57697.0, 57706.0, 57713.0, 57721.0, 57798.0, 58490.0, 59338.0, 60436.0, 60468.0, 63901.0, 64168.0, 64375.0, 64785.0, 64789.0, 64855.0, 65109.0, 65258.0, 79068.0, 79269.0, 79622.0, 79685.0, 79731.0, 79813.0, 79858.0, 79869.0, 79892.0, 79902.0, 79958.0, 80095.0, 80169.0, 80349.0, 80709.0, 80778.0, 81556.0, 83444.0, 83640.0, 83732.0, 83737.0, 83743.0, 83987.0, 84101.0, 84172.0, 84271.0, 84930.0, 84950.0, 85313.0, 90865.0, 92521.0, 93343.0, 93426.0, 112399.0, 114799.0, 115727.0, 116028.0, 116985.0, 117143.0, 117246.0, 118460.0, 134111.0, 134510.0, 138639.0, 140688.0, 143570.0, 147657.0, 148423.0, 152006.0, 152206.0, 170506.0, 171568.0, 195828.0, 252969.0, 253769.0, 284058.0, 284111.0, 284695.0, 389421.0, 399818.0, 401541.0, 404672.0, 440348.0, 440689.0, 642778.0, 653689.0, 653784.0, 728741.0, 102724159.0 
GO:0005737 CC 6.58e-06 544/2260  4681/29107 D02 cytoplasm                                164.0, 199.0, 216.0, 220.0, 221.0, 310.0, 326.0, 353.0, 358.0, 378.0, 393.0, 397.0, 409.0, 482.0, 695.0, 760.0, 767.0, 824.0, 831.0, 834.0, 841.0, 843.0, 883.0, 889.0, 948.0, 950.0, 958.0, 988.0, 994.0, 1001.0, 1021.0, 1027.0, 1073.0, 1314.0, 1373.0, 1455.0, 1499.0, 1615.0, 1653.0, 1656.0, 1663.0, 1716.0, 1728.0, 1757.0, 1956.0, 2017.0, 2023.0, 2103.0, 2121.0, 2272.0, 2318.0, 2475.0, 2660.0, 2665.0, 2770.0, 2773.0, 2784.0, 2872.0, 2889.0, 2926.0, 2947.0, 2948.0, 3087.0, 3298.0, 3394.0, 3433.0, 3551.0, 3631.0, 3654.0, 3664.0, 3669.0, 3728.0, 3795.0, 3837.0, 3852.0, 3858.0, 3930.0, 4057.0, 4094.0, 4117.0, 4163.0, 4191.0, 4286.0, 4430.0, 4478.0, 4542.0, 4627.0, 4668.0, 4671.0, 4689.0, 4735.0, 4750.0, 4763.0, 4773.0, 4780.0, 4831.0, 4843.0, 4867.0, 4948.0, 4952.0, 5147.0, 5170.0, 5236.0, 5287.0, 5294.0, 5317.0, 5336.0, 5341.0, 5393.0, 5562.0, 5571.0, 5592.0, 5630.0, 5635.0, 5649.0, 5701.0, 5720.0, 5777.0, 5824.0, 5834.0, 5981.0, 6046.0, 6047.0, 6059.0, 6102.0, 6189.0, 6203.0, 6261.0, 6284.0, 6300.0, 6305.0, 6348.0, 6443.0, 6444.0, 6596.0, 6606.0, 6642.0, 6667.0, 6672.0, 6717.0, 6727.0, 6729.0, 6772.0, 6799.0, 6850.0, 6938.0, 6991.0, 7030.0, 7073.0, 7099.0, 7178.0, 7185.0, 7247.0, 7268.0, 7283.0, 7311.0, 7332.0, 7376.0, 7402.0, 7430.0, 7443.0, 7444.0, 7494.0, 7511.0, 8125.0, 8195.0, 8270.0, 8412.0, 8476.0, 8500.0, 8517.0, 8518.0, 8544.0, 8555.0, 8556.0, 8569.0, 8673.0, 8776.0, 8777.0, 8790.0, 8798.0, 8878.0, 8880.0, 8881.0, 8888.0, 8934.0, 9051.0, 9098.0, 9107.0, 9168.0, 9196.0, 9231.0, 9322.0, 9325.0, 9352.0, 9354.0, 9373.0, 9401.0, 9419.0, 9425.0, 9447.0, 9468.0, 9520.0, 9572.0, 9585.0, 9618.0, 9652.0, 9792.0, 9802.0, 9863.0, 9870.0, 9894.0, 9904.0, 9905.0, 9960.0, 9961.0, 10008.0, 10020.0, 10039.0, 10040.0, 10209.0, 10215.0, 10328.0, 10342.0, 10513.0, 10628.0, 10694.0, 10795.0, 10801.0, 10826.0, 10841.0, 10859.0, 10971.0, 10979.0, 10983.0, 11035.0, 11043.0, 11101.0, 11186.0, 11221.0, 11345.0, 22952.0, 23032.0, 23078.0, 23122.0, 23149.0, 23173.0, 23234.0, 23318.0, 23322.0, 23339.0, 23394.0, 23399.0, 23405.0, 23421.0, 23533.0, 23567.0, 23589.0, 23593.0, 23596.0, 23600.0, 23729.0, 24139.0, 24140.0, 25778.0, 25801.0, 25827.0, 25937.0, 25941.0, 25978.0, 25989.0, 26052.0, 26112.0, 26191.0, 26206.0, 26256.0, 26260.0, 26271.0, 26281.0, 26472.0, 27044.0, 27143.0, 27183.0, 27306.0, 28988.0, 29082.0, 29843.0, 29883.0, 29899.0, 29925.0, 29969.0, 29978.0, 29979.0, 30061.0, 30812.0, 30820.0, 30835.0, 30844.0, 50619.0, 50808.0, 50853.0, 51013.0, 51016.0, 51020.0, 51074.0, 51079.0, 51091.0, 51284.0, 51290.0, 51364.0, 51397.0, 51429.0, 51430.0, 51466.0, 51473.0, 51741.0, 53340.0, 54472.0, 54491.0, 54514.0, 54800.0, 54828.0, 54853.0, 54870.0, 54970.0, 54981.0, 55124.0, 55144.0, 55171.0, 55191.0, 55223.0, 55236.0, 55249.0, 55255.0, 55323.0, 55325.0, 55561.0, 55612.0, 55614.0, 55644.0, 55691.0, 55742.0, 55764.0, 55768.0, 55775.0, 55779.0, 55781.0, 55783.0, 55786.0, 55803.0, 55805.0, 55871.0, 55876.0, 55917.0, 55930.0, 56155.0, 56163.0, 56271.0, 56892.0, 56898.0, 56915.0, 57091.0, 57103.0, 57118.0, 57446.0, 57447.0, 57494.0, 57509.0, 57513.0, 57560.0, 57570.0, 57602.0, 57718.0, 57826.0, 58497.0, 58533.0, 59338.0, 63826.0, 63901.0, 64098.0, 64127.0, 64147.0, 64168.0, 64170.0, 64333.0, 64581.0, 64780.0, 64855.0, 64926.0, 65109.0, 65267.0, 65992.0, 66008.0, 79068.0, 79442.0, 79716.0, 79745.0, 79846.0, 79858.0, 79867.0, 79869.0, 79872.0, 79925.0, 80150.0, 80179.0, 80184.0, 80199.0, 80319.0, 80349.0, 80705.0, 81551.0, 81572.0, 81573.0, 81704.0, 81873.0, 83547.0, 83737.0, 83742.0, 83987.0, 84056.0, 84073.0, 84101.0, 84224.0, 84225.0, 84271.0, 84282.0, 84288.0, 84327.0, 84433.0, 84457.0, 84617.0, 84707.0, 84790.0, 84908.0, 84926.0, 84930.0, 84938.0, 85016.0, 85021.0, 85417.0, 85459.0, 89796.0, 89846.0, 90187.0, 90417.0, 90865.0, 91010.0, 92140.0, 92482.0, 92610.0, 96459.0, 112399.0, 112483.0, 112752.0, 113246.0, 113457.0, 114548.0, 115294.0, 116225.0, 116984.0, 120526.0, 121952.0, 122060.0, 122402.0, 123283.0, 123803.0, 123872.0, 125061.0, 126433.0, 126820.0, 127253.0, 127943.0, 129787.0, 130951.0, 133690.0, 138255.0, 138639.0, 143570.0, 146059.0, 147138.0, 150094.0, 150379.0, 151651.0, 151827.0, 152185.0, 158067.0, 158471.0, 160492.0, 161725.0, 164395.0, 170506.0, 196383.0, 197335.0, 199221.0, 200030.0, 200942.0, 201163.0, 201176.0, 201625.0, 203228.0, 220296.0, 221458.0, 221472.0, 221477.0, 246176.0, 252969.0, 255275.0, 255758.0, 282808.0, 282809.0, 283229.0, 283234.0, 283987.0, 284131.0, 284565.0, 285025.0, 285590.0, 286077.0, 286430.0, 340811.0, 359845.0, 375307.0, 375611.0, 387119.0, 388677.0, 391712.0, 399818.0, 402055.0, 404672.0, 406929.0, 407021.0, 440503.0, 440854.0, 643037.0, 645121.0, 645432.0, 653689.0, 727851.0, 729857.0, 768206.0, 100462977.0, 100463488.0, 100507436.0, 102724428.0 
GO:0016021 CC 6.83e-06 363/2260  3536/29107 D03 integral component of membrane           355.0, 358.0, 368.0, 516.0, 533.0, 537.0, 657.0, 942.0, 950.0, 952.0, 955.0, 975.0, 1001.0, 1182.0, 1349.0, 1362.0, 1375.0, 1534.0, 1828.0, 2052.0, 2121.0, 2217.0, 2327.0, 2329.0, 2530.0, 2531.0, 2532.0, 2591.0, 2677.0, 2696.0, 2824.0, 2844.0, 3108.0, 3109.0, 3140.0, 3429.0, 3568.0, 3587.0, 3598.0, 3703.0, 3823.0, 3903.0, 3930.0, 3992.0, 4118.0, 4162.0, 4166.0, 4257.0, 4258.0, 4481.0, 4513.0, 4804.0, 4864.0, 4948.0, 4986.0, 5010.0, 5279.0, 5281.0, 5825.0, 5826.0, 5961.0, 6305.0, 6392.0, 6404.0, 6444.0, 6480.0, 6529.0, 6549.0, 6557.0, 6614.0, 6746.0, 6890.0, 6891.0, 6892.0, 6916.0, 7305.0, 7436.0, 7444.0, 7462.0, 7494.0, 7841.0, 8140.0, 8269.0, 8291.0, 8302.0, 8534.0, 8604.0, 8673.0, 8751.0, 8869.0, 9121.0, 9122.0, 9218.0, 9283.0, 9340.0, 9469.0, 9488.0, 9497.0, 9551.0, 9777.0, 9780.0, 9884.0, 9906.0, 9914.0, 9917.0, 9936.0, 9966.0, 9990.0, 10058.0, 10149.0, 10159.0, 10257.0, 10299.0, 10390.0, 10410.0, 10457.0, 10463.0, 10554.0, 10558.0, 10585.0, 10712.0, 10730.0, 10826.0, 10859.0, 10863.0, 10972.0, 10990.0, 11024.0, 11118.0, 11119.0, 11237.0, 11311.0, 11314.0, 22937.0, 23341.0, 23385.0, 23399.0, 23446.0, 23460.0, 23463.0, 23554.0, 23585.0, 23596.0, 23673.0, 25912.0, 26002.0, 26032.0, 26092.0, 26355.0, 26507.0, 26762.0, 28965.0, 29103.0, 29880.0, 30061.0, 30817.0, 30835.0, 50651.0, 50838.0, 50839.0, 51026.0, 51075.0, 51090.0, 51094.0, 51114.0, 51234.0, 51257.0, 51259.0, 51284.0, 51290.0, 51296.0, 51313.0, 51338.0, 51390.0, 51430.0, 51435.0, 51465.0, 51522.0, 51528.0, 53407.0, 53829.0, 53832.0, 53834.0, 53838.0, 54543.0, 54567.0, 54664.0, 54674.0, 54682.0, 54718.0, 54762.0, 54947.0, 54991.0, 55002.0, 55007.0, 55014.0, 55117.0, 55144.0, 55210.0, 55266.0, 55304.0, 55315.0, 55340.0, 55353.0, 55356.0, 55379.0, 55529.0, 55652.0, 55831.0, 55863.0, 55876.0, 56125.0, 56126.0, 56548.0, 56674.0, 57020.0, 57153.0, 57185.0, 57228.0, 57406.0, 57463.0, 57537.0, 57556.0, 58475.0, 59307.0, 60437.0, 64114.0, 64231.0, 64405.0, 64420.0, 64581.0, 64645.0, 64805.0, 65062.0, 65258.0, 65989.0, 79001.0, 79022.0, 79086.0, 79157.0, 79570.0, 79867.0, 79901.0, 79966.0, 80000.0, 80144.0, 80235.0, 80270.0, 80342.0, 81035.0, 81533.0, 81537.0, 81614.0, 81618.0, 81853.0, 83742.0, 83787.0, 84002.0, 84063.0, 84168.0, 84216.0, 84275.0, 84329.0, 84620.0, 84689.0, 84749.0, 84752.0, 84868.0, 84899.0, 84918.0, 84928.0, 84975.0, 85465.0, 90273.0, 91445.0, 92140.0, 93380.0, 93492.0, 94101.0, 94233.0, 112616.0, 113277.0, 113402.0, 114780.0, 115209.0, 115286.0, 115650.0, 116173.0, 118442.0, 120224.0, 121457.0, 123099.0, 123606.0, 124976.0, 128414.0, 129787.0, 130951.0, 131450.0, 138050.0, 138255.0, 138799.0, 143458.0, 145748.0, 146059.0, 146722.0, 147184.0, 147650.0, 151056.0, 152404.0, 153328.0, 153339.0, 155066.0, 157693.0, 161198.0, 168391.0, 170575.0, 171546.0, 201305.0, 202052.0, 204219.0, 206358.0, 219902.0, 219972.0, 220296.0, 221477.0, 253512.0, 253558.0, 255104.0, 255275.0, 256471.0, 257019.0, 259236.0, 259289.0, 259294.0, 259295.0, 283316.0, 283417.0, 283420.0, 284111.0, 284161.0, 284525.0, 284723.0, 338707.0, 340205.0, 340547.0, 347734.0, 348013.0, 374462.0, 374819.0, 388325.0, 388335.0, 388512.0, 391059.0, 401612.0, 402778.0, 408050.0, 439921.0, 440026.0, 474170.0, 619189.0, 643155.0, 730130.0, 768211.0 
GO:0005886 CC 7.03e-06 452/2260  4487/29107 D03 plasma membrane                          132.0, 136.0, 140.0, 154.0, 221.0, 355.0, 358.0, 368.0, 378.0, 409.0, 482.0, 645.0, 657.0, 695.0, 760.0, 824.0, 834.0, 857.0, 858.0, 889.0, 928.0, 942.0, 944.0, 948.0, 950.0, 952.0, 955.0, 958.0, 963.0, 975.0, 976.0, 1001.0, 1182.0, 1305.0, 1318.0, 1362.0, 1363.0, 1378.0, 1441.0, 1455.0, 1457.0, 1471.0, 1499.0, 1535.0, 1828.0, 1956.0, 2017.0, 2023.0, 2066.0, 2150.0, 2212.0, 2213.0, 2264.0, 2272.0, 2318.0, 2324.0, 2350.0, 2532.0, 2696.0, 2769.0, 2770.0, 2773.0, 2824.0, 2844.0, 2894.0, 2896.0, 2979.0, 3071.0, 3113.0, 3127.0, 3140.0, 3384.0, 3568.0, 3570.0, 3587.0, 3597.0, 3603.0, 3631.0, 3635.0, 3654.0, 3655.0, 3682.0, 3684.0, 3687.0, 3693.0, 3728.0, 3762.0, 3821.0, 3822.0, 3903.0, 3920.0, 4057.0, 4162.0, 4163.0, 4257.0, 4258.0, 4345.0, 4360.0, 4363.0, 4430.0, 4478.0, 4481.0, 4542.0, 4627.0, 4735.0, 4780.0, 4804.0, 4843.0, 4907.0, 4915.0, 4921.0, 4952.0, 4974.0, 4986.0, 5010.0, 5170.0, 5251.0, 5255.0, 5287.0, 5294.0, 5317.0, 5336.0, 5341.0, 5361.0, 5395.0, 5411.0, 5445.0, 5494.0, 5592.0, 5649.0, 5654.0, 5764.0, 5869.0, 5872.0, 5878.0, 5912.0, 6001.0, 6006.0, 6051.0, 6102.0, 6261.0, 6284.0, 6404.0, 6444.0, 6456.0, 6507.0, 6529.0, 6549.0, 6557.0, 6573.0, 6609.0, 6614.0, 6793.0, 6813.0, 6844.0, 6850.0, 7099.0, 7100.0, 7162.0, 7226.0, 7292.0, 7305.0, 7311.0, 7402.0, 7430.0, 7436.0, 7462.0, 7520.0, 8029.0, 8140.0, 8291.0, 8477.0, 8560.0, 8605.0, 8648.0, 8673.0, 8751.0, 8776.0, 8777.0, 8910.0, 8934.0, 9051.0, 9056.0, 9057.0, 9097.0, 9098.0, 9196.0, 9218.0, 9231.0, 9265.0, 9283.0, 9340.0, 9367.0, 9424.0, 9497.0, 9499.0, 9516.0, 9618.0, 9712.0, 9780.0, 9827.0, 9847.0, 9863.0, 9914.0, 9966.0, 9990.0, 10008.0, 10058.0, 10060.0, 10149.0, 10156.0, 10159.0, 10161.0, 10257.0, 10410.0, 10457.0, 10617.0, 10791.0, 10841.0, 10859.0, 10863.0, 10890.0, 10972.0, 10979.0, 10990.0, 11006.0, 11024.0, 11027.0, 11118.0, 11119.0, 11120.0, 11309.0, 11314.0, 23093.0, 23120.0, 23122.0, 23149.0, 23166.0, 23208.0, 23234.0, 23244.0, 23256.0, 23263.0, 23322.0, 23329.0, 23385.0, 23446.0, 23460.0, 23533.0, 23547.0, 23596.0, 23600.0, 23601.0, 23630.0, 23765.0, 23769.0, 24138.0, 25759.0, 25801.0, 25937.0, 25978.0, 26052.0, 26073.0, 26130.0, 26507.0, 27128.0, 27183.0, 27345.0, 28965.0, 28988.0, 29082.0, 29978.0, 29979.0, 29984.0, 30061.0, 30817.0, 30820.0, 30835.0, 30844.0, 50619.0, 50838.0, 50839.0, 50856.0, 51094.0, 51104.0, 51148.0, 51181.0, 51201.0, 51284.0, 51291.0, 51310.0, 51338.0, 51390.0, 51393.0, 51411.0, 51421.0, 51429.0, 51552.0, 51741.0, 53829.0, 53832.0, 53834.0, 53838.0, 53916.0, 54518.0, 54567.0, 54734.0, 54762.0, 54870.0, 54947.0, 55014.0, 55117.0, 55144.0, 55315.0, 55352.0, 55353.0, 55357.0, 55503.0, 55529.0, 55540.0, 55558.0, 55604.0, 55630.0, 55644.0, 55652.0, 55742.0, 55770.0, 55775.0, 55803.0, 55876.0, 56624.0, 56892.0, 57020.0, 57091.0, 57153.0, 57228.0, 57406.0, 57509.0, 57826.0, 58480.0, 59277.0, 59307.0, 59338.0, 60437.0, 63826.0, 64098.0, 64106.0, 64114.0, 64127.0, 64170.0, 64581.0, 64780.0, 64805.0, 64844.0, 64855.0, 66008.0, 79009.0, 79068.0, 79570.0, 79674.0, 79778.0, 79901.0, 80031.0, 80144.0, 80274.0, 80328.0, 80342.0, 81035.0, 81533.0, 81537.0, 81614.0, 81618.0, 81793.0, 83548.0, 83737.0, 83742.0, 83987.0, 84063.0, 84106.0, 84168.0, 84216.0, 84329.0, 84433.0, 84918.0, 84975.0, 85021.0, 85415.0, 85459.0, 90417.0, 91010.0, 93380.0, 93492.0, 94120.0, 94233.0, 113277.0, 115004.0, 115650.0, 115727.0, 115752.0, 116225.0, 116985.0, 117155.0, 118426.0, 118442.0, 118788.0, 121665.0, 123606.0, 123872.0, 124976.0, 128414.0, 128869.0, 130132.0, 131450.0, 134111.0, 138050.0, 138255.0, 138799.0, 139285.0, 143458.0, 144453.0, 146059.0, 146722.0, 149371.0, 151056.0, 152404.0, 162514.0, 199920.0, 201163.0, 203074.0, 206358.0, 221477.0, 246176.0, 258010.0, 259289.0, 259294.0, 259295.0, 282808.0, 284111.0, 284525.0, 285513.0, 340205.0, 342372.0, 353189.0, 375307.0, 399694.0, 402778.0, 445815.0, 729359.0, 729873.0, 768211.0, 100507436.0, 102723859.0 
GO:0005829 CC 7.11e-06 627/2260  5294/29107 D02 cytosol                                  58.0, 132.0, 164.0, 191.0, 199.0, 216.0, 220.0, 221.0, 272.0, 317.0, 353.0, 355.0, 378.0, 393.0, 397.0, 409.0, 443.0, 501.0, 635.0, 645.0, 689.0, 695.0, 760.0, 824.0, 831.0, 834.0, 841.0, 843.0, 883.0, 994.0, 1021.0, 1027.0, 1036.0, 1314.0, 1455.0, 1457.0, 1499.0, 1512.0, 1615.0, 1653.0, 1656.0, 1716.0, 1719.0, 1728.0, 1794.0, 1828.0, 1982.0, 2017.0, 2021.0, 2023.0, 2066.0, 2103.0, 2272.0, 2313.0, 2318.0, 2324.0, 2444.0, 2475.0, 2620.0, 2665.0, 2729.0, 2784.0, 2874.0, 2889.0, 2935.0, 2936.0, 2941.0, 2947.0, 2948.0, 2956.0, 3071.0, 3073.0, 3183.0, 3394.0, 3433.0, 3551.0, 3587.0, 3603.0, 3606.0, 3631.0, 3635.0, 3654.0, 3664.0, 3728.0, 3795.0, 3837.0, 3852.0, 3858.0, 3988.0, 4077.0, 4163.0, 4261.0, 4296.0, 4478.0, 4481.0, 4542.0, 4552.0, 4598.0, 4601.0, 4627.0, 4689.0, 4703.0, 4736.0, 4750.0, 4763.0, 4773.0, 4780.0, 4804.0, 4831.0, 4843.0, 4867.0, 4907.0, 4915.0, 4952.0, 4986.0, 5053.0, 5106.0, 5136.0, 5142.0, 5147.0, 5170.0, 5209.0, 5236.0, 5255.0, 5287.0, 5294.0, 5330.0, 5336.0, 5341.0, 5361.0, 5393.0, 5395.0, 5432.0, 5434.0, 5494.0, 5562.0, 5571.0, 5592.0, 5654.0, 5683.0, 5689.0, 5693.0, 5701.0, 5708.0, 5711.0, 5720.0, 5777.0, 5824.0, 5825.0, 5872.0, 5912.0, 5925.0, 5973.0, 6001.0, 6059.0, 6128.0, 6134.0, 6142.0, 6159.0, 6168.0, 6181.0, 6187.0, 6189.0, 6203.0, 6208.0, 6229.0, 6231.0, 6234.0, 6284.0, 6300.0, 6305.0, 6348.0, 6456.0, 6499.0, 6502.0, 6503.0, 6606.0, 6632.0, 6642.0, 6652.0, 6655.0, 6717.0, 6727.0, 6729.0, 6731.0, 6772.0, 6793.0, 6799.0, 6813.0, 6844.0, 6850.0, 6936.0, 6999.0, 7030.0, 7178.0, 7185.0, 7247.0, 7273.0, 7283.0, 7311.0, 7322.0, 7332.0, 7376.0, 7389.0, 7390.0, 7407.0, 7430.0, 7443.0, 7456.0, 7511.0, 7520.0, 7705.0, 7706.0, 7873.0, 8029.0, 8086.0, 8140.0, 8195.0, 8226.0, 8237.0, 8293.0, 8443.0, 8450.0, 8458.0, 8476.0, 8500.0, 8517.0, 8518.0, 8544.0, 8556.0, 8569.0, 8574.0, 8605.0, 8648.0, 8665.0, 8673.0, 8776.0, 8790.0, 8805.0, 8850.0, 8878.0, 8881.0, 8888.0, 8934.0, 8996.0, 9020.0, 9025.0, 9051.0, 9054.0, 9061.0, 9097.0, 9107.0, 9113.0, 9125.0, 9140.0, 9218.0, 9265.0, 9322.0, 9325.0, 9337.0, 9352.0, 9367.0, 9447.0, 9520.0, 9585.0, 9618.0, 9631.0, 9652.0, 9701.0, 9712.0, 9776.0, 9792.0, 9798.0, 9827.0, 9847.0, 9870.0, 9894.0, 9897.0, 9961.0, 10015.0, 10020.0, 10040.0, 10058.0, 10149.0, 10156.0, 10213.0, 10320.0, 10328.0, 10342.0, 10398.0, 10483.0, 10617.0, 10623.0, 10628.0, 10693.0, 10694.0, 10795.0, 10841.0, 10844.0, 10845.0, 10890.0, 10901.0, 10971.0, 10979.0, 11035.0, 11116.0, 11124.0, 11143.0, 11214.0, 11221.0, 11234.0, 11345.0, 22822.0, 22832.0, 22878.0, 22882.0, 22894.0, 22909.0, 22977.0, 22981.0, 23014.0, 23032.0, 23034.0, 23052.0, 23066.0, 23093.0, 23102.0, 23122.0, 23149.0, 23173.0, 23198.0, 23234.0, 23243.0, 23244.0, 23256.0, 23263.0, 23318.0, 23322.0, 23329.0, 23405.0, 23408.0, 23421.0, 23446.0, 23526.0, 23533.0, 23589.0, 23600.0, 23601.0, 23710.0, 23729.0, 23743.0, 24138.0, 24140.0, 25759.0, 25801.0, 25839.0, 25917.0, 25936.0, 25937.0, 25978.0, 26007.0, 26046.0, 26092.0, 26130.0, 26191.0, 26234.0, 26235.0, 26256.0, 26271.0, 26287.0, 26355.0, 27044.0, 27128.0, 27143.0, 27183.0, 27229.0, 27232.0, 27292.0, 27306.0, 28988.0, 28991.0, 29082.0, 29102.0, 29883.0, 29899.0, 29945.0, 29952.0, 29978.0, 29979.0, 29984.0, 30061.0, 30849.0, 50619.0, 51013.0, 51074.0, 51091.0, 51099.0, 51112.0, 51114.0, 51171.0, 51248.0, 51257.0, 51259.0, 51291.0, 51324.0, 51421.0, 51429.0, 51466.0, 51473.0, 51510.0, 51517.0, 51535.0, 51540.0, 51552.0, 51562.0, 51665.0, 51690.0, 51741.0, 54332.0, 54466.0, 54472.0, 54496.0, 54518.0, 54734.0, 54885.0, 54908.0, 54930.0, 54957.0, 54981.0, 55008.0, 55014.0, 55156.0, 55191.0, 55223.0, 55236.0, 55336.0, 55352.0, 55357.0, 55561.0, 55604.0, 55612.0, 55614.0, 55742.0, 55746.0, 55748.0, 55768.0, 55770.0, 55781.0, 55794.0, 55958.0, 56271.0, 56890.0, 56892.0, 56898.0, 56915.0, 56922.0, 56929.0, 57103.0, 57139.0, 57176.0, 57405.0, 57447.0, 57494.0, 57602.0, 57696.0, 57706.0, 57713.0, 57718.0, 57763.0, 57826.0, 58480.0, 58488.0, 58497.0, 58504.0, 58533.0, 58538.0, 59338.0, 60468.0, 60676.0, 63826.0, 64127.0, 64168.0, 64170.0, 64333.0, 64577.0, 64759.0, 64766.0, 64772.0, 64780.0, 64789.0, 64844.0, 64855.0, 64926.0, 65109.0, 65267.0, 66008.0, 79003.0, 79068.0, 79600.0, 79622.0, 79731.0, 79778.0, 79872.0, 79892.0, 79902.0, 79958.0, 79969.0, 80150.0, 80169.0, 80179.0, 80184.0, 80349.0, 80709.0, 80765.0, 80778.0, 81704.0, 83461.0, 83547.0, 83548.0, 83592.0, 83732.0, 83737.0, 83743.0, 83752.0, 83987.0, 84078.0, 84084.0, 84172.0, 84271.0, 84282.0, 84303.0, 84327.0, 84433.0, 84727.0, 84749.0, 84871.0, 85021.0, 85313.0, 85415.0, 85459.0, 87769.0, 89765.0, 89846.0, 91010.0, 91107.0, 91544.0, 91703.0, 92482.0, 92521.0, 92610.0, 93343.0, 93426.0, 93492.0, 95681.0, 96459.0, 112399.0, 114548.0, 115004.0, 115727.0, 115752.0, 116028.0, 116985.0, 117143.0, 117289.0, 118460.0, 118788.0, 119391.0, 121952.0, 122416.0, 123872.0, 125061.0, 126433.0, 129880.0, 130340.0, 130916.0, 139285.0, 140465.0, 140688.0, 146059.0, 147657.0, 149371.0, 150209.0, 150368.0, 150379.0, 151531.0, 152206.0, 155038.0, 158067.0, 161725.0, 161823.0, 163786.0, 170506.0, 171568.0, 196383.0, 200895.0, 200942.0, 201163.0, 201176.0, 201456.0, 203074.0, 203228.0, 221472.0, 222235.0, 253558.0, 257106.0, 259173.0, 283987.0, 284076.0, 284111.0, 340205.0, 345275.0, 375337.0, 389421.0, 399818.0, 401541.0, 440503.0, 440603.0, 440689.0, 641371.0, 643246.0, 644943.0, 653689.0, 653784.0, 729359.0, 100137049.0, 100287171.0, 100653515.0 
GO:0000139 CC 7.40e-06 77/2260   587/29107 D05 Golgi membrane                           164.0, 857.0, 858.0, 950.0, 955.0, 1182.0, 1314.0, 1956.0, 2475.0, 2530.0, 2591.0, 2773.0, 3113.0, 3127.0, 3140.0, 4166.0, 6456.0, 6480.0, 6892.0, 8534.0, 8869.0, 9265.0, 9469.0, 9516.0, 9827.0, 9914.0, 9917.0, 10058.0, 10841.0, 10890.0, 10972.0, 11237.0, 11311.0, 11345.0, 22937.0, 23155.0, 23256.0, 23460.0, 23673.0, 25839.0, 27128.0, 28988.0, 29984.0, 51026.0, 51114.0, 51125.0, 51201.0, 51284.0, 51313.0, 51435.0, 51552.0, 53407.0, 54734.0, 54947.0, 55454.0, 56548.0, 56624.0, 57511.0, 58480.0, 80342.0, 83452.0, 83548.0, 84002.0, 84620.0, 84752.0, 91949.0, 93380.0, 93492.0, 114548.0, 130340.0, 152007.0, 153339.0, 170575.0, 221477.0, 258010.0, 340485.0, 347734.0 
GO:0010008 CC 7.72e-06 38/2260   227/29107 D06 endosome membrane                        154.0, 533.0, 537.0, 950.0, 1182.0, 1956.0, 2217.0, 3113.0, 3654.0, 4360.0, 4430.0, 4689.0, 4948.0, 6642.0, 7099.0, 7311.0, 8029.0, 10040.0, 10159.0, 11311.0, 23385.0, 23527.0, 25777.0, 27183.0, 29984.0, 51104.0, 51257.0, 51284.0, 51296.0, 51324.0, 51510.0, 55652.0, 64114.0, 84168.0, 93343.0, 118442.0, 124976.0, 155066.0 
GO:0005925 CC 7.86e-06 59/2260   418/29107 D05 focal adhesion                           824.0, 857.0, 858.0, 928.0, 950.0, 975.0, 976.0, 1499.0, 1535.0, 1956.0, 2017.0, 2275.0, 2318.0, 2665.0, 3603.0, 3655.0, 3693.0, 3728.0, 4162.0, 4478.0, 4627.0, 4736.0, 4921.0, 5170.0, 6128.0, 6168.0, 6181.0, 6187.0, 6189.0, 6203.0, 6208.0, 6503.0, 7430.0, 8412.0, 8500.0, 9656.0, 10015.0, 10890.0, 10971.0, 10979.0, 23032.0, 23122.0, 23385.0, 23769.0, 29843.0, 51466.0, 54518.0, 55612.0, 55742.0, 57091.0, 58480.0, 58497.0, 58504.0, 64098.0, 64759.0, 79038.0, 79969.0, 81873.0, 117143.0 
GO:0005634 CC 7.97e-06 584/2260  5367/29107 D05 nucleus                                  132.0, 142.0, 154.0, 191.0, 199.0, 310.0, 326.0, 358.0, 406.0, 409.0, 443.0, 501.0, 515.0, 563.0, 689.0, 695.0, 824.0, 858.0, 861.0, 952.0, 988.0, 994.0, 1021.0, 1025.0, 1027.0, 1198.0, 1455.0, 1457.0, 1499.0, 1535.0, 1653.0, 1656.0, 1663.0, 1716.0, 1789.0, 1956.0, 2018.0, 2021.0, 2023.0, 2066.0, 2073.0, 2103.0, 2272.0, 2275.0, 2313.0, 2444.0, 2475.0, 2553.0, 2770.0, 2872.0, 2874.0, 2947.0, 2956.0, 2962.0, 2967.0, 3006.0, 3087.0, 3146.0, 3183.0, 3298.0, 3299.0, 3394.0, 3397.0, 3551.0, 3631.0, 3654.0, 3664.0, 3669.0, 3728.0, 3837.0, 3852.0, 3858.0, 3930.0, 4004.0, 4057.0, 4094.0, 4117.0, 4162.0, 4163.0, 4175.0, 4191.0, 4257.0, 4286.0, 4478.0, 4601.0, 4603.0, 4627.0, 4735.0, 4736.0, 4750.0, 4763.0, 4773.0, 4780.0, 4831.0, 4843.0, 4952.0, 5081.0, 5136.0, 5142.0, 5160.0, 5170.0, 5317.0, 5356.0, 5393.0, 5395.0, 5432.0, 5434.0, 5445.0, 5469.0, 5494.0, 5562.0, 5571.0, 5683.0, 5689.0, 5693.0, 5701.0, 5708.0, 5777.0, 5883.0, 5925.0, 5929.0, 5932.0, 5980.0, 5981.0, 6001.0, 6046.0, 6047.0, 6097.0, 6117.0, 6128.0, 6134.0, 6168.0, 6187.0, 6189.0, 6203.0, 6229.0, 6284.0, 6300.0, 6499.0, 6502.0, 6596.0, 6605.0, 6606.0, 6632.0, 6660.0, 6667.0, 6672.0, 6727.0, 6729.0, 6772.0, 6850.0, 6880.0, 6886.0, 6920.0, 6936.0, 6938.0, 7030.0, 7073.0, 7178.0, 7247.0, 7268.0, 7283.0, 7311.0, 7322.0, 7332.0, 7376.0, 7443.0, 7444.0, 7494.0, 7520.0, 7539.0, 7553.0, 7564.0, 7581.0, 7589.0, 7633.0, 7652.0, 7694.0, 7695.0, 7705.0, 7711.0, 7733.0, 7745.0, 7873.0, 8086.0, 8089.0, 8125.0, 8161.0, 8195.0, 8237.0, 8263.0, 8270.0, 8293.0, 8361.0, 8363.0, 8365.0, 8366.0, 8438.0, 8449.0, 8464.0, 8517.0, 8518.0, 8544.0, 8554.0, 8555.0, 8569.0, 8648.0, 8798.0, 8805.0, 8850.0, 8880.0, 8888.0, 9025.0, 9054.0, 9070.0, 9097.0, 9113.0, 9125.0, 9158.0, 9325.0, 9337.0, 9352.0, 9354.0, 9373.0, 9401.0, 9425.0, 9440.0, 9520.0, 9572.0, 9585.0, 9586.0, 9612.0, 9618.0, 9652.0, 9656.0, 9701.0, 9785.0, 9792.0, 9801.0, 9831.0, 9841.0, 9863.0, 9878.0, 9894.0, 9913.0, 9960.0, 9961.0, 10128.0, 10179.0, 10209.0, 10213.0, 10215.0, 10229.0, 10320.0, 10336.0, 10363.0, 10463.0, 10473.0, 10474.0, 10513.0, 10617.0, 10620.0, 10628.0, 10713.0, 10732.0, 10773.0, 10793.0, 10795.0, 10855.0, 10901.0, 10979.0, 10983.0, 11011.0, 11035.0, 11091.0, 11101.0, 11116.0, 11124.0, 11143.0, 11186.0, 11214.0, 11221.0, 22797.0, 22822.0, 22832.0, 22882.0, 22909.0, 23066.0, 23093.0, 23099.0, 23198.0, 23234.0, 23244.0, 23394.0, 23405.0, 23408.0, 23421.0, 23533.0, 23567.0, 23660.0, 25842.0, 25937.0, 26007.0, 26073.0, 26092.0, 26097.0, 26112.0, 26147.0, 26150.0, 26152.0, 26191.0, 26206.0, 26256.0, 26260.0, 26271.0, 26287.0, 26747.0, 27044.0, 27183.0, 28970.0, 28991.0, 29082.0, 29102.0, 29843.0, 29883.0, 29894.0, 29945.0, 29969.0, 29978.0, 30812.0, 30844.0, 50619.0, 51091.0, 51096.0, 51112.0, 51131.0, 51142.0, 51149.0, 51163.0, 51181.0, 51193.0, 51290.0, 51351.0, 51426.0, 51427.0, 51465.0, 51510.0, 51530.0, 51634.0, 51690.0, 51710.0, 51741.0, 54108.0, 54332.0, 54496.0, 54502.0, 54514.0, 54700.0, 54815.0, 54816.0, 54828.0, 54870.0, 54881.0, 54908.0, 54969.0, 54998.0, 55070.0, 55100.0, 55110.0, 55124.0, 55170.0, 55236.0, 55249.0, 55272.0, 55323.0, 55325.0, 55336.0, 55352.0, 55596.0, 55636.0, 55644.0, 55693.0, 55713.0, 55719.0, 55742.0, 55768.0, 55775.0, 55781.0, 55783.0, 55786.0, 55900.0, 56163.0, 56242.0, 56271.0, 56890.0, 56892.0, 56948.0, 56986.0, 57103.0, 57118.0, 57336.0, 57405.0, 57447.0, 57509.0, 57541.0, 57547.0, 57570.0, 57593.0, 57602.0, 57615.0, 57645.0, 57713.0, 57721.0, 57763.0, 57798.0, 58155.0, 58490.0, 58497.0, 58504.0, 58533.0, 60436.0, 63901.0, 64375.0, 64518.0, 64766.0, 64789.0, 64844.0, 64848.0, 64855.0, 64900.0, 65109.0, 65251.0, 66008.0, 79003.0, 79068.0, 79230.0, 79364.0, 79622.0, 79673.0, 79716.0, 79745.0, 79776.0, 79800.0, 79813.0, 79858.0, 79869.0, 79892.0, 79943.0, 80011.0, 80095.0, 80150.0, 80169.0, 80184.0, 80231.0, 80319.0, 80349.0, 80726.0, 80778.0, 81931.0, 83448.0, 83640.0, 83742.0, 83743.0, 83744.0, 83752.0, 84056.0, 84078.0, 84084.0, 84101.0, 84215.0, 84225.0, 84271.0, 84436.0, 84450.0, 84498.0, 84527.0, 84617.0, 84671.0, 84707.0, 84749.0, 84790.0, 84807.0, 84838.0, 84874.0, 84914.0, 84930.0, 84950.0, 85313.0, 85417.0, 89765.0, 90333.0, 90338.0, 90417.0, 90529.0, 90865.0, 91107.0, 91156.0, 92140.0, 92285.0, 93134.0, 93492.0, 112399.0, 113835.0, 114548.0, 114971.0, 115004.0, 116448.0, 117143.0, 119392.0, 121053.0, 122402.0, 123283.0, 123803.0, 125061.0, 126375.0, 127396.0, 134111.0, 134510.0, 136051.0, 137682.0, 139735.0, 143570.0, 144811.0, 146050.0, 146059.0, 146198.0, 147657.0, 147687.0, 147947.0, 148156.0, 148206.0, 148266.0, 150094.0, 152006.0, 158431.0, 161725.0, 162655.0, 162962.0, 162993.0, 163115.0, 168544.0, 170506.0, 170959.0, 195828.0, 199692.0, 199777.0, 201163.0, 201973.0, 203228.0, 221472.0, 256309.0, 282890.0, 283417.0, 284058.0, 284323.0, 284370.0, 284390.0, 284695.0, 285237.0, 285267.0, 286430.0, 317781.0, 339488.0, 339500.0, 339778.0, 342357.0, 342892.0, 342908.0, 375307.0, 388523.0, 389493.0, 399818.0, 401541.0, 402055.0, 406929.0, 440603.0, 440689.0, 645121.0, 647309.0, 730051.0, 100129543.0, 100131017.0, 100287226.0, 100293516.0 
GO:0043231 CC 1.11e-05 102/2260   846/29107 D04 intracellular membrane-bounded organelle 164.0, 313.0, 406.0, 645.0, 861.0, 958.0, 1027.0, 1182.0, 1512.0, 1543.0, 1577.0, 2017.0, 2889.0, 2956.0, 2962.0, 3073.0, 3108.0, 3109.0, 3113.0, 3988.0, 3992.0, 4077.0, 4258.0, 4598.0, 5287.0, 5625.0, 5825.0, 5869.0, 5932.0, 6642.0, 6844.0, 6938.0, 8140.0, 8798.0, 8878.0, 8934.0, 9020.0, 9057.0, 9322.0, 9516.0, 9701.0, 9798.0, 10015.0, 10342.0, 10855.0, 22952.0, 23042.0, 23155.0, 23193.0, 23460.0, 23600.0, 23673.0, 26287.0, 26507.0, 27306.0, 29952.0, 30844.0, 30849.0, 51099.0, 51290.0, 51296.0, 51324.0, 51552.0, 53838.0, 54520.0, 54998.0, 55149.0, 55315.0, 55719.0, 55775.0, 55803.0, 57706.0, 57713.0, 64114.0, 79068.0, 79442.0, 79443.0, 79745.0, 79958.0, 80183.0, 80709.0, 83693.0, 83737.0, 90865.0, 91010.0, 91949.0, 92521.0, 93426.0, 116985.0, 118426.0, 121665.0, 130340.0, 139285.0, 171568.0, 203228.0, 252969.0, 257106.0, 284695.0, 399818.0, 440503.0, 643246.0, 100287171.0 
GO:0005769 CC 1.49e-05 42/2260   268/29107 D08 early endosome                           154.0, 1182.0, 2150.0, 2532.0, 2889.0, 3146.0, 4057.0, 4430.0, 4915.0, 4952.0, 5869.0, 5878.0, 6456.0, 6614.0, 7099.0, 8263.0, 8291.0, 8673.0, 8934.0, 9777.0, 9897.0, 10617.0, 23355.0, 23385.0, 27183.0, 28988.0, 29984.0, 30844.0, 51552.0, 54520.0, 55353.0, 55614.0, 57705.0, 65082.0, 66008.0, 81614.0, 83737.0, 84868.0, 93380.0, 123606.0, 150368.0, 100287171.0 
GO:0005856 CC 1.90e-05 56/2260   401/29107 D05 cytoskeleton                             397.0, 841.0, 889.0, 1378.0, 1794.0, 2017.0, 2318.0, 3635.0, 3728.0, 4478.0, 4867.0, 5147.0, 6443.0, 6444.0, 7402.0, 8476.0, 8798.0, 8910.0, 8934.0, 9168.0, 9322.0, 9618.0, 9961.0, 10128.0, 10463.0, 10890.0, 26128.0, 26256.0, 29984.0, 50619.0, 51259.0, 51466.0, 54518.0, 55561.0, 55612.0, 55691.0, 55779.0, 57091.0, 57763.0, 64098.0, 64127.0, 79600.0, 79867.0, 80199.0, 83742.0, 84288.0, 85016.0, 85459.0, 89846.0, 91544.0, 120526.0, 122060.0, 221472.0, 222235.0, 256309.0, 257019.0 
GO:0031410 CC 2.36e-05 44/2260   293/29107 D06 cytoplasmic vesicle                      313.0, 397.0, 409.0, 695.0, 857.0, 858.0, 1182.0, 1360.0, 5147.0, 5170.0, 5872.0, 6102.0, 6507.0, 6844.0, 7456.0, 8291.0, 9097.0, 9712.0, 9914.0, 10463.0, 11345.0, 22822.0, 22878.0, 23046.0, 23769.0, 29978.0, 29979.0, 29984.0, 51257.0, 51421.0, 51429.0, 55357.0, 55630.0, 66008.0, 80183.0, 80319.0, 83737.0, 116985.0, 122416.0, 219972.0, 257106.0, 285180.0, 389075.0, 643246.0 
GO:0030670 CC 2.80e-05 17/2260    72/29107 D07 phagocytic vesicle membrane              533.0, 1535.0, 4952.0, 6890.0, 6891.0, 6892.0, 8673.0, 9140.0, 9367.0, 10890.0, 30849.0, 54734.0, 55529.0, 83547.0, 84329.0, 155066.0, 338382.0 
GO:0005764 CC 5.98e-05 41/2260   276/29107 D07 lysosome                                 154.0, 411.0, 824.0, 1512.0, 2475.0, 2896.0, 3920.0, 3988.0, 4077.0, 4668.0, 4864.0, 4952.0, 5445.0, 6609.0, 6642.0, 7073.0, 7226.0, 9098.0, 9322.0, 9367.0, 10040.0, 10159.0, 10855.0, 23208.0, 25978.0, 27183.0, 51284.0, 51552.0, 54414.0, 54664.0, 54734.0, 55353.0, 65082.0, 79443.0, 81618.0, 83547.0, 126321.0, 153129.0, 201163.0, 203228.0, 338382.0 
GO:0034774 CC 6.73e-05 22/2260   115/29107 D06 secretory granule lumen                  272.0, 317.0, 353.0, 1512.0, 2665.0, 3146.0, 4831.0, 5274.0, 5683.0, 5689.0, 5701.0, 5708.0, 6727.0, 7520.0, 9961.0, 10213.0, 10694.0, 23526.0, 28988.0, 29106.0, 51411.0, 64333.0 
GO:0005813 CC 7.23e-05 67/2260   528/29107 D03 centrosome                               994.0, 1021.0, 1499.0, 1663.0, 2770.0, 2773.0, 3397.0, 4117.0, 4296.0, 4750.0, 4780.0, 5142.0, 5693.0, 7283.0, 8086.0, 8195.0, 8555.0, 8556.0, 8850.0, 8881.0, 9325.0, 9585.0, 9798.0, 10694.0, 10844.0, 11116.0, 22832.0, 22981.0, 23032.0, 23093.0, 23322.0, 27183.0, 27229.0, 29899.0, 54930.0, 54970.0, 56890.0, 57560.0, 60436.0, 79858.0, 79958.0, 80184.0, 80709.0, 83987.0, 84056.0, 84084.0, 84221.0, 84930.0, 85417.0, 85459.0, 93343.0, 95681.0, 115752.0, 152185.0, 152206.0, 163786.0, 171568.0, 196383.0, 201163.0, 255758.0, 282809.0, 283234.0, 285025.0, 387119.0, 441054.0, 653784.0, 100653515.0 
GO:0005776 CC 7.26e-05 16/2260    70/29107 D06 autophagosome                            4077.0, 8878.0, 9140.0, 11345.0, 23710.0, 25989.0, 29978.0, 29979.0, 30849.0, 55014.0, 65082.0, 79443.0, 203228.0, 285180.0, 643246.0, 100287171.0 
GO:0031901 CC 1.09e-04 28/2260   167/29107 D07 early endosome membrane                  857.0, 1182.0, 1956.0, 3140.0, 3631.0, 4915.0, 4952.0, 5869.0, 5878.0, 6642.0, 8630.0, 8673.0, 10058.0, 10410.0, 10457.0, 23673.0, 30844.0, 51552.0, 55614.0, 56674.0, 57537.0, 58533.0, 83737.0, 93380.0, 221472.0, 729873.0, 100137049.0, 100287171.0 
GO:0001931 CC 1.33e-04  6/2260    12/29107 D04 uropod                                   3384.0, 4478.0, 4627.0, 6404.0, 7430.0, 9051.0 
GO:0005770 CC 1.68e-04 24/2260   138/29107 D08 late endosome                            1182.0, 1318.0, 2896.0, 3920.0, 4077.0, 6614.0, 8291.0, 8878.0, 9367.0, 9863.0, 10791.0, 23339.0, 25978.0, 27183.0, 30849.0, 51552.0, 65082.0, 79443.0, 83547.0, 126321.0, 149371.0, 153129.0, 338382.0, 100287171.0 
GO:0005874 CC 1.79e-04 42/2260   298/29107 D06 microtubule                              393.0, 1769.0, 4296.0, 6991.0, 7283.0, 9585.0, 10128.0, 10513.0, 10694.0, 10801.0, 11043.0, 11186.0, 22981.0, 23046.0, 23093.0, 23122.0, 23710.0, 24139.0, 25941.0, 26052.0, 27229.0, 51473.0, 55614.0, 56271.0, 56890.0, 57509.0, 64147.0, 79929.0, 79969.0, 80709.0, 84056.0, 84617.0, 84790.0, 89796.0, 113457.0, 124602.0, 146754.0, 164395.0, 201625.0, 221458.0, 284076.0, 643246.0 
GO:0031514 CC 1.97e-04 19/2260    99/29107 D05 motile cilium                            4117.0, 4867.0, 6652.0, 8195.0, 8751.0, 26256.0, 26762.0, 53340.0, 55779.0, 64064.0, 79819.0, 84288.0, 85016.0, 89765.0, 117155.0, 144406.0, 146754.0, 222235.0, 259289.0 
GO:0005811 CC 3.86e-04 18/2260    96/29107 D05 lipid droplet                            857.0, 3654.0, 4047.0, 5010.0, 5878.0, 6609.0, 8605.0, 23399.0, 51099.0, 54947.0, 55102.0, 63874.0, 80270.0, 150379.0, 345275.0, 440503.0, 497661.0, 729359.0 
GO:0070821 CC 4.19e-04 15/2260    73/29107 D07 tertiary granule membrane                963.0, 1535.0, 3684.0, 3687.0, 3903.0, 5912.0, 7226.0, 8673.0, 10159.0, 11314.0, 23601.0, 51552.0, 57826.0, 138050.0, 258010.0 
GO:0000407 CC 4.25e-04  8/2260    25/29107 D02 phagophore assembly site                 4077.0, 8878.0, 9776.0, 22878.0, 23673.0, 25989.0, 54828.0, 55102.0 
GO:0030667 CC 4.40e-04 18/2260    97/29107 D06 secretory granule membrane               221.0, 952.0, 976.0, 1378.0, 2212.0, 3071.0, 3687.0, 5869.0, 6844.0, 7305.0, 8673.0, 10890.0, 10972.0, 26002.0, 29106.0, 53916.0, 84329.0, 258010.0 
GO:0055087 CC 4.68e-04  3/2260     3/29107 D02 Ski complex                              6499.0, 9652.0, 80349.0 
GO:0031265 CC 4.79e-04  4/2260     6/29107 D05 CD95 death-inducing signaling complex    355.0, 841.0, 843.0, 11124.0 
GO:0000922 CC 4.97e-04 21/2260   122/29107 D02 spindle pole                             994.0, 1499.0, 1663.0, 7178.0, 8086.0, 8517.0, 8555.0, 8556.0, 9113.0, 10844.0, 11186.0, 27183.0, 27229.0, 54908.0, 56271.0, 84056.0, 90417.0, 123872.0, 255758.0, 282809.0, 644943.0 
GO:0072546 CC 5.08e-04  5/2260    10/29107 D03 EMC complex                              10328.0, 51016.0, 51234.0, 55831.0, 93380.0 
GO:0035579 CC 5.79e-04 17/2260    91/29107 D07 specific granule membrane                221.0, 948.0, 963.0, 1535.0, 3684.0, 3903.0, 5912.0, 6793.0, 7226.0, 8560.0, 8673.0, 23601.0, 57153.0, 64114.0, 84329.0, 138050.0, 353189.0 
GO:0000502 CC 6.19e-04 12/2260    53/29107 D05 proteasome complex                       5683.0, 5689.0, 5693.0, 5701.0, 5708.0, 5711.0, 5720.0, 9097.0, 9352.0, 10213.0, 29979.0, 80227.0 
GO:0005929 CC 6.19e-04 31/2260   210/29107 D04 cilium                                   857.0, 2121.0, 4117.0, 4867.0, 5147.0, 6102.0, 10694.0, 10890.0, 23093.0, 23288.0, 23322.0, 23329.0, 51259.0, 51473.0, 53340.0, 55259.0, 55764.0, 57560.0, 64106.0, 93233.0, 95681.0, 112752.0, 115948.0, 124602.0, 164395.0, 164781.0, 196383.0, 201163.0, 201625.0, 284076.0, 100653515.0 
GO:0048471 CC 6.34e-04 81/2260   713/29107 D02 perinuclear region of cytoplasm          164.0, 199.0, 695.0, 857.0, 858.0, 988.0, 1499.0, 1656.0, 1956.0, 2591.0, 3625.0, 4430.0, 4478.0, 4735.0, 4831.0, 4843.0, 4864.0, 4915.0, 5142.0, 5251.0, 5336.0, 5764.0, 6284.0, 6305.0, 6456.0, 6507.0, 6772.0, 6844.0, 7099.0, 7430.0, 7873.0, 8125.0, 8673.0, 8934.0, 9051.0, 9107.0, 9218.0, 9322.0, 9585.0, 9618.0, 9863.0, 9914.0, 9961.0, 10128.0, 10410.0, 10483.0, 10791.0, 10801.0, 10890.0, 11011.0, 11116.0, 11124.0, 11214.0, 23032.0, 23208.0, 23405.0, 23769.0, 25924.0, 26052.0, 26191.0, 26234.0, 27183.0, 29979.0, 30844.0, 50619.0, 51112.0, 51552.0, 53916.0, 54472.0, 54514.0, 54922.0, 57447.0, 64848.0, 65082.0, 81573.0, 81618.0, 85415.0, 92140.0, 149371.0, 253190.0, 284161.0 
GO:0000177 CC 8.72e-04  5/2260    11/29107 D05 cytoplasmic exosome (RNase complex)      5393.0, 22894.0, 56915.0, 115752.0, 118460.0 
GO:0000178 CC 8.82e-04  6/2260    16/29107 D04 exosome (RNase complex)                  5393.0, 22894.0, 51013.0, 56915.0, 115752.0, 118460.0 
GO:0000124 CC 1.01e-03  7/2260    22/29107 D08 SAGA complex                             6880.0, 8464.0, 8850.0, 9913.0, 10474.0, 23326.0, 117143.0 
GO:0032991 CC 1.02e-03 73/2260   643/29107 D01 protein-containing complex               142.0, 317.0, 834.0, 841.0, 857.0, 858.0, 928.0, 1291.0, 1373.0, 1499.0, 1956.0, 2073.0, 2962.0, 3183.0, 3654.0, 4057.0, 4286.0, 4627.0, 5764.0, 5777.0, 5824.0, 5950.0, 6134.0, 6605.0, 6642.0, 6772.0, 6850.0, 7322.0, 7402.0, 7430.0, 7444.0, 7520.0, 8293.0, 8361.0, 8363.0, 8365.0, 8366.0, 8438.0, 8517.0, 8648.0, 8850.0, 9125.0, 9325.0, 9802.0, 9827.0, 9863.0, 10320.0, 10410.0, 10971.0, 11035.0, 22937.0, 25842.0, 26747.0, 29899.0, 29979.0, 51026.0, 54472.0, 54922.0, 57763.0, 58538.0, 64127.0, 64170.0, 64375.0, 80184.0, 80741.0, 83547.0, 83737.0, 83743.0, 84106.0, 84952.0, 92960.0, 93974.0, 389362.0 
GO:0045335 CC 1.11e-03 13/2260    64/29107 D08 phagocytic vesicle                       948.0, 1182.0, 2475.0, 3693.0, 9367.0, 23208.0, 23673.0, 51552.0, 54734.0, 64127.0, 219972.0, 338382.0, 388325.0 
GO:0005768 CC 1.35e-03 39/2260   295/29107 D07 endosome                                 154.0, 409.0, 857.0, 1027.0, 1535.0, 1956.0, 2264.0, 2896.0, 4804.0, 5869.0, 5872.0, 5878.0, 6503.0, 6609.0, 6642.0, 7430.0, 8291.0, 9897.0, 10040.0, 10058.0, 10617.0, 10890.0, 25978.0, 26130.0, 27183.0, 29082.0, 51284.0, 53916.0, 54664.0, 55353.0, 55614.0, 57020.0, 58533.0, 79038.0, 83452.0, 118442.0, 203228.0, 254102.0, 282808.0 
GO:0000176 CC 1.40e-03  5/2260    12/29107 D05 nuclear exosome (RNase complex)          5393.0, 22894.0, 51013.0, 56915.0, 118460.0 
GO:0036064 CC 1.46e-03 24/2260   158/29107 D03 ciliary basal body                       2121.0, 6102.0, 7283.0, 7430.0, 9231.0, 23322.0, 23329.0, 55764.0, 57560.0, 80184.0, 83547.0, 84871.0, 95681.0, 115948.0, 118491.0, 129880.0, 164395.0, 196383.0, 199221.0, 220004.0, 246176.0, 282809.0, 284076.0, 643037.0 
GO:0016604 CC 1.55e-03 41/2260   321/29107 D02 nuclear body                             142.0, 326.0, 355.0, 2313.0, 2872.0, 4077.0, 6047.0, 6097.0, 6102.0, 6305.0, 6493.0, 6606.0, 6672.0, 7706.0, 8161.0, 8263.0, 8270.0, 8556.0, 9325.0, 9443.0, 9572.0, 9612.0, 9656.0, 9894.0, 10039.0, 10730.0, 25937.0, 28970.0, 29883.0, 51426.0, 54472.0, 54971.0, 55596.0, 57128.0, 57713.0, 64375.0, 79813.0, 92140.0, 139285.0, 143570.0, 399818.0 
GO:0005524 MF 3.54e-06 178/2260  1458/29107 D08 ATP binding                              58.0, 132.0, 317.0, 368.0, 537.0, 657.0, 695.0, 861.0, 1021.0, 1025.0, 1182.0, 1198.0, 1373.0, 1455.0, 1457.0, 1615.0, 1653.0, 1656.0, 1663.0, 1716.0, 1769.0, 1956.0, 2066.0, 2264.0, 2324.0, 2444.0, 2475.0, 2729.0, 2872.0, 2956.0, 3551.0, 3654.0, 3795.0, 4117.0, 4175.0, 4261.0, 4296.0, 4363.0, 4430.0, 4542.0, 4598.0, 4627.0, 4671.0, 4750.0, 4831.0, 4915.0, 4921.0, 5170.0, 5209.0, 5287.0, 5294.0, 5395.0, 5562.0, 5571.0, 5592.0, 5701.0, 5825.0, 5826.0, 5973.0, 5981.0, 6059.0, 6261.0, 6300.0, 6499.0, 6596.0, 6793.0, 6850.0, 6890.0, 6891.0, 7273.0, 7322.0, 7332.0, 7407.0, 7443.0, 7444.0, 7520.0, 8195.0, 8438.0, 8449.0, 8458.0, 8476.0, 8569.0, 8798.0, 9020.0, 9061.0, 9113.0, 9401.0, 9585.0, 9785.0, 9914.0, 9917.0, 10020.0, 10058.0, 10060.0, 10257.0, 10693.0, 10694.0, 10730.0, 10845.0, 11011.0, 11035.0, 23046.0, 23078.0, 23093.0, 23120.0, 23405.0, 23460.0, 23729.0, 25778.0, 25989.0, 26007.0, 27183.0, 30844.0, 30849.0, 50808.0, 51079.0, 51465.0, 54514.0, 54981.0, 54986.0, 55149.0, 55191.0, 55210.0, 55236.0, 55278.0, 55561.0, 55614.0, 55636.0, 55781.0, 55794.0, 55871.0, 55930.0, 56155.0, 56922.0, 57062.0, 57118.0, 57176.0, 57494.0, 57505.0, 57696.0, 57697.0, 63826.0, 64127.0, 64147.0, 64848.0, 65267.0, 79009.0, 79731.0, 79858.0, 80179.0, 80222.0, 81618.0, 83732.0, 83752.0, 84056.0, 84930.0, 91461.0, 114548.0, 115004.0, 122402.0, 123283.0, 124454.0, 124602.0, 134111.0, 146754.0, 150094.0, 158067.0, 164395.0, 170506.0, 201625.0, 219293.0, 221458.0, 283459.0, 284076.0, 317781.0, 548596.0, 653857.0, 102724428.0 
GO:0016491 MF 4.30e-06 24/2260   112/29107 D02 oxidoreductase activity                  1534.0, 1543.0, 1577.0, 1757.0, 2110.0, 2232.0, 3992.0, 4552.0, 4843.0, 8630.0, 9403.0, 10826.0, 51741.0, 56605.0, 56948.0, 79901.0, 79966.0, 81577.0, 83592.0, 115817.0, 119391.0, 150209.0, 285362.0, 317749.0 
GO:0046872 MF 5.10e-06 270/2260  2297/29107 D04 metal ion binding                        132.0, 272.0, 411.0, 443.0, 657.0, 695.0, 1297.0, 1301.0, 1534.0, 1535.0, 1663.0, 1789.0, 2021.0, 2073.0, 2110.0, 2275.0, 2769.0, 2773.0, 2872.0, 2967.0, 3263.0, 3655.0, 3669.0, 3682.0, 3684.0, 3687.0, 3703.0, 4004.0, 4117.0, 4242.0, 4512.0, 4671.0, 4750.0, 4831.0, 4843.0, 4907.0, 5136.0, 5142.0, 5445.0, 5562.0, 5649.0, 5980.0, 6117.0, 6168.0, 6392.0, 6507.0, 6529.0, 6667.0, 6890.0, 6891.0, 6999.0, 7305.0, 7553.0, 7564.0, 7581.0, 7589.0, 7633.0, 7652.0, 7694.0, 7695.0, 7706.0, 7711.0, 7733.0, 7745.0, 8226.0, 8233.0, 8438.0, 8517.0, 8544.0, 8569.0, 8751.0, 8798.0, 8819.0, 9054.0, 9070.0, 9337.0, 9586.0, 9767.0, 9831.0, 9841.0, 9914.0, 9917.0, 10020.0, 10156.0, 10213.0, 10229.0, 10320.0, 10336.0, 10390.0, 10585.0, 10617.0, 10730.0, 10773.0, 10793.0, 10795.0, 10863.0, 11173.0, 11214.0, 22882.0, 23052.0, 23099.0, 23173.0, 23355.0, 23405.0, 23526.0, 23527.0, 23536.0, 25961.0, 26007.0, 26147.0, 26152.0, 26271.0, 26515.0, 26747.0, 29083.0, 29102.0, 29803.0, 29883.0, 30835.0, 50862.0, 51020.0, 51094.0, 51131.0, 51163.0, 51193.0, 51291.0, 51317.0, 51364.0, 51426.0, 51427.0, 51692.0, 51710.0, 51780.0, 54816.0, 54981.0, 55124.0, 55156.0, 55454.0, 55503.0, 55644.0, 55693.0, 55713.0, 55748.0, 55768.0, 55781.0, 55786.0, 55803.0, 55900.0, 56163.0, 56242.0, 56922.0, 56931.0, 56953.0, 57336.0, 57494.0, 57541.0, 57547.0, 57593.0, 57615.0, 58480.0, 58497.0, 64170.0, 64581.0, 64780.0, 64789.0, 65251.0, 79038.0, 79230.0, 79364.0, 79443.0, 79673.0, 79696.0, 79778.0, 79858.0, 79872.0, 79901.0, 79943.0, 80095.0, 80144.0, 80778.0, 81035.0, 83444.0, 83732.0, 83744.0, 84168.0, 84172.0, 84215.0, 84225.0, 84282.0, 84327.0, 84436.0, 84450.0, 84527.0, 84671.0, 84693.0, 84838.0, 84868.0, 84874.0, 84914.0, 85465.0, 89846.0, 90333.0, 90338.0, 91445.0, 91703.0, 92285.0, 93134.0, 113835.0, 115004.0, 115209.0, 116225.0, 116984.0, 116985.0, 126375.0, 127396.0, 133923.0, 136051.0, 137872.0, 139735.0, 146050.0, 146198.0, 147657.0, 147687.0, 147947.0, 148156.0, 148206.0, 148266.0, 148811.0, 150209.0, 152006.0, 153129.0, 158431.0, 158471.0, 161823.0, 162655.0, 162962.0, 162993.0, 163115.0, 168391.0, 168544.0, 170959.0, 195828.0, 199221.0, 199692.0, 199777.0, 221472.0, 254295.0, 282890.0, 284106.0, 284161.0, 284323.0, 284370.0, 284390.0, 284695.0, 285180.0, 285267.0, 285498.0, 339500.0, 340485.0, 342357.0, 342892.0, 342908.0, 388512.0, 388523.0, 391059.0, 730051.0, 100129543.0, 100131017.0, 100287226.0, 100293516.0 
GO:0042802 MF 5.85e-06 166/2260  1494/29107 D03 identical protein binding                142.0, 154.0, 191.0, 317.0, 326.0, 355.0, 358.0, 409.0, 443.0, 590.0, 695.0, 834.0, 841.0, 857.0, 952.0, 963.0, 1198.0, 1415.0, 1457.0, 1471.0, 1728.0, 1956.0, 2272.0, 2277.0, 2475.0, 2660.0, 2941.0, 2947.0, 3183.0, 3298.0, 3299.0, 3397.0, 3429.0, 3551.0, 3654.0, 4094.0, 4175.0, 4257.0, 4258.0, 4296.0, 4598.0, 4627.0, 4831.0, 5010.0, 5294.0, 5445.0, 5635.0, 5654.0, 5925.0, 5932.0, 5973.0, 6047.0, 6348.0, 6456.0, 6502.0, 6529.0, 6606.0, 6642.0, 6652.0, 6667.0, 6672.0, 6772.0, 6793.0, 6844.0, 6999.0, 7038.0, 7099.0, 7185.0, 7247.0, 7273.0, 7283.0, 7305.0, 7430.0, 7494.0, 8161.0, 8192.0, 8233.0, 8476.0, 8517.0, 8604.0, 8665.0, 8878.0, 8996.0, 9025.0, 9051.0, 9322.0, 9447.0, 9618.0, 9802.0, 9961.0, 10215.0, 10342.0, 10363.0, 10367.0, 10901.0, 10971.0, 11011.0, 11035.0, 22882.0, 22977.0, 23208.0, 25777.0, 26747.0, 27232.0, 29082.0, 29899.0, 29978.0, 29979.0, 51074.0, 51075.0, 51094.0, 51148.0, 51171.0, 51181.0, 51429.0, 51538.0, 51562.0, 53834.0, 54887.0, 55007.0, 55149.0, 55223.0, 55503.0, 56128.0, 58490.0, 63826.0, 63923.0, 64147.0, 64168.0, 64856.0, 64926.0, 65989.0, 79872.0, 79901.0, 80184.0, 80274.0, 80741.0, 81793.0, 81853.0, 84056.0, 84063.0, 84282.0, 84329.0, 84680.0, 90187.0, 91703.0, 93974.0, 112483.0, 114548.0, 114904.0, 118442.0, 118788.0, 119391.0, 126375.0, 130951.0, 146722.0, 151531.0, 196383.0, 259173.0, 283219.0, 285148.0, 285362.0, 339488.0, 375611.0, 388512.0, 440503.0 
GO:0005515 MF 9.37e-06 1398/2260 12417/29107 D02 protein binding                          2.0, 58.0, 136.0, 142.0, 154.0, 164.0, 191.0, 199.0, 212.0, 216.0, 221.0, 272.0, 291.0, 310.0, 313.0, 317.0, 326.0, 341.0, 353.0, 355.0, 358.0, 378.0, 393.0, 397.0, 406.0, 409.0, 443.0, 482.0, 501.0, 515.0, 516.0, 533.0, 537.0, 563.0, 590.0, 645.0, 655.0, 657.0, 689.0, 695.0, 710.0, 760.0, 767.0, 824.0, 831.0, 834.0, 841.0, 843.0, 857.0, 858.0, 861.0, 883.0, 889.0, 928.0, 942.0, 944.0, 948.0, 950.0, 958.0, 963.0, 975.0, 976.0, 988.0, 994.0, 1021.0, 1025.0, 1027.0, 1039.0, 1073.0, 1102.0, 1182.0, 1198.0, 1297.0, 1305.0, 1314.0, 1318.0, 1349.0, 1360.0, 1363.0, 1373.0, 1375.0, 1378.0, 1415.0, 1427.0, 1441.0, 1455.0, 1457.0, 1471.0, 1499.0, 1512.0, 1534.0, 1535.0, 1543.0, 1577.0, 1615.0, 1653.0, 1656.0, 1663.0, 1717.0, 1728.0, 1789.0, 1794.0, 1828.0, 1892.0, 1953.0, 1956.0, 1982.0, 2017.0, 2018.0, 2021.0, 2023.0, 2052.0, 2066.0, 2073.0, 2110.0, 2150.0, 2212.0, 2213.0, 2217.0, 2235.0, 2264.0, 2267.0, 2272.0, 2275.0, 2277.0, 2313.0, 2318.0, 2324.0, 2329.0, 2444.0, 2475.0, 2483.0, 2530.0, 2531.0, 2553.0, 2660.0, 2665.0, 2696.0, 2729.0, 2770.0, 2773.0, 2784.0, 2872.0, 2874.0, 2889.0, 2896.0, 2926.0, 2935.0, 2941.0, 2947.0, 2948.0, 2956.0, 2958.0, 2962.0, 2967.0, 2979.0, 3006.0, 3071.0, 3073.0, 3087.0, 3108.0, 3109.0, 3140.0, 3146.0, 3183.0, 3263.0, 3298.0, 3394.0, 3397.0, 3429.0, 3433.0, 3440.0, 3551.0, 3568.0, 3570.0, 3587.0, 3597.0, 3598.0, 3606.0, 3625.0, 3631.0, 3635.0, 3654.0, 3655.0, 3664.0, 3684.0, 3687.0, 3693.0, 3703.0, 3728.0, 3762.0, 3795.0, 3821.0, 3822.0, 3837.0, 3852.0, 3858.0, 3903.0, 3920.0, 3930.0, 4004.0, 4013.0, 4047.0, 4057.0, 4077.0, 4094.0, 4117.0, 4118.0, 4163.0, 4175.0, 4257.0, 4258.0, 4261.0, 4286.0, 4296.0, 4345.0, 4360.0, 4430.0, 4478.0, 4481.0, 4485.0, 4512.0, 4513.0, 4535.0, 4537.0, 4542.0, 4552.0, 4598.0, 4601.0, 4627.0, 4671.0, 4689.0, 4693.0, 4703.0, 4711.0, 4735.0, 4736.0, 4750.0, 4763.0, 4773.0, 4780.0, 4804.0, 4815.0, 4831.0, 4843.0, 4864.0, 4867.0, 4907.0, 4915.0, 4921.0, 4948.0, 4952.0, 4986.0, 5010.0, 5106.0, 5147.0, 5160.0, 5170.0, 5209.0, 5236.0, 5251.0, 5279.0, 5281.0, 5287.0, 5294.0, 5317.0, 5330.0, 5336.0, 5341.0, 5356.0, 5393.0, 5395.0, 5411.0, 5432.0, 5434.0, 5469.0, 5494.0, 5504.0, 5523.0, 5562.0, 5571.0, 5592.0, 5630.0, 5635.0, 5646.0, 5654.0, 5683.0, 5689.0, 5693.0, 5701.0, 5708.0, 5711.0, 5720.0, 5764.0, 5777.0, 5824.0, 5825.0, 5826.0, 5834.0, 5869.0, 5872.0, 5878.0, 5883.0, 5912.0, 5919.0, 5925.0, 5929.0, 5932.0, 5950.0, 5961.0, 5973.0, 5980.0, 5981.0, 5995.0, 6001.0, 6046.0, 6047.0, 6059.0, 6097.0, 6102.0, 6117.0, 6119.0, 6128.0, 6134.0, 6142.0, 6150.0, 6168.0, 6181.0, 6187.0, 6189.0, 6203.0, 6208.0, 6231.0, 6234.0, 6284.0, 6300.0, 6302.0, 6341.0, 6348.0, 6389.0, 6392.0, 6404.0, 6443.0, 6456.0, 6480.0, 6499.0, 6502.0, 6503.0, 6507.0, 6529.0, 6596.0, 6605.0, 6606.0, 6609.0, 6632.0, 6642.0, 6655.0, 6660.0, 6667.0, 6672.0, 6717.0, 6727.0, 6729.0, 6731.0, 6746.0, 6772.0, 6793.0, 6799.0, 6813.0, 6838.0, 6844.0, 6850.0, 6880.0, 6882.0, 6886.0, 6890.0, 6891.0, 6892.0, 6920.0, 6936.0, 6938.0, 6991.0, 6999.0, 7030.0, 7038.0, 7060.0, 7099.0, 7100.0, 7107.0, 7178.0, 7185.0, 7247.0, 7268.0, 7273.0, 7283.0, 7292.0, 7305.0, 7311.0, 7322.0, 7332.0, 7376.0, 7389.0, 7402.0, 7407.0, 7430.0, 7436.0, 7443.0, 7444.0, 7456.0, 7462.0, 7494.0, 7520.0, 7564.0, 7589.0, 7633.0, 7694.0, 7695.0, 7705.0, 7706.0, 7711.0, 7733.0, 7745.0, 7818.0, 7873.0, 7918.0, 8029.0, 8086.0, 8089.0, 8125.0, 8140.0, 8161.0, 8192.0, 8195.0, 8226.0, 8233.0, 8237.0, 8263.0, 8269.0, 8270.0, 8291.0, 8293.0, 8361.0, 8363.0, 8365.0, 8366.0, 8412.0, 8438.0, 8449.0, 8450.0, 8458.0, 8476.0, 8500.0, 8517.0, 8518.0, 8534.0, 8544.0, 8546.0, 8554.0, 8555.0, 8556.0, 8560.0, 8569.0, 8574.0, 8604.0, 8605.0, 8648.0, 8665.0, 8673.0, 8751.0, 8777.0, 8798.0, 8805.0, 8818.0, 8819.0, 8850.0, 8857.0, 8878.0, 8880.0, 8881.0, 8888.0, 8934.0, 8996.0, 9020.0, 9025.0, 9051.0, 9054.0, 9057.0, 9070.0, 9097.0, 9098.0, 9107.0, 9113.0, 9121.0, 9125.0, 9140.0, 9168.0, 9196.0, 9200.0, 9202.0, 9218.0, 9231.0, 9265.0, 9283.0, 9322.0, 9325.0, 9337.0, 9354.0, 9367.0, 9373.0, 9401.0, 9403.0, 9419.0, 9425.0, 9440.0, 9443.0, 9447.0, 9497.0, 9499.0, 9516.0, 9547.0, 9562.0, 9572.0, 9585.0, 9586.0, 9612.0, 9618.0, 9631.0, 9652.0, 9656.0, 9695.0, 9701.0, 9767.0, 9776.0, 9777.0, 9780.0, 9785.0, 9792.0, 9798.0, 9801.0, 9802.0, 9827.0, 9831.0, 9841.0, 9863.0, 9870.0, 9878.0, 9894.0, 9897.0, 9906.0, 9913.0, 9914.0, 9917.0, 9936.0, 9961.0, 9966.0, 10008.0, 10015.0, 10020.0, 10039.0, 10040.0, 10102.0, 10128.0, 10159.0, 10161.0, 10179.0, 10209.0, 10213.0, 10215.0, 10229.0, 10257.0, 10299.0, 10320.0, 10328.0, 10336.0, 10342.0, 10363.0, 10367.0, 10390.0, 10406.0, 10410.0, 10439.0, 10457.0, 10473.0, 10474.0, 10483.0, 10513.0, 10554.0, 10557.0, 10558.0, 10608.0, 10617.0, 10620.0, 10623.0, 10628.0, 10694.0, 10712.0, 10713.0, 10730.0, 10741.0, 10773.0, 10791.0, 10793.0, 10801.0, 10826.0, 10841.0, 10844.0, 10845.0, 10855.0, 10859.0, 10863.0, 10890.0, 10971.0, 10972.0, 10979.0, 10983.0, 11006.0, 11011.0, 11035.0, 11091.0, 11101.0, 11116.0, 11118.0, 11119.0, 11124.0, 11143.0, 11147.0, 11173.0, 11186.0, 11197.0, 11214.0, 11221.0, 11234.0, 11237.0, 11272.0, 11311.0, 11314.0, 11341.0, 11345.0, 22797.0, 22822.0, 22832.0, 22845.0, 22878.0, 22882.0, 22894.0, 22909.0, 22915.0, 22937.0, 22977.0, 22981.0, 23032.0, 23034.0, 23052.0, 23066.0, 23078.0, 23099.0, 23102.0, 23120.0, 23122.0, 23127.0, 23149.0, 23155.0, 23166.0, 23173.0, 23193.0, 23198.0, 23199.0, 23208.0, 23234.0, 23241.0, 23243.0, 23244.0, 23256.0, 23288.0, 23318.0, 23322.0, 23326.0, 23336.0, 23339.0, 23355.0, 23385.0, 23394.0, 23399.0, 23405.0, 23421.0, 23463.0, 23506.0, 23526.0, 23547.0, 23554.0, 23567.0, 23585.0, 23589.0, 23593.0, 23596.0, 23630.0, 23660.0, 23673.0, 23710.0, 23765.0, 24138.0, 24139.0, 24140.0, 25759.0, 25771.0, 25777.0, 25801.0, 25827.0, 25839.0, 25842.0, 25885.0, 25913.0, 25917.0, 25924.0, 25936.0, 25937.0, 25941.0, 25943.0, 25972.0, 25978.0, 25989.0, 26002.0, 26007.0, 26046.0, 26052.0, 26071.0, 26073.0, 26092.0, 26094.0, 26097.0, 26128.0, 26147.0, 26150.0, 26152.0, 26191.0, 26206.0, 26234.0, 26235.0, 26271.0, 26287.0, 26355.0, 26507.0, 26515.0, 26517.0, 26585.0, 26747.0, 27044.0, 27128.0, 27143.0, 27183.0, 27229.0, 27232.0, 27248.0, 27287.0, 27291.0, 27306.0, 27345.0, 28970.0, 28972.0, 28988.0, 28990.0, 28991.0, 29082.0, 29083.0, 29102.0, 29103.0, 29106.0, 29843.0, 29883.0, 29894.0, 29899.0, 29919.0, 29925.0, 29945.0, 29969.0, 29978.0, 29979.0, 30061.0, 30817.0, 30820.0, 30835.0, 30844.0, 30849.0, 50619.0, 50808.0, 50839.0, 50862.0, 51013.0, 51016.0, 51020.0, 51026.0, 51074.0, 51075.0, 51079.0, 51090.0, 51091.0, 51094.0, 51099.0, 51112.0, 51114.0, 51125.0, 51131.0, 51142.0, 51148.0, 51149.0, 51171.0, 51181.0, 51193.0, 51234.0, 51248.0, 51257.0, 51259.0, 51284.0, 51290.0, 51291.0, 51296.0, 51310.0, 51317.0, 51324.0, 51338.0, 51364.0, 51367.0, 51390.0, 51397.0, 51400.0, 51411.0, 51421.0, 51427.0, 51429.0, 51435.0, 51465.0, 51466.0, 51473.0, 51510.0, 51517.0, 51522.0, 51530.0, 51535.0, 51538.0, 51540.0, 51552.0, 51562.0, 51616.0, 51631.0, 51634.0, 51657.0, 51660.0, 51665.0, 51690.0, 51692.0, 51741.0, 51778.0, 53340.0, 53407.0, 53829.0, 53832.0, 53838.0, 53916.0, 53938.0, 54103.0, 54108.0, 54332.0, 54466.0, 54472.0, 54491.0, 54496.0, 54502.0, 54518.0, 54520.0, 54543.0, 54567.0, 54664.0, 54682.0, 54734.0, 54762.0, 54800.0, 54815.0, 54828.0, 54865.0, 54870.0, 54881.0, 54885.0, 54887.0, 54908.0, 54922.0, 54930.0, 54947.0, 54957.0, 54969.0, 54971.0, 54981.0, 54998.0, 55007.0, 55014.0, 55070.0, 55110.0, 55117.0, 55124.0, 55130.0, 55138.0, 55144.0, 55149.0, 55156.0, 55170.0, 55171.0, 55191.0, 55210.0, 55222.0, 55223.0, 55236.0, 55248.0, 55249.0, 55255.0, 55259.0, 55266.0, 55272.0, 55278.0, 55280.0, 55304.0, 55315.0, 55323.0, 55325.0, 55336.0, 55340.0, 55352.0, 55353.0, 55357.0, 55379.0, 55454.0, 55503.0, 55529.0, 55540.0, 55558.0, 55561.0, 55596.0, 55604.0, 55608.0, 55636.0, 55644.0, 55652.0, 55693.0, 55713.0, 55719.0, 55742.0, 55746.0, 55764.0, 55768.0, 55770.0, 55775.0, 55779.0, 55781.0, 55786.0, 55803.0, 55805.0, 55831.0, 55863.0, 55871.0, 55900.0, 55917.0, 56124.0, 56155.0, 56271.0, 56605.0, 56674.0, 56890.0, 56892.0, 56898.0, 56915.0, 56922.0, 56929.0, 56931.0, 56942.0, 56952.0, 57020.0, 57103.0, 57128.0, 57139.0, 57176.0, 57185.0, 57228.0, 57405.0, 57406.0, 57447.0, 57463.0, 57505.0, 57511.0, 57541.0, 57544.0, 57547.0, 57556.0, 57602.0, 57645.0, 57654.0, 57696.0, 57697.0, 57713.0, 57718.0, 57721.0, 57763.0, 57826.0, 58475.0, 58480.0, 58488.0, 58490.0, 58497.0, 58504.0, 58533.0, 58538.0, 59277.0, 59307.0, 59338.0, 60437.0, 60468.0, 60481.0, 60484.0, 63826.0, 63874.0, 63901.0, 63908.0, 64098.0, 64106.0, 64114.0, 64127.0, 64147.0, 64168.0, 64170.0, 64231.0, 64333.0, 64375.0, 64518.0, 64581.0, 64714.0, 64759.0, 64766.0, 64780.0, 64785.0, 64798.0, 64834.0, 64844.0, 64848.0, 64855.0, 64926.0, 64963.0, 64965.0, 64978.0, 65062.0, 65082.0, 65109.0, 65251.0, 65258.0, 65267.0, 65992.0, 66008.0, 79001.0, 79003.0, 79022.0, 79038.0, 79157.0, 79269.0, 79364.0, 79443.0, 79622.0, 79673.0, 79674.0, 79685.0, 79696.0, 79745.0, 79778.0, 79800.0, 79813.0, 79839.0, 79858.0, 79869.0, 79872.0, 79892.0, 79901.0, 79902.0, 79943.0, 79958.0, 79979.0, 80011.0, 80169.0, 80183.0, 80184.0, 80199.0, 80222.0, 80227.0, 80231.0, 80270.0, 80274.0, 80328.0, 80342.0, 80349.0, 80350.0, 80705.0, 80709.0, 80726.0, 80778.0, 81572.0, 81573.0, 81618.0, 81704.0, 81793.0, 81853.0, 81873.0, 83444.0, 83448.0, 83452.0, 83461.0, 83547.0, 83548.0, 83640.0, 83693.0, 83732.0, 83737.0, 83743.0, 83752.0, 83987.0, 84002.0, 84056.0, 84063.0, 84071.0, 84073.0, 84078.0, 84084.0, 84101.0, 84106.0, 84168.0, 84172.0, 84215.0, 84221.0, 84271.0, 84282.0, 84303.0, 84311.0, 84340.0, 84433.0, 84450.0, 84457.0, 84498.0, 84527.0, 84545.0, 84617.0, 84645.0, 84680.0, 84689.0, 84693.0, 84707.0, 84727.0, 84749.0, 84790.0, 84807.0, 84838.0, 84868.0, 84869.0, 84908.0, 84914.0, 84938.0, 84950.0, 84952.0, 84975.0, 84996.0, 85016.0, 85021.0, 85313.0, 85417.0, 87769.0, 89765.0, 89857.0, 89944.0, 90187.0, 90288.0, 90411.0, 90417.0, 90557.0, 90865.0, 91156.0, 91408.0, 91445.0, 91544.0, 91703.0, 91775.0, 91949.0, 92140.0, 92482.0, 92610.0, 92960.0, 93233.0, 93343.0, 93380.0, 93426.0, 93974.0, 94005.0, 94101.0, 94120.0, 94233.0, 95681.0, 96459.0, 112399.0, 112483.0, 112616.0, 112752.0, 113246.0, 113277.0, 113402.0, 114548.0, 114818.0, 114904.0, 114971.0, 115004.0, 115294.0, 115752.0, 115817.0, 115948.0, 116028.0, 116173.0, 116225.0, 116448.0, 116985.0, 117155.0, 117246.0, 117289.0, 118426.0, 118442.0, 118788.0, 119391.0, 119392.0, 120224.0, 121053.0, 121457.0, 121665.0, 122060.0, 123283.0, 123606.0, 123803.0, 124411.0, 125061.0, 126133.0, 126375.0, 126433.0, 126820.0, 127253.0, 127255.0, 128414.0, 128869.0, 129880.0, 130132.0, 130340.0, 130916.0, 130951.0, 131450.0, 132001.0, 133923.0, 134111.0, 134510.0, 136051.0, 138639.0, 139285.0, 139341.0, 140465.0, 140688.0, 144811.0, 146059.0, 146198.0, 146433.0, 146845.0, 147138.0, 147650.0, 147657.0, 147687.0, 148156.0, 148266.0, 148362.0, 149371.0, 150094.0, 150368.0, 150379.0, 151531.0, 151651.0, 152006.0, 152185.0, 152206.0, 152404.0, 152756.0, 153129.0, 153328.0, 153339.0, 157697.0, 157773.0, 158067.0, 158798.0, 161198.0, 162517.0, 162681.0, 162993.0, 163786.0, 164781.0, 167555.0, 168544.0, 170506.0, 170575.0, 171546.0, 171568.0, 196383.0, 197335.0, 199221.0, 199692.0, 199920.0, 201163.0, 201456.0, 201973.0, 203228.0, 204219.0, 206358.0, 219348.0, 219402.0, 220004.0, 221458.0, 221472.0, 221477.0, 246176.0, 252969.0, 253512.0, 253558.0, 253769.0, 254295.0, 255104.0, 255275.0, 255758.0, 256309.0, 257019.0, 258010.0, 259173.0, 259294.0, 282809.0, 283131.0, 283219.0, 283229.0, 283234.0, 283459.0, 283987.0, 284058.0, 284076.0, 284111.0, 284131.0, 284184.0, 284323.0, 284390.0, 284695.0, 285025.0, 285180.0, 285590.0, 286077.0, 338382.0, 339834.0, 340205.0, 340547.0, 340811.0, 342372.0, 342908.0, 345275.0, 347734.0, 348013.0, 374618.0, 374986.0, 375307.0, 388325.0, 388335.0, 388512.0, 388677.0, 389421.0, 399694.0, 401541.0, 404672.0, 408050.0, 440026.0, 440295.0, 440503.0, 440603.0, 441168.0, 441518.0, 445815.0, 497661.0, 541466.0, 548596.0, 548644.0, 644943.0, 647309.0, 653784.0, 729238.0, 729852.0, 768211.0, 100131997.0, 100287171.0, 100507436.0, 101928527.0, 102724023.0, 102724428.0 
GO:0003723 MF 1.88e-05 152/2260  1388/29107 D04 RNA binding                              132.0, 142.0, 310.0, 689.0, 831.0, 988.0, 1198.0, 1615.0, 1653.0, 1656.0, 1728.0, 1982.0, 2023.0, 2483.0, 2665.0, 2896.0, 2926.0, 2935.0, 2962.0, 3006.0, 3146.0, 3183.0, 3433.0, 3837.0, 3930.0, 4191.0, 4329.0, 4627.0, 4736.0, 5393.0, 5411.0, 5822.0, 6128.0, 6134.0, 6142.0, 6150.0, 6159.0, 6168.0, 6187.0, 6189.0, 6203.0, 6208.0, 6229.0, 6231.0, 6234.0, 6499.0, 6596.0, 6605.0, 6606.0, 6632.0, 6727.0, 6729.0, 6731.0, 6838.0, 7073.0, 7178.0, 7247.0, 7332.0, 7430.0, 7520.0, 7706.0, 7818.0, 7873.0, 8125.0, 8361.0, 8363.0, 8365.0, 8366.0, 8449.0, 8880.0, 8996.0, 9337.0, 9785.0, 9904.0, 10102.0, 10128.0, 10179.0, 10209.0, 22894.0, 23034.0, 23193.0, 23318.0, 23405.0, 23536.0, 23567.0, 24138.0, 25917.0, 25972.0, 26097.0, 26747.0, 26995.0, 27044.0, 27292.0, 28957.0, 29102.0, 29106.0, 29803.0, 29883.0, 51013.0, 51081.0, 51096.0, 51163.0, 51535.0, 51538.0, 51631.0, 51634.0, 51690.0, 51692.0, 54502.0, 54514.0, 54865.0, 55110.0, 55119.0, 55149.0, 55272.0, 55379.0, 55596.0, 55794.0, 56915.0, 56931.0, 57062.0, 57602.0, 57696.0, 58155.0, 63897.0, 64848.0, 64963.0, 64965.0, 65109.0, 79009.0, 79868.0, 79869.0, 83448.0, 83640.0, 83743.0, 84271.0, 84311.0, 84545.0, 84950.0, 85313.0, 92140.0, 115752.0, 117246.0, 118460.0, 122402.0, 148423.0, 170506.0, 284695.0, 317781.0, 388115.0, 389421.0, 102724159.0 
GO:0004888 MF 1.18e-04 27/2260   157/29107 D03 transmembrane signaling receptor activity 950.0, 976.0, 1956.0, 2212.0, 2213.0, 2532.0, 2696.0, 3821.0, 3822.0, 3823.0, 4360.0, 4804.0, 4864.0, 7099.0, 7100.0, 10990.0, 11024.0, 11314.0, 50856.0, 51284.0, 51310.0, 55558.0, 81793.0, 84168.0, 127943.0, 146722.0, 340205.0 
GO:0005542 MF 1.33e-04  6/2260    12/29107 D05 folic acid binding                       1719.0, 2350.0, 6573.0, 7390.0, 10841.0, 27232.0 
GO:0005096 MF 1.35e-04 38/2260   256/29107 D05 GTPase activator activity                216.0, 393.0, 397.0, 2665.0, 3071.0, 4763.0, 4952.0, 6001.0, 6102.0, 9098.0, 9712.0, 9905.0, 9938.0, 10156.0, 10483.0, 23102.0, 23329.0, 23526.0, 23527.0, 25771.0, 51291.0, 54885.0, 55357.0, 55803.0, 58504.0, 64333.0, 64926.0, 116984.0, 116985.0, 117289.0, 201163.0, 201176.0, 257106.0, 259173.0, 727851.0, 729857.0, 729873.0, 102723859.0 
GO:0051117 MF 1.44e-04 18/2260    89/29107 D04 ATPase binding                           482.0, 857.0, 1956.0, 5824.0, 6880.0, 7376.0, 7430.0, 8192.0, 11345.0, 23385.0, 26092.0, 26747.0, 29082.0, 54664.0, 79570.0, 84899.0, 93974.0, 258010.0 
GO:0004984 MF 1.77e-06  1/2260   399/29107 D04 olfactory receptor activity              138799.0 
GO:0004930 MF 1.24e-05 25/2260   683/29107 D04 G protein-coupled receptor activity      154.0, 976.0, 2150.0, 2532.0, 2844.0, 2857.0, 4986.0, 5995.0, 8477.0, 9283.0, 9290.0, 9340.0, 10149.0, 10161.0, 23596.0, 30817.0, 50838.0, 50839.0, 64106.0, 118442.0, 138799.0, 259289.0, 259294.0, 259295.0, 653160.0 
GO:1903231 MF 2.60e-05  4/2260   253/29107 D06 mRNA binding involved in posttranscriptional gene silencing 7073.0, 406929.0, 406987.0, 407021.0 
