GO:0015031 BP 1.55e-06 36/1163   357/29107 D05 protein transport                        689.0, 857.0, 2665.0, 2824.0, 6844.0, 6890.0, 6891.0, 9284.0, 9367.0, 9798.0, 9897.0, 9961.0, 10015.0, 10628.0, 11345.0, 23355.0, 25972.0, 25978.0, 51026.0, 51510.0, 53916.0, 55770.0, 57020.0, 57511.0, 57706.0, 80144.0, 80184.0, 80199.0, 83452.0, 84938.0, 91461.0, 92482.0, 93343.0, 95681.0, 113402.0, 149371.0 
GO:0043161 BP 1.75e-06 21/1163   160/29107 D09 proteasome-mediated ubiquitin-dependent protein catabolic process 406.0, 1499.0, 3429.0, 4780.0, 5683.0, 5693.0, 5708.0, 6047.0, 9097.0, 9373.0, 9870.0, 10213.0, 10299.0, 10513.0, 11124.0, 56929.0, 83737.0, 84078.0, 84101.0, 84727.0, 122416.0 
GO:0045893 BP 1.35e-05 49/1163   637/29107 D10 positive regulation of transcription, DNA-templated 406.0, 655.0, 952.0, 1499.0, 1956.0, 2066.0, 3440.0, 4603.0, 4693.0, 5469.0, 5494.0, 5981.0, 6047.0, 6605.0, 6667.0, 6772.0, 6882.0, 7030.0, 7332.0, 7376.0, 7706.0, 8089.0, 8464.0, 8554.0, 8648.0, 8805.0, 9125.0, 9325.0, 9440.0, 9572.0, 9586.0, 9913.0, 10474.0, 11043.0, 23066.0, 23326.0, 23506.0, 30812.0, 54870.0, 55223.0, 57541.0, 57826.0, 79902.0, 80184.0, 84838.0, 92140.0, 117143.0, 119392.0, 146198.0 
GO:0030148 BP 1.98e-05 10/1163    49/29107 D07 sphingolipid biosynthetic process        2531.0, 8560.0, 9200.0, 10558.0, 60481.0, 64834.0, 81537.0, 123099.0, 171546.0, 204219.0 
GO:0000045 BP 2.24e-05 11/1163    60/29107 D07 autophagosome assembly                   9140.0, 9776.0, 11345.0, 23673.0, 29978.0, 29979.0, 55102.0, 83452.0, 285180.0, 440026.0, 643246.0 
GO:0010976 BP 2.93e-05 16/1163   122/29107 D08 positive regulation of neuron projection development 411.0, 482.0, 950.0, 2475.0, 3655.0, 4780.0, 4915.0, 5274.0, 5649.0, 5764.0, 9863.0, 9897.0, 23394.0, 51517.0, 54700.0, 57463.0 
GO:0050911 BP 9.84e-07  0/1163   401/29107 D05 detection of chemical stimulus involved in sensory perception of smell  
GO:0035195 BP 1.67e-06  2/1163   557/29107 D10 gene silencing by miRNA                  9337.0, 29883.0 
GO:0007186 BP 4.36e-06 11/1163   880/29107 D05 G protein-coupled receptor signaling pathway 136.0, 976.0, 2770.0, 5995.0, 23596.0, 30817.0, 50838.0, 118442.0, 259289.0, 259294.0, 259295.0 
GO:0005765 CC 5.47e-07 40/1163   331/29107 D07 lysosomal membrane                       164.0, 533.0, 950.0, 1182.0, 1291.0, 2475.0, 2770.0, 3920.0, 4864.0, 5878.0, 7107.0, 7436.0, 8546.0, 9516.0, 10159.0, 10410.0, 23208.0, 23339.0, 23385.0, 29919.0, 51257.0, 51552.0, 54664.0, 55353.0, 55529.0, 55652.0, 56674.0, 57153.0, 57406.0, 64114.0, 65082.0, 79901.0, 81618.0, 96459.0, 130340.0, 138050.0, 153129.0, 155066.0, 206358.0, 256471.0 
GO:0005783 CC 2.29e-06 77/1163  1040/29107 D05 endoplasmic reticulum                    824.0, 831.0, 857.0, 1717.0, 2264.0, 2531.0, 3140.0, 3433.0, 4118.0, 4257.0, 4864.0, 5287.0, 5764.0, 6388.0, 6729.0, 6731.0, 6746.0, 6890.0, 6891.0, 6892.0, 7060.0, 7162.0, 7247.0, 7444.0, 7841.0, 7869.0, 8560.0, 8630.0, 8878.0, 9107.0, 9218.0, 9468.0, 9562.0, 9695.0, 9897.0, 10299.0, 10463.0, 10483.0, 10554.0, 10558.0, 10972.0, 22937.0, 23120.0, 23155.0, 23385.0, 23585.0, 29979.0, 51026.0, 51114.0, 51201.0, 51257.0, 51290.0, 51435.0, 53407.0, 55379.0, 56605.0, 60481.0, 64714.0, 64834.0, 64848.0, 79001.0, 80235.0, 81573.0, 83787.0, 84899.0, 91445.0, 92140.0, 94101.0, 115817.0, 171546.0, 204219.0, 206358.0, 253558.0, 284161.0, 439921.0, 497661.0, 768206.0 
GO:0005789 CC 2.42e-06 102/1163   973/29107 D04 endoplasmic reticulum membrane           310.0, 537.0, 857.0, 950.0, 1314.0, 1543.0, 1577.0, 1717.0, 1956.0, 2052.0, 2329.0, 2475.0, 2531.0, 2677.0, 3140.0, 3290.0, 3429.0, 3703.0, 3930.0, 3992.0, 4257.0, 5279.0, 5281.0, 6717.0, 6746.0, 6890.0, 6891.0, 6892.0, 7444.0, 7841.0, 8560.0, 8605.0, 8818.0, 9200.0, 9218.0, 9367.0, 9468.0, 9488.0, 9776.0, 10159.0, 10299.0, 10390.0, 10483.0, 10554.0, 10558.0, 10826.0, 10890.0, 10972.0, 11345.0, 22845.0, 22937.0, 23120.0, 23155.0, 23256.0, 23399.0, 23769.0, 26002.0, 28972.0, 29880.0, 51075.0, 51114.0, 51201.0, 51257.0, 51290.0, 51435.0, 51465.0, 51528.0, 53407.0, 54762.0, 55014.0, 55102.0, 55144.0, 55379.0, 56605.0, 60481.0, 63874.0, 64834.0, 64900.0, 79001.0, 79022.0, 79966.0, 80235.0, 80270.0, 81537.0, 81573.0, 83787.0, 85465.0, 91445.0, 92140.0, 93492.0, 94005.0, 94101.0, 123099.0, 128869.0, 171546.0, 202052.0, 204219.0, 253558.0, 258010.0, 284161.0, 440026.0, 729238.0 
GO:0005739 CC 3.12e-06 100/1163  1305/29107 D05 mitochondrion                            142.0, 212.0, 291.0, 411.0, 501.0, 515.0, 516.0, 883.0, 1653.0, 1656.0, 1716.0, 1757.0, 2066.0, 2232.0, 2235.0, 2729.0, 2936.0, 3429.0, 3992.0, 4077.0, 4191.0, 4257.0, 4329.0, 4711.0, 5106.0, 5160.0, 5445.0, 5625.0, 5825.0, 6059.0, 6150.0, 6392.0, 6717.0, 7390.0, 7818.0, 8192.0, 8209.0, 8546.0, 8560.0, 8604.0, 8878.0, 8996.0, 9054.0, 9158.0, 9776.0, 10102.0, 10128.0, 10367.0, 10730.0, 10773.0, 10845.0, 23078.0, 23385.0, 23408.0, 23446.0, 25912.0, 26073.0, 26128.0, 26355.0, 26517.0, 29083.0, 50808.0, 51075.0, 51142.0, 51660.0, 51741.0, 54881.0, 55014.0, 55156.0, 55278.0, 55794.0, 55863.0, 56942.0, 56953.0, 57153.0, 57406.0, 57509.0, 63874.0, 64127.0, 64965.0, 80179.0, 80726.0, 83787.0, 84311.0, 84340.0, 84545.0, 84749.0, 90529.0, 92259.0, 114971.0, 123263.0, 131076.0, 137872.0, 170506.0, 196294.0, 200895.0, 283459.0, 374986.0, 440503.0, 548596.0 
GO:0031902 CC 3.14e-06 18/1163   127/29107 D07 late endosome membrane                   950.0, 1182.0, 3140.0, 3920.0, 4864.0, 10410.0, 23120.0, 23339.0, 25978.0, 27183.0, 29919.0, 54664.0, 55353.0, 55529.0, 57406.0, 65082.0, 93343.0, 168391.0 
GO:0070062 CC 3.50e-06 140/1163  2169/29107 D06 extracellular exosome                    58.0, 220.0, 310.0, 355.0, 378.0, 411.0, 501.0, 537.0, 563.0, 686.0, 710.0, 824.0, 928.0, 950.0, 952.0, 975.0, 976.0, 1073.0, 1291.0, 1314.0, 1362.0, 1363.0, 1378.0, 1499.0, 1615.0, 2023.0, 2530.0, 2665.0, 2770.0, 2894.0, 2936.0, 2947.0, 3183.0, 3728.0, 3795.0, 3837.0, 3858.0, 3920.0, 4191.0, 4430.0, 4736.0, 4864.0, 4907.0, 5236.0, 5274.0, 5393.0, 5549.0, 5630.0, 5654.0, 5683.0, 5689.0, 5693.0, 5708.0, 5720.0, 5834.0, 5869.0, 5878.0, 5950.0, 5981.0, 6051.0, 6203.0, 6231.0, 6414.0, 6557.0, 6609.0, 6717.0, 7060.0, 7322.0, 7511.0, 7841.0, 8291.0, 8361.0, 8366.0, 8450.0, 8476.0, 8751.0, 8857.0, 8878.0, 9097.0, 9367.0, 9373.0, 9520.0, 9562.0, 9586.0, 9798.0, 9961.0, 10015.0, 10159.0, 10617.0, 10694.0, 10791.0, 10890.0, 10971.0, 11043.0, 23052.0, 23193.0, 23318.0, 23385.0, 23405.0, 23446.0, 25801.0, 25978.0, 26052.0, 27044.0, 27183.0, 28970.0, 51125.0, 51181.0, 51429.0, 51510.0, 51552.0, 54414.0, 55020.0, 55604.0, 55748.0, 56898.0, 57153.0, 57446.0, 57447.0, 57544.0, 57826.0, 59338.0, 64114.0, 64856.0, 79901.0, 80199.0, 81533.0, 81618.0, 83737.0, 84617.0, 87769.0, 93343.0, 148362.0, 148811.0, 152007.0, 170506.0, 258010.0, 283987.0, 342372.0, 653689.0 
GO:0016020 CC 3.72e-06 175/1163  2120/29107 D02 membrane                                 142.0, 164.0, 291.0, 310.0, 378.0, 482.0, 515.0, 590.0, 831.0, 857.0, 928.0, 950.0, 952.0, 975.0, 976.0, 988.0, 1182.0, 1291.0, 1314.0, 1362.0, 1499.0, 1615.0, 1653.0, 1656.0, 1717.0, 1956.0, 1982.0, 2023.0, 2277.0, 2475.0, 2530.0, 2531.0, 2620.0, 2665.0, 2677.0, 3183.0, 3290.0, 3384.0, 3703.0, 3837.0, 3858.0, 3920.0, 3930.0, 3992.0, 4077.0, 4191.0, 4345.0, 4736.0, 4763.0, 4864.0, 4907.0, 4952.0, 5287.0, 5469.0, 5494.0, 5571.0, 5630.0, 5701.0, 5708.0, 5825.0, 5834.0, 5869.0, 6059.0, 6203.0, 6231.0, 6302.0, 6507.0, 6529.0, 6557.0, 6596.0, 6717.0, 6844.0, 6890.0, 6891.0, 7107.0, 7162.0, 7436.0, 7520.0, 7841.0, 8161.0, 8361.0, 8366.0, 8443.0, 8546.0, 8560.0, 8605.0, 8665.0, 8996.0, 9107.0, 9125.0, 9158.0, 9440.0, 9631.0, 9777.0, 9785.0, 9827.0, 9961.0, 10015.0, 10128.0, 10299.0, 10328.0, 10554.0, 10617.0, 10730.0, 10826.0, 10844.0, 10971.0, 11118.0, 22894.0, 23052.0, 23122.0, 23155.0, 23193.0, 23339.0, 23385.0, 23446.0, 23527.0, 23554.0, 25827.0, 26052.0, 26092.0, 27044.0, 27229.0, 29880.0, 29883.0, 30849.0, 50651.0, 50862.0, 51026.0, 51094.0, 51104.0, 51290.0, 51390.0, 51430.0, 55144.0, 55266.0, 55379.0, 55540.0, 55746.0, 55770.0, 57062.0, 57153.0, 57185.0, 57513.0, 57763.0, 59338.0, 60481.0, 64834.0, 65062.0, 79009.0, 79869.0, 79902.0, 80184.0, 81537.0, 81614.0, 83737.0, 84327.0, 84975.0, 93380.0, 94005.0, 95681.0, 121665.0, 123606.0, 126133.0, 128869.0, 148362.0, 149371.0, 150379.0, 253558.0, 283987.0, 284161.0, 317781.0, 342372.0, 347734.0, 388325.0 
GO:0016021 CC 4.33e-06 210/1163  3536/29107 D03 integral component of membrane           355.0, 516.0, 533.0, 537.0, 950.0, 952.0, 975.0, 1182.0, 1349.0, 1362.0, 2052.0, 2121.0, 2329.0, 2530.0, 2531.0, 2677.0, 2696.0, 2824.0, 3140.0, 3429.0, 3703.0, 3823.0, 3930.0, 3992.0, 4118.0, 4162.0, 4257.0, 4864.0, 4986.0, 5010.0, 5279.0, 5281.0, 5825.0, 6392.0, 6444.0, 6529.0, 6549.0, 6557.0, 6746.0, 6890.0, 6891.0, 6892.0, 7436.0, 7444.0, 7841.0, 8291.0, 8302.0, 8604.0, 8751.0, 8869.0, 9218.0, 9283.0, 9469.0, 9488.0, 9777.0, 9917.0, 9990.0, 10159.0, 10299.0, 10390.0, 10410.0, 10463.0, 10554.0, 10558.0, 10712.0, 10730.0, 10826.0, 10972.0, 11118.0, 11119.0, 11237.0, 11311.0, 22937.0, 23341.0, 23385.0, 23399.0, 23446.0, 23554.0, 23585.0, 23596.0, 23673.0, 25912.0, 26002.0, 26032.0, 26092.0, 26355.0, 26507.0, 28965.0, 29103.0, 29880.0, 30817.0, 50651.0, 50838.0, 51026.0, 51075.0, 51090.0, 51094.0, 51114.0, 51234.0, 51257.0, 51259.0, 51290.0, 51390.0, 51430.0, 51435.0, 51465.0, 51522.0, 51528.0, 53407.0, 53834.0, 53838.0, 54664.0, 54674.0, 54682.0, 54762.0, 55014.0, 55117.0, 55144.0, 55266.0, 55353.0, 55356.0, 55379.0, 55529.0, 55652.0, 55831.0, 55863.0, 56125.0, 56126.0, 56674.0, 57020.0, 57153.0, 57185.0, 57228.0, 57406.0, 57463.0, 57556.0, 64114.0, 64420.0, 64645.0, 65062.0, 65258.0, 65989.0, 79001.0, 79022.0, 79901.0, 79966.0, 80000.0, 80144.0, 80235.0, 80270.0, 81533.0, 81537.0, 81614.0, 81618.0, 81853.0, 83787.0, 84620.0, 84749.0, 84752.0, 84899.0, 84918.0, 84928.0, 84975.0, 85465.0, 90273.0, 91445.0, 92140.0, 93380.0, 93492.0, 94101.0, 113402.0, 116173.0, 118442.0, 123099.0, 123606.0, 129787.0, 138050.0, 143458.0, 145748.0, 146059.0, 147184.0, 152404.0, 153328.0, 153339.0, 155066.0, 161198.0, 168391.0, 171546.0, 202052.0, 204219.0, 206358.0, 219902.0, 220296.0, 221477.0, 253558.0, 255275.0, 256471.0, 259289.0, 259294.0, 259295.0, 284111.0, 284161.0, 340547.0, 347734.0, 388325.0, 402778.0, 439921.0, 440026.0, 643155.0, 730130.0 
GO:0005794 CC 4.34e-06 70/1163   988/29107 D05 Golgi apparatus                          164.0, 378.0, 411.0, 824.0, 857.0, 858.0, 1182.0, 1363.0, 2264.0, 2530.0, 2956.0, 3397.0, 4780.0, 4864.0, 6882.0, 8546.0, 8910.0, 9516.0, 9547.0, 9777.0, 9917.0, 10390.0, 10791.0, 10890.0, 10972.0, 11221.0, 11237.0, 11311.0, 11341.0, 11345.0, 22937.0, 23032.0, 23122.0, 23193.0, 23385.0, 23673.0, 25912.0, 26052.0, 51112.0, 51114.0, 51201.0, 51290.0, 51324.0, 51535.0, 51540.0, 51741.0, 53834.0, 53838.0, 57447.0, 57509.0, 64114.0, 64127.0, 65258.0, 79969.0, 80031.0, 81551.0, 81618.0, 83452.0, 83548.0, 85465.0, 91461.0, 91949.0, 93343.0, 93380.0, 121665.0, 153339.0, 168391.0, 283987.0, 347734.0, 768206.0 
GO:0005654 CC 4.52e-06 257/1163  3805/29107 D02 nucleoplasm                              132.0, 142.0, 406.0, 515.0, 988.0, 994.0, 1027.0, 1457.0, 1499.0, 1653.0, 1789.0, 2066.0, 2475.0, 2956.0, 2958.0, 2967.0, 3183.0, 3298.0, 3397.0, 3669.0, 3837.0, 3988.0, 4013.0, 4077.0, 4163.0, 4175.0, 4329.0, 4552.0, 4601.0, 4603.0, 4711.0, 4780.0, 4907.0, 4986.0, 5287.0, 5317.0, 5356.0, 5393.0, 5432.0, 5469.0, 5494.0, 5562.0, 5571.0, 5625.0, 5683.0, 5689.0, 5693.0, 5701.0, 5708.0, 5711.0, 5720.0, 5822.0, 5824.0, 5929.0, 5980.0, 5981.0, 6047.0, 6117.0, 6119.0, 6203.0, 6231.0, 6493.0, 6596.0, 6605.0, 6632.0, 6667.0, 6717.0, 6772.0, 6838.0, 6880.0, 6882.0, 6936.0, 6938.0, 7030.0, 7073.0, 7247.0, 7268.0, 7322.0, 7332.0, 7376.0, 7389.0, 7443.0, 7520.0, 7564.0, 7706.0, 7818.0, 8089.0, 8161.0, 8237.0, 8361.0, 8366.0, 8450.0, 8464.0, 8544.0, 8554.0, 8555.0, 8556.0, 8605.0, 8648.0, 8805.0, 8819.0, 8850.0, 8878.0, 8880.0, 8881.0, 9054.0, 9070.0, 9284.0, 9325.0, 9440.0, 9516.0, 9572.0, 9618.0, 9652.0, 9656.0, 9785.0, 9792.0, 9897.0, 9913.0, 9917.0, 9960.0, 10102.0, 10128.0, 10179.0, 10213.0, 10474.0, 10513.0, 10557.0, 10617.0, 10623.0, 10694.0, 10713.0, 10741.0, 10773.0, 10844.0, 10845.0, 10979.0, 11124.0, 11143.0, 11221.0, 22822.0, 22882.0, 22894.0, 22909.0, 23032.0, 23149.0, 23198.0, 23243.0, 23244.0, 23248.0, 23322.0, 23326.0, 23446.0, 23567.0, 23673.0, 25842.0, 25913.0, 26097.0, 26147.0, 26747.0, 27292.0, 28970.0, 28991.0, 29102.0, 29843.0, 29945.0, 29979.0, 51013.0, 51112.0, 51131.0, 51163.0, 51193.0, 51317.0, 51367.0, 51397.0, 51400.0, 51426.0, 51530.0, 51535.0, 51562.0, 51616.0, 51692.0, 51741.0, 51780.0, 53838.0, 54700.0, 54870.0, 54881.0, 54957.0, 55008.0, 55102.0, 55170.0, 55272.0, 55357.0, 55540.0, 55604.0, 55644.0, 55693.0, 55719.0, 55748.0, 55775.0, 55794.0, 56271.0, 56892.0, 56915.0, 56929.0, 57228.0, 57645.0, 57697.0, 57706.0, 57721.0, 57798.0, 58490.0, 59338.0, 60468.0, 64168.0, 64375.0, 64789.0, 65258.0, 79068.0, 79269.0, 79685.0, 79869.0, 79892.0, 79902.0, 80095.0, 80169.0, 80349.0, 80778.0, 81556.0, 83737.0, 84101.0, 84172.0, 84271.0, 84930.0, 84950.0, 90865.0, 93343.0, 112399.0, 114799.0, 116028.0, 117143.0, 117246.0, 134510.0, 138639.0, 140688.0, 147657.0, 152006.0, 170506.0, 195828.0, 284111.0, 389421.0, 399818.0, 401541.0, 440348.0, 653689.0, 728741.0 
GO:0005829 CC 5.42e-06 340/1163  5294/29107 D02 cytosol                                  58.0, 132.0, 164.0, 220.0, 355.0, 378.0, 443.0, 501.0, 689.0, 824.0, 831.0, 883.0, 994.0, 1027.0, 1036.0, 1314.0, 1457.0, 1499.0, 1615.0, 1653.0, 1656.0, 1716.0, 1982.0, 2023.0, 2066.0, 2318.0, 2475.0, 2620.0, 2665.0, 2729.0, 2935.0, 2936.0, 2941.0, 2947.0, 2948.0, 2956.0, 3183.0, 3433.0, 3728.0, 3795.0, 3837.0, 3858.0, 3988.0, 4077.0, 4163.0, 4552.0, 4598.0, 4601.0, 4736.0, 4763.0, 4780.0, 4907.0, 4915.0, 4952.0, 4986.0, 5053.0, 5106.0, 5136.0, 5142.0, 5147.0, 5236.0, 5287.0, 5393.0, 5432.0, 5494.0, 5562.0, 5571.0, 5654.0, 5683.0, 5689.0, 5693.0, 5701.0, 5708.0, 5711.0, 5720.0, 5824.0, 5825.0, 6059.0, 6203.0, 6231.0, 6499.0, 6632.0, 6655.0, 6717.0, 6727.0, 6729.0, 6731.0, 6772.0, 6844.0, 6936.0, 7030.0, 7185.0, 7247.0, 7283.0, 7322.0, 7332.0, 7376.0, 7389.0, 7390.0, 7407.0, 7443.0, 7456.0, 7511.0, 7520.0, 7705.0, 7706.0, 8195.0, 8226.0, 8237.0, 8443.0, 8450.0, 8458.0, 8476.0, 8518.0, 8544.0, 8556.0, 8605.0, 8648.0, 8665.0, 8790.0, 8805.0, 8850.0, 8878.0, 8881.0, 8996.0, 9054.0, 9061.0, 9097.0, 9107.0, 9113.0, 9125.0, 9140.0, 9218.0, 9325.0, 9337.0, 9367.0, 9520.0, 9618.0, 9631.0, 9652.0, 9776.0, 9792.0, 9798.0, 9827.0, 9847.0, 9870.0, 9897.0, 9961.0, 10015.0, 10020.0, 10156.0, 10213.0, 10328.0, 10342.0, 10398.0, 10483.0, 10617.0, 10623.0, 10628.0, 10693.0, 10694.0, 10795.0, 10844.0, 10845.0, 10890.0, 10971.0, 10979.0, 11124.0, 11143.0, 11221.0, 11234.0, 11345.0, 22822.0, 22832.0, 22878.0, 22882.0, 22894.0, 22909.0, 23014.0, 23032.0, 23052.0, 23066.0, 23122.0, 23149.0, 23173.0, 23198.0, 23243.0, 23244.0, 23256.0, 23318.0, 23322.0, 23329.0, 23405.0, 23408.0, 23446.0, 23589.0, 23729.0, 24138.0, 24140.0, 25759.0, 25801.0, 25917.0, 25936.0, 25978.0, 26046.0, 26092.0, 26130.0, 26234.0, 26235.0, 26355.0, 27044.0, 27183.0, 27229.0, 27292.0, 28991.0, 29102.0, 29883.0, 29945.0, 29978.0, 29979.0, 30849.0, 51013.0, 51091.0, 51112.0, 51114.0, 51248.0, 51257.0, 51259.0, 51324.0, 51421.0, 51429.0, 51510.0, 51517.0, 51535.0, 51540.0, 51552.0, 51562.0, 51741.0, 54930.0, 54957.0, 54981.0, 55008.0, 55014.0, 55156.0, 55223.0, 55236.0, 55336.0, 55357.0, 55604.0, 55612.0, 55742.0, 55746.0, 55748.0, 55770.0, 55794.0, 55958.0, 56271.0, 56892.0, 56898.0, 56915.0, 56929.0, 57447.0, 57706.0, 57763.0, 57826.0, 58480.0, 58488.0, 58497.0, 58533.0, 59338.0, 60468.0, 63826.0, 64127.0, 64168.0, 64766.0, 64780.0, 64789.0, 64844.0, 65267.0, 79003.0, 79068.0, 79872.0, 79892.0, 79902.0, 79969.0, 80150.0, 80169.0, 80179.0, 80184.0, 80349.0, 80765.0, 80778.0, 83461.0, 83548.0, 83592.0, 83737.0, 84078.0, 84172.0, 84271.0, 84327.0, 84727.0, 84749.0, 85021.0, 85459.0, 87769.0, 92482.0, 93343.0, 93492.0, 95681.0, 96459.0, 112399.0, 115752.0, 116028.0, 117143.0, 122416.0, 125061.0, 130340.0, 139285.0, 140688.0, 146059.0, 147657.0, 149371.0, 150379.0, 161725.0, 163786.0, 170506.0, 200895.0, 203228.0, 253558.0, 283987.0, 284111.0, 375337.0, 389421.0, 399818.0, 401541.0, 440503.0, 641371.0, 643246.0, 644943.0, 653689.0 
GO:0005737 CC 5.84e-06 272/1163  4681/29107 D02 cytoplasm                                164.0, 220.0, 310.0, 378.0, 482.0, 767.0, 824.0, 831.0, 883.0, 889.0, 950.0, 988.0, 994.0, 1027.0, 1073.0, 1314.0, 1373.0, 1499.0, 1615.0, 1653.0, 1656.0, 1716.0, 1757.0, 1956.0, 2023.0, 2121.0, 2318.0, 2475.0, 2665.0, 2770.0, 2947.0, 2948.0, 3298.0, 3433.0, 3669.0, 3728.0, 3795.0, 3837.0, 3858.0, 3930.0, 4163.0, 4191.0, 4430.0, 4763.0, 4780.0, 4952.0, 5147.0, 5236.0, 5287.0, 5317.0, 5393.0, 5562.0, 5571.0, 5630.0, 5649.0, 5701.0, 5720.0, 5824.0, 5834.0, 5981.0, 6047.0, 6059.0, 6203.0, 6443.0, 6444.0, 6596.0, 6667.0, 6717.0, 6727.0, 6729.0, 6772.0, 6938.0, 7030.0, 7073.0, 7185.0, 7247.0, 7268.0, 7283.0, 7332.0, 7376.0, 7443.0, 7444.0, 7511.0, 8195.0, 8476.0, 8518.0, 8544.0, 8555.0, 8556.0, 8790.0, 8878.0, 8880.0, 8881.0, 9107.0, 9196.0, 9325.0, 9354.0, 9373.0, 9419.0, 9468.0, 9520.0, 9572.0, 9618.0, 9652.0, 9792.0, 9802.0, 9863.0, 9870.0, 9960.0, 9961.0, 10020.0, 10209.0, 10215.0, 10328.0, 10342.0, 10513.0, 10628.0, 10694.0, 10795.0, 10801.0, 10826.0, 10971.0, 10979.0, 10983.0, 11043.0, 11101.0, 11221.0, 11345.0, 23032.0, 23078.0, 23122.0, 23149.0, 23173.0, 23318.0, 23322.0, 23339.0, 23394.0, 23399.0, 23405.0, 23567.0, 23589.0, 23596.0, 23729.0, 24139.0, 24140.0, 25801.0, 25827.0, 25941.0, 25978.0, 26052.0, 26472.0, 27044.0, 27183.0, 29843.0, 29883.0, 29978.0, 29979.0, 30812.0, 30820.0, 50808.0, 51013.0, 51091.0, 51290.0, 51397.0, 51429.0, 51430.0, 51741.0, 54800.0, 54828.0, 54870.0, 54970.0, 54981.0, 55144.0, 55223.0, 55236.0, 55323.0, 55612.0, 55644.0, 55742.0, 55775.0, 55786.0, 55871.0, 56163.0, 56271.0, 56892.0, 56898.0, 56915.0, 57446.0, 57447.0, 57509.0, 57513.0, 57560.0, 57570.0, 57826.0, 58497.0, 58533.0, 59338.0, 63826.0, 64127.0, 64168.0, 64780.0, 65267.0, 79068.0, 79745.0, 79869.0, 79872.0, 80150.0, 80179.0, 80184.0, 80199.0, 80319.0, 80349.0, 81551.0, 81573.0, 83737.0, 84056.0, 84101.0, 84224.0, 84271.0, 84288.0, 84327.0, 84457.0, 84617.0, 84790.0, 84926.0, 84930.0, 84938.0, 85021.0, 85417.0, 85459.0, 89796.0, 90187.0, 90865.0, 92140.0, 92482.0, 96459.0, 112399.0, 112752.0, 113246.0, 116984.0, 120526.0, 122060.0, 123283.0, 123803.0, 125061.0, 127253.0, 129787.0, 138639.0, 146059.0, 150094.0, 150379.0, 158471.0, 161725.0, 170506.0, 200030.0, 203228.0, 220296.0, 221458.0, 221477.0, 255275.0, 282809.0, 283987.0, 284131.0, 286077.0, 387119.0, 388677.0, 391712.0, 399818.0, 402055.0, 440503.0, 653689.0, 768206.0 
GO:0005634 CC 6.06e-06 350/1163  5367/29107 D05 nucleus                                  132.0, 142.0, 310.0, 406.0, 443.0, 501.0, 515.0, 563.0, 689.0, 824.0, 858.0, 952.0, 988.0, 994.0, 1027.0, 1457.0, 1499.0, 1653.0, 1656.0, 1716.0, 1789.0, 1956.0, 2018.0, 2023.0, 2066.0, 2275.0, 2475.0, 2770.0, 2947.0, 2956.0, 2967.0, 3006.0, 3183.0, 3298.0, 3299.0, 3397.0, 3669.0, 3728.0, 3837.0, 3858.0, 3930.0, 4162.0, 4163.0, 4175.0, 4191.0, 4257.0, 4601.0, 4603.0, 4736.0, 4763.0, 4780.0, 4952.0, 5136.0, 5142.0, 5160.0, 5317.0, 5356.0, 5393.0, 5432.0, 5445.0, 5469.0, 5494.0, 5562.0, 5571.0, 5683.0, 5689.0, 5693.0, 5701.0, 5708.0, 5929.0, 5980.0, 5981.0, 6047.0, 6117.0, 6203.0, 6499.0, 6596.0, 6605.0, 6632.0, 6660.0, 6667.0, 6727.0, 6729.0, 6772.0, 6880.0, 6936.0, 6938.0, 7030.0, 7073.0, 7247.0, 7268.0, 7283.0, 7322.0, 7332.0, 7376.0, 7443.0, 7444.0, 7520.0, 7539.0, 7553.0, 7564.0, 7581.0, 7589.0, 7694.0, 7695.0, 7705.0, 7711.0, 7733.0, 7745.0, 8089.0, 8161.0, 8195.0, 8237.0, 8361.0, 8366.0, 8464.0, 8518.0, 8544.0, 8554.0, 8555.0, 8648.0, 8805.0, 8850.0, 8880.0, 9054.0, 9070.0, 9097.0, 9113.0, 9125.0, 9158.0, 9325.0, 9337.0, 9354.0, 9373.0, 9440.0, 9520.0, 9572.0, 9586.0, 9618.0, 9652.0, 9656.0, 9785.0, 9792.0, 9831.0, 9841.0, 9863.0, 9878.0, 9913.0, 9960.0, 9961.0, 10128.0, 10179.0, 10209.0, 10213.0, 10215.0, 10229.0, 10363.0, 10463.0, 10473.0, 10474.0, 10513.0, 10617.0, 10628.0, 10713.0, 10732.0, 10773.0, 10795.0, 10979.0, 10983.0, 11011.0, 11101.0, 11124.0, 11143.0, 11221.0, 22822.0, 22832.0, 22882.0, 22909.0, 23066.0, 23099.0, 23198.0, 23244.0, 23394.0, 23405.0, 23408.0, 23567.0, 23660.0, 25842.0, 26073.0, 26092.0, 26097.0, 26147.0, 26747.0, 27044.0, 27183.0, 28970.0, 28991.0, 29102.0, 29843.0, 29883.0, 29945.0, 29978.0, 30812.0, 51091.0, 51112.0, 51131.0, 51142.0, 51163.0, 51181.0, 51193.0, 51290.0, 51426.0, 51427.0, 51465.0, 51510.0, 51530.0, 51710.0, 51741.0, 54108.0, 54700.0, 54816.0, 54828.0, 54870.0, 54881.0, 54969.0, 55070.0, 55170.0, 55236.0, 55272.0, 55323.0, 55336.0, 55644.0, 55693.0, 55713.0, 55719.0, 55742.0, 55775.0, 55786.0, 55900.0, 56163.0, 56242.0, 56271.0, 56892.0, 56948.0, 57336.0, 57447.0, 57509.0, 57541.0, 57547.0, 57570.0, 57593.0, 57645.0, 57721.0, 57763.0, 57798.0, 58155.0, 58490.0, 58497.0, 58533.0, 64375.0, 64766.0, 64789.0, 64844.0, 64848.0, 64900.0, 79003.0, 79068.0, 79230.0, 79745.0, 79776.0, 79800.0, 79869.0, 79892.0, 80011.0, 80095.0, 80150.0, 80169.0, 80184.0, 80319.0, 80349.0, 80726.0, 80778.0, 81931.0, 83448.0, 84056.0, 84078.0, 84101.0, 84271.0, 84450.0, 84498.0, 84527.0, 84617.0, 84671.0, 84749.0, 84790.0, 84838.0, 84930.0, 84950.0, 85417.0, 90338.0, 90529.0, 90865.0, 92140.0, 92285.0, 93492.0, 112399.0, 114971.0, 116448.0, 117143.0, 119392.0, 123283.0, 123803.0, 125061.0, 126375.0, 127396.0, 134510.0, 139735.0, 146050.0, 146059.0, 146198.0, 147657.0, 147687.0, 147947.0, 148156.0, 148206.0, 148266.0, 150094.0, 152006.0, 158431.0, 161725.0, 162962.0, 163115.0, 170506.0, 195828.0, 199692.0, 199777.0, 203228.0, 256309.0, 282890.0, 284323.0, 284370.0, 285237.0, 285267.0, 317781.0, 339500.0, 342357.0, 389493.0, 399818.0, 401541.0, 402055.0 
GO:0000502 CC 6.44e-06 11/1163    53/29107 D05 proteasome complex                       5683.0, 5689.0, 5693.0, 5701.0, 5708.0, 5711.0, 5720.0, 9097.0, 10213.0, 29979.0, 80227.0 
GO:0030176 CC 6.59e-06 17/1163   121/29107 D05 integral component of endoplasmic reticulum membrane 1717.0, 3290.0, 6890.0, 6891.0, 8818.0, 9200.0, 9695.0, 10299.0, 22845.0, 28972.0, 51234.0, 55831.0, 60481.0, 64834.0, 93380.0, 152002.0, 347734.0 
GO:0000139 CC 8.82e-06 47/1163   587/29107 D05 Golgi membrane                           164.0, 857.0, 858.0, 950.0, 1182.0, 1314.0, 1956.0, 2475.0, 2530.0, 3140.0, 6892.0, 8869.0, 9469.0, 9516.0, 9827.0, 9917.0, 10890.0, 10972.0, 11237.0, 11311.0, 11345.0, 22937.0, 23155.0, 23256.0, 23673.0, 51026.0, 51114.0, 51125.0, 51201.0, 51435.0, 51552.0, 53407.0, 57511.0, 58480.0, 83452.0, 83548.0, 84620.0, 84752.0, 91949.0, 93380.0, 93492.0, 130340.0, 152007.0, 153339.0, 221477.0, 258010.0, 347734.0 
GO:0000124 CC 1.61e-05  7/1163    22/29107 D08 SAGA complex                             6880.0, 8464.0, 8850.0, 9913.0, 10474.0, 23326.0, 117143.0 
GO:0005776 CC 1.95e-05 12/1163    70/29107 D06 autophagosome                            4077.0, 8878.0, 9140.0, 11345.0, 29978.0, 29979.0, 30849.0, 55014.0, 65082.0, 203228.0, 285180.0, 643246.0 
GO:0005770 CC 3.80e-05 17/1163   138/29107 D08 late endosome                            1182.0, 1318.0, 3920.0, 4077.0, 8291.0, 8878.0, 9367.0, 9863.0, 10791.0, 23339.0, 25978.0, 27183.0, 30849.0, 51552.0, 65082.0, 149371.0, 153129.0 
GO:0000407 CC 4.08e-05  7/1163    25/29107 D02 phagophore assembly site                 4077.0, 8878.0, 9776.0, 22878.0, 23673.0, 54828.0, 55102.0 
GO:0055087 CC 6.36e-05  3/1163     3/29107 D02 Ski complex                              6499.0, 9652.0, 80349.0 
GO:0005759 CC 9.39e-05 32/1163   381/29107 D05 mitochondrial matrix                     212.0, 501.0, 515.0, 686.0, 1373.0, 1716.0, 1757.0, 2066.0, 2232.0, 2235.0, 2936.0, 4191.0, 4329.0, 5106.0, 5160.0, 5625.0, 6059.0, 8192.0, 9054.0, 10102.0, 10845.0, 23408.0, 26073.0, 27292.0, 50808.0, 56953.0, 57570.0, 80222.0, 84340.0, 84869.0, 137872.0, 200895.0 
GO:0005925 CC 1.18e-04 34/1163   418/29107 D05 focal adhesion                           824.0, 857.0, 858.0, 928.0, 950.0, 975.0, 976.0, 1499.0, 1956.0, 2275.0, 2318.0, 2665.0, 3655.0, 3728.0, 4162.0, 4736.0, 6203.0, 9656.0, 10015.0, 10890.0, 10971.0, 10979.0, 23032.0, 23122.0, 23385.0, 23769.0, 29843.0, 55612.0, 55742.0, 58480.0, 58497.0, 79038.0, 79969.0, 117143.0 
GO:0030670 CC 1.28e-04 11/1163    72/29107 D07 phagocytic vesicle membrane              533.0, 4952.0, 6890.0, 6891.0, 6892.0, 9140.0, 9367.0, 10890.0, 30849.0, 55529.0, 155066.0 
GO:0031965 CC 2.52e-04 22/1163   233/29107 D04 nuclear membrane                         1956.0, 3837.0, 3930.0, 5356.0, 8089.0, 9218.0, 9284.0, 9631.0, 10390.0, 10983.0, 23155.0, 23399.0, 25777.0, 26092.0, 29843.0, 51131.0, 51530.0, 55746.0, 79902.0, 92140.0, 129787.0, 203228.0 
GO:0005743 CC 2.68e-04 32/1163   404/29107 D05 mitochondrial inner membrane             212.0, 291.0, 515.0, 516.0, 1349.0, 1373.0, 1543.0, 2232.0, 2235.0, 4711.0, 5625.0, 6150.0, 6392.0, 7818.0, 8604.0, 10229.0, 10367.0, 10730.0, 10845.0, 26515.0, 26517.0, 51522.0, 55863.0, 64965.0, 81853.0, 84311.0, 84545.0, 92259.0, 114971.0, 153328.0, 200895.0, 548596.0 
GO:0000178 CC 3.05e-04  5/1163    16/29107 D04 exosome (RNase complex)                  5393.0, 22894.0, 51013.0, 56915.0, 115752.0 
GO:0005635 CC 3.86e-04 18/1163   182/29107 D04 nuclear envelope                         142.0, 2475.0, 3429.0, 3837.0, 3930.0, 4864.0, 7444.0, 8605.0, 9107.0, 9631.0, 9798.0, 11124.0, 23399.0, 25777.0, 55379.0, 55746.0, 79902.0, 81488.0 
GO:0031410 CC 4.11e-04 25/1163   293/29107 D06 cytoplasmic vesicle                      857.0, 858.0, 1182.0, 5147.0, 6507.0, 6844.0, 7456.0, 8291.0, 9097.0, 10463.0, 11345.0, 22822.0, 22878.0, 23769.0, 29978.0, 29979.0, 51257.0, 51421.0, 51429.0, 55357.0, 80319.0, 83737.0, 122416.0, 285180.0, 643246.0 
GO:0010008 CC 4.22e-04 21/1163   227/29107 D06 endosome membrane                        533.0, 537.0, 950.0, 1182.0, 1956.0, 4430.0, 10159.0, 11311.0, 23385.0, 23527.0, 25777.0, 27183.0, 51104.0, 51257.0, 51324.0, 51510.0, 55652.0, 64114.0, 93343.0, 118442.0, 155066.0 
GO:0072546 CC 4.39e-04  4/1163    10/29107 D03 EMC complex                              10328.0, 51234.0, 55831.0, 93380.0 
GO:0005811 CC 4.43e-04 12/1163    96/29107 D05 lipid droplet                            857.0, 5010.0, 5878.0, 6609.0, 8605.0, 23399.0, 55102.0, 63874.0, 80270.0, 150379.0, 440503.0, 497661.0 
GO:0048471 CC 4.49e-04 48/1163   713/29107 D02 perinuclear region of cytoplasm          164.0, 857.0, 858.0, 988.0, 1499.0, 1656.0, 1956.0, 3625.0, 4430.0, 4864.0, 4915.0, 5142.0, 5764.0, 6507.0, 6772.0, 6844.0, 9107.0, 9218.0, 9618.0, 9863.0, 9961.0, 10128.0, 10410.0, 10483.0, 10791.0, 10801.0, 10890.0, 11011.0, 11124.0, 23032.0, 23208.0, 23405.0, 23769.0, 26052.0, 26234.0, 27183.0, 29979.0, 51112.0, 51552.0, 53916.0, 57447.0, 64848.0, 65082.0, 81573.0, 81618.0, 92140.0, 149371.0, 284161.0 
GO:0005764 CC 4.80e-04 24/1163   276/29107 D07 lysosome                                 411.0, 824.0, 2475.0, 3920.0, 3988.0, 4077.0, 4864.0, 4952.0, 5445.0, 6609.0, 7073.0, 9367.0, 10159.0, 23208.0, 25978.0, 27183.0, 51552.0, 54414.0, 54664.0, 55353.0, 65082.0, 81618.0, 153129.0, 203228.0 
GO:0090734 CC 5.78e-04  6/1163    27/29107 D02 site of DNA damage                       142.0, 6117.0, 7520.0, 11143.0, 51426.0, 54969.0 
GO:0000177 CC 6.68e-04  4/1163    11/29107 D05 cytoplasmic exosome (RNase complex)      5393.0, 22894.0, 56915.0, 115752.0 
GO:0000930 CC 6.68e-04  4/1163    11/29107 D02 gamma-tubulin complex                    5142.0, 7283.0, 10844.0, 27229.0 
GO:0000176 CC 9.70e-04  4/1163    12/29107 D05 nuclear exosome (RNase complex)          5393.0, 22894.0, 51013.0, 56915.0 
GO:0031901 CC 1.12e-03 16/1163   167/29107 D07 early endosome membrane                  857.0, 1182.0, 1956.0, 3140.0, 4915.0, 4952.0, 5869.0, 5878.0, 8630.0, 10410.0, 23673.0, 51552.0, 56674.0, 58533.0, 83737.0, 93380.0 
GO:0016012 CC 1.16e-03  3/1163     6/29107 D04 sarcoglycan complex                      6443.0, 6444.0, 8910.0 
GO:0030015 CC 1.16e-03  3/1163     6/29107 D02 CCR4-NOT core complex                    9125.0, 9337.0, 29883.0 
GO:0046872 MF 3.69e-06 149/1163  2297/29107 D04 metal ion binding                        132.0, 411.0, 443.0, 1301.0, 1789.0, 2275.0, 2967.0, 3655.0, 3669.0, 3682.0, 3703.0, 4907.0, 5136.0, 5142.0, 5445.0, 5562.0, 5649.0, 5980.0, 6117.0, 6392.0, 6507.0, 6529.0, 6667.0, 6890.0, 6891.0, 7553.0, 7564.0, 7581.0, 7589.0, 7694.0, 7695.0, 7706.0, 7711.0, 7733.0, 7745.0, 8226.0, 8544.0, 8751.0, 8819.0, 9054.0, 9070.0, 9337.0, 9586.0, 9831.0, 9841.0, 9917.0, 10020.0, 10156.0, 10213.0, 10229.0, 10390.0, 10617.0, 10730.0, 10773.0, 10795.0, 22882.0, 23052.0, 23099.0, 23173.0, 23355.0, 23405.0, 23527.0, 23536.0, 26147.0, 26515.0, 26747.0, 29083.0, 29102.0, 29883.0, 50862.0, 51094.0, 51131.0, 51163.0, 51193.0, 51317.0, 51426.0, 51427.0, 51692.0, 51710.0, 51780.0, 54816.0, 54981.0, 55156.0, 55644.0, 55693.0, 55713.0, 55748.0, 55786.0, 55900.0, 56163.0, 56242.0, 56953.0, 57336.0, 57541.0, 57547.0, 57593.0, 58480.0, 58497.0, 64780.0, 64789.0, 79038.0, 79230.0, 79872.0, 79901.0, 80095.0, 80144.0, 80778.0, 84172.0, 84327.0, 84450.0, 84527.0, 84671.0, 84838.0, 85465.0, 90338.0, 91445.0, 92285.0, 116984.0, 126375.0, 127396.0, 137872.0, 139735.0, 146050.0, 146198.0, 147657.0, 147687.0, 147947.0, 148156.0, 148206.0, 148266.0, 148811.0, 152006.0, 153129.0, 158431.0, 158471.0, 162962.0, 163115.0, 168391.0, 195828.0, 199692.0, 199777.0, 282890.0, 284161.0, 284323.0, 284370.0, 285180.0, 285267.0, 339500.0, 342357.0 
GO:0003723 MF 4.22e-06 94/1163  1388/29107 D04 RNA binding                              132.0, 142.0, 310.0, 689.0, 831.0, 988.0, 1615.0, 1653.0, 1656.0, 1982.0, 2023.0, 2483.0, 2665.0, 2935.0, 3006.0, 3183.0, 3433.0, 3837.0, 3930.0, 4191.0, 4329.0, 4736.0, 5393.0, 5822.0, 6150.0, 6203.0, 6231.0, 6499.0, 6596.0, 6605.0, 6632.0, 6727.0, 6729.0, 6731.0, 6838.0, 7073.0, 7247.0, 7332.0, 7520.0, 7706.0, 7818.0, 8361.0, 8366.0, 8880.0, 8996.0, 9337.0, 9785.0, 10102.0, 10128.0, 10179.0, 10209.0, 22894.0, 23193.0, 23318.0, 23405.0, 23536.0, 23567.0, 24138.0, 25917.0, 25972.0, 26097.0, 26747.0, 27044.0, 27292.0, 29102.0, 29106.0, 29883.0, 51013.0, 51163.0, 51535.0, 51631.0, 51692.0, 55272.0, 55379.0, 55794.0, 56915.0, 57062.0, 58155.0, 63897.0, 64848.0, 64965.0, 79009.0, 79869.0, 83448.0, 84271.0, 84311.0, 84545.0, 84950.0, 92140.0, 115752.0, 117246.0, 170506.0, 317781.0, 389421.0 
GO:0016922 MF 4.57e-06 10/1163    42/29107 D06 nuclear receptor binding                 1499.0, 5469.0, 6605.0, 6772.0, 8648.0, 8805.0, 9325.0, 10463.0, 10474.0, 54828.0 
GO:0008270 MF 6.63e-06 60/1163   814/29107 D06 zinc ion binding                         142.0, 767.0, 1362.0, 1363.0, 3837.0, 4077.0, 6047.0, 6051.0, 6596.0, 6609.0, 7185.0, 7376.0, 7539.0, 7705.0, 8458.0, 8554.0, 8805.0, 8878.0, 9202.0, 9325.0, 9516.0, 9520.0, 9572.0, 9618.0, 9960.0, 10299.0, 10483.0, 10713.0, 10845.0, 11043.0, 11143.0, 11237.0, 23032.0, 23318.0, 23326.0, 23408.0, 23567.0, 23660.0, 26046.0, 26517.0, 28970.0, 51257.0, 51530.0, 54969.0, 55223.0, 57688.0, 57798.0, 64375.0, 64844.0, 65249.0, 79685.0, 79776.0, 80319.0, 81931.0, 84101.0, 114799.0, 120526.0, 161725.0, 389421.0, 391712.0 
GO:0003713 MF 6.74e-06 25/1163   231/29107 D03 transcription coactivator activity       1499.0, 3728.0, 5469.0, 6605.0, 6880.0, 6882.0, 7332.0, 7706.0, 8464.0, 8648.0, 8805.0, 8850.0, 9325.0, 9440.0, 9792.0, 9913.0, 10474.0, 11043.0, 23326.0, 51741.0, 55223.0, 57826.0, 64900.0, 92140.0, 117143.0 
GO:0005515 MF 7.34e-06 776/1163 12417/29107 D02 protein binding                          58.0, 136.0, 142.0, 164.0, 212.0, 291.0, 310.0, 355.0, 378.0, 406.0, 443.0, 482.0, 501.0, 515.0, 516.0, 533.0, 537.0, 563.0, 590.0, 655.0, 689.0, 710.0, 767.0, 824.0, 831.0, 857.0, 858.0, 883.0, 889.0, 928.0, 950.0, 975.0, 976.0, 988.0, 994.0, 1027.0, 1073.0, 1182.0, 1305.0, 1314.0, 1318.0, 1349.0, 1363.0, 1373.0, 1378.0, 1415.0, 1457.0, 1499.0, 1543.0, 1577.0, 1615.0, 1653.0, 1656.0, 1717.0, 1789.0, 1956.0, 1982.0, 2018.0, 2023.0, 2052.0, 2066.0, 2235.0, 2264.0, 2275.0, 2277.0, 2318.0, 2329.0, 2475.0, 2483.0, 2530.0, 2531.0, 2665.0, 2696.0, 2729.0, 2770.0, 2935.0, 2941.0, 2947.0, 2948.0, 2956.0, 2958.0, 2967.0, 3006.0, 3140.0, 3183.0, 3298.0, 3397.0, 3429.0, 3433.0, 3440.0, 3625.0, 3655.0, 3703.0, 3728.0, 3795.0, 3821.0, 3822.0, 3837.0, 3858.0, 3920.0, 3930.0, 4013.0, 4077.0, 4118.0, 4163.0, 4175.0, 4257.0, 4345.0, 4430.0, 4552.0, 4598.0, 4601.0, 4693.0, 4711.0, 4736.0, 4763.0, 4780.0, 4815.0, 4864.0, 4907.0, 4915.0, 4952.0, 4986.0, 5010.0, 5106.0, 5147.0, 5160.0, 5236.0, 5279.0, 5281.0, 5287.0, 5317.0, 5356.0, 5393.0, 5432.0, 5469.0, 5494.0, 5504.0, 5523.0, 5562.0, 5571.0, 5630.0, 5654.0, 5683.0, 5689.0, 5693.0, 5701.0, 5708.0, 5711.0, 5720.0, 5764.0, 5824.0, 5825.0, 5834.0, 5869.0, 5878.0, 5929.0, 5950.0, 5980.0, 5981.0, 5995.0, 6047.0, 6059.0, 6117.0, 6119.0, 6150.0, 6203.0, 6231.0, 6302.0, 6392.0, 6443.0, 6499.0, 6507.0, 6529.0, 6596.0, 6605.0, 6609.0, 6632.0, 6655.0, 6660.0, 6667.0, 6717.0, 6727.0, 6729.0, 6731.0, 6746.0, 6772.0, 6838.0, 6844.0, 6880.0, 6882.0, 6890.0, 6891.0, 6892.0, 6936.0, 6938.0, 7030.0, 7060.0, 7107.0, 7185.0, 7247.0, 7268.0, 7283.0, 7322.0, 7332.0, 7376.0, 7389.0, 7407.0, 7436.0, 7443.0, 7444.0, 7456.0, 7520.0, 7564.0, 7589.0, 7694.0, 7695.0, 7705.0, 7706.0, 7711.0, 7733.0, 7745.0, 7818.0, 7918.0, 8089.0, 8161.0, 8192.0, 8195.0, 8226.0, 8237.0, 8291.0, 8361.0, 8366.0, 8450.0, 8458.0, 8476.0, 8518.0, 8544.0, 8546.0, 8554.0, 8555.0, 8556.0, 8560.0, 8604.0, 8605.0, 8648.0, 8665.0, 8751.0, 8805.0, 8818.0, 8819.0, 8850.0, 8857.0, 8878.0, 8880.0, 8881.0, 8996.0, 9054.0, 9070.0, 9097.0, 9107.0, 9113.0, 9125.0, 9140.0, 9196.0, 9200.0, 9202.0, 9218.0, 9283.0, 9325.0, 9337.0, 9354.0, 9367.0, 9373.0, 9403.0, 9419.0, 9440.0, 9499.0, 9516.0, 9547.0, 9562.0, 9572.0, 9586.0, 9618.0, 9631.0, 9652.0, 9656.0, 9695.0, 9776.0, 9777.0, 9785.0, 9792.0, 9798.0, 9802.0, 9827.0, 9831.0, 9841.0, 9863.0, 9870.0, 9878.0, 9897.0, 9913.0, 9917.0, 9961.0, 10015.0, 10020.0, 10102.0, 10128.0, 10159.0, 10179.0, 10209.0, 10213.0, 10215.0, 10229.0, 10299.0, 10328.0, 10342.0, 10363.0, 10367.0, 10390.0, 10410.0, 10473.0, 10474.0, 10483.0, 10513.0, 10554.0, 10557.0, 10558.0, 10617.0, 10623.0, 10628.0, 10694.0, 10712.0, 10713.0, 10730.0, 10741.0, 10773.0, 10791.0, 10801.0, 10826.0, 10844.0, 10845.0, 10890.0, 10971.0, 10972.0, 10979.0, 10983.0, 11011.0, 11101.0, 11118.0, 11119.0, 11124.0, 11143.0, 11147.0, 11221.0, 11234.0, 11237.0, 11272.0, 11311.0, 11341.0, 11345.0, 22822.0, 22832.0, 22845.0, 22878.0, 22882.0, 22894.0, 22909.0, 22937.0, 23032.0, 23052.0, 23066.0, 23078.0, 23099.0, 23120.0, 23122.0, 23127.0, 23149.0, 23155.0, 23173.0, 23193.0, 23198.0, 23208.0, 23243.0, 23244.0, 23256.0, 23318.0, 23322.0, 23326.0, 23339.0, 23355.0, 23385.0, 23394.0, 23399.0, 23405.0, 23506.0, 23554.0, 23567.0, 23585.0, 23589.0, 23596.0, 23660.0, 23673.0, 24138.0, 24139.0, 24140.0, 25759.0, 25777.0, 25801.0, 25827.0, 25842.0, 25913.0, 25917.0, 25936.0, 25941.0, 25943.0, 25972.0, 25978.0, 26002.0, 26046.0, 26052.0, 26071.0, 26073.0, 26092.0, 26097.0, 26128.0, 26147.0, 26234.0, 26235.0, 26355.0, 26507.0, 26515.0, 26517.0, 26747.0, 27044.0, 27183.0, 27229.0, 27248.0, 27345.0, 28970.0, 28972.0, 28990.0, 28991.0, 29083.0, 29102.0, 29103.0, 29106.0, 29843.0, 29883.0, 29919.0, 29945.0, 29978.0, 29979.0, 30817.0, 30820.0, 30849.0, 50808.0, 50862.0, 51013.0, 51026.0, 51075.0, 51090.0, 51091.0, 51094.0, 51112.0, 51114.0, 51125.0, 51131.0, 51142.0, 51181.0, 51193.0, 51234.0, 51248.0, 51257.0, 51259.0, 51290.0, 51310.0, 51317.0, 51324.0, 51367.0, 51390.0, 51397.0, 51400.0, 51421.0, 51427.0, 51429.0, 51435.0, 51465.0, 51510.0, 51517.0, 51522.0, 51530.0, 51535.0, 51540.0, 51552.0, 51562.0, 51616.0, 51631.0, 51660.0, 51692.0, 51741.0, 53407.0, 53838.0, 53916.0, 54103.0, 54108.0, 54664.0, 54682.0, 54762.0, 54800.0, 54828.0, 54870.0, 54881.0, 54887.0, 54930.0, 54957.0, 54969.0, 54981.0, 55014.0, 55070.0, 55117.0, 55144.0, 55156.0, 55170.0, 55223.0, 55236.0, 55248.0, 55266.0, 55272.0, 55278.0, 55323.0, 55336.0, 55353.0, 55357.0, 55379.0, 55529.0, 55540.0, 55604.0, 55608.0, 55644.0, 55652.0, 55693.0, 55713.0, 55719.0, 55742.0, 55746.0, 55770.0, 55775.0, 55786.0, 55831.0, 55863.0, 55871.0, 55900.0, 56124.0, 56271.0, 56605.0, 56674.0, 56892.0, 56898.0, 56915.0, 56929.0, 56942.0, 56952.0, 57020.0, 57185.0, 57228.0, 57406.0, 57447.0, 57463.0, 57511.0, 57541.0, 57544.0, 57547.0, 57556.0, 57645.0, 57697.0, 57721.0, 57763.0, 57826.0, 58480.0, 58488.0, 58490.0, 58497.0, 58533.0, 59277.0, 59338.0, 60468.0, 60481.0, 60484.0, 63826.0, 63874.0, 64114.0, 64127.0, 64168.0, 64375.0, 64714.0, 64766.0, 64780.0, 64798.0, 64834.0, 64844.0, 64848.0, 64965.0, 65062.0, 65082.0, 65258.0, 65267.0, 79001.0, 79003.0, 79022.0, 79038.0, 79269.0, 79685.0, 79745.0, 79800.0, 79839.0, 79869.0, 79872.0, 79892.0, 79901.0, 79902.0, 79979.0, 80011.0, 80169.0, 80184.0, 80199.0, 80222.0, 80227.0, 80270.0, 80274.0, 80349.0, 80726.0, 80778.0, 81573.0, 81618.0, 81853.0, 83448.0, 83452.0, 83461.0, 83548.0, 83737.0, 84056.0, 84078.0, 84101.0, 84106.0, 84172.0, 84271.0, 84311.0, 84340.0, 84450.0, 84457.0, 84498.0, 84527.0, 84545.0, 84617.0, 84727.0, 84749.0, 84790.0, 84838.0, 84869.0, 84938.0, 84950.0, 84975.0, 85021.0, 85417.0, 87769.0, 90187.0, 90865.0, 91408.0, 91445.0, 91775.0, 91949.0, 92140.0, 92482.0, 93343.0, 93380.0, 94005.0, 94101.0, 95681.0, 96459.0, 112399.0, 112752.0, 113246.0, 113402.0, 114971.0, 115752.0, 115817.0, 116028.0, 116173.0, 116448.0, 117246.0, 118426.0, 118442.0, 119392.0, 121665.0, 122060.0, 123283.0, 123606.0, 123803.0, 125061.0, 126133.0, 126375.0, 127253.0, 127255.0, 128869.0, 130132.0, 130340.0, 134510.0, 138639.0, 139285.0, 139341.0, 140688.0, 146059.0, 146198.0, 147657.0, 147687.0, 148156.0, 148266.0, 148362.0, 149371.0, 150094.0, 150379.0, 152006.0, 152404.0, 152756.0, 153129.0, 153328.0, 153339.0, 157773.0, 161198.0, 162517.0, 162681.0, 163786.0, 170506.0, 171546.0, 199692.0, 203228.0, 204219.0, 206358.0, 221458.0, 221477.0, 253558.0, 255275.0, 256309.0, 258010.0, 259294.0, 282809.0, 283459.0, 283987.0, 284111.0, 284131.0, 284323.0, 285180.0, 286077.0, 340547.0, 342372.0, 347734.0, 374986.0, 388325.0, 388677.0, 389421.0, 399694.0, 401541.0, 440026.0, 440503.0, 441168.0, 441518.0, 445815.0, 497661.0, 541466.0, 548596.0, 548644.0, 644943.0, 729238.0, 729852.0, 101928527.0 
GO:0016491 MF 9.84e-06 16/1163   112/29107 D02 oxidoreductase activity                  1543.0, 1577.0, 1757.0, 2232.0, 3992.0, 4552.0, 8630.0, 9403.0, 10826.0, 51741.0, 56605.0, 56948.0, 79901.0, 79966.0, 83592.0, 115817.0 
GO:0051117 MF 1.14e-05 14/1163    89/29107 D04 ATPase binding                           482.0, 857.0, 1956.0, 5824.0, 6880.0, 7376.0, 8192.0, 11345.0, 23385.0, 26092.0, 26747.0, 54664.0, 84899.0, 258010.0 
GO:0004307 MF 6.36e-05  3/1163     3/29107 D06 ethanolaminephosphotransferase activity  5281.0, 10390.0, 85465.0 
GO:0000978 MF 7.20e-05 75/1163  1178/29107 D09 RNA polymerase II cis-regulatory region sequence-specific DNA binding 406.0, 2018.0, 3298.0, 3299.0, 4601.0, 4603.0, 4780.0, 5469.0, 6660.0, 6667.0, 6772.0, 6938.0, 7030.0, 7376.0, 7553.0, 7564.0, 7581.0, 7589.0, 7694.0, 7695.0, 7705.0, 7711.0, 7745.0, 9516.0, 9572.0, 9586.0, 9831.0, 9841.0, 9960.0, 10215.0, 10732.0, 10773.0, 10795.0, 23660.0, 30812.0, 51193.0, 51427.0, 54816.0, 55713.0, 55786.0, 55900.0, 56242.0, 57336.0, 57547.0, 57593.0, 60468.0, 64375.0, 79776.0, 79800.0, 80095.0, 80778.0, 81931.0, 84671.0, 84838.0, 90338.0, 92285.0, 116448.0, 126375.0, 139735.0, 146050.0, 147657.0, 147687.0, 147947.0, 148206.0, 148266.0, 158431.0, 162962.0, 170506.0, 195828.0, 199777.0, 282890.0, 284323.0, 284370.0, 339500.0, 342357.0 
GO:0019901 MF 1.08e-04 37/1163   469/29107 D05 protein kinase binding                   142.0, 857.0, 858.0, 988.0, 994.0, 1027.0, 1499.0, 1956.0, 2475.0, 3728.0, 5571.0, 5764.0, 7443.0, 7444.0, 8850.0, 8878.0, 9113.0, 9325.0, 9618.0, 9776.0, 9961.0, 10979.0, 11124.0, 25759.0, 51094.0, 51400.0, 51530.0, 55014.0, 55770.0, 57763.0, 64127.0, 64780.0, 84106.0, 85417.0, 150094.0, 286077.0, 399694.0 
GO:0004984 MF 8.85e-07  0/1163   399/29107 D04 olfactory receptor activity               
