GO:0022010 BP 2.48e-08   7/464    13/29107 D05 central nervous system myelination       443.0, 745.0, 4099.0, 5354.0, 6663.0, 6900.0, 84504.0 
GO:0042552 BP 4.21e-07   9/464    44/29107 D04 myelination                              3792.0, 4118.0, 5653.0, 9444.0, 9514.0, 10215.0, 51090.0, 83700.0, 256987.0 
GO:0007015 BP 8.10e-07  14/464   125/29107 D05 actin filament organization              391.0, 1495.0, 3092.0, 4642.0, 4643.0, 7018.0, 9181.0, 9844.0, 10435.0, 57471.0, 57477.0, 65108.0, 84327.0, 134549.0 
GO:0007155 BP 1.35e-06  25/464   488/29107 D02 cell adhesion                            214.0, 333.0, 928.0, 933.0, 976.0, 1495.0, 3673.0, 4099.0, 4340.0, 4815.0, 4974.0, 5010.0, 5101.0, 6696.0, 6900.0, 7058.0, 9635.0, 9638.0, 9788.0, 10278.0, 10507.0, 51148.0, 60484.0, 85445.0, 220296.0 
GO:0048709 BP 2.18e-06   6/464    25/29107 D05 oligodendrocyte differentiation          666.0, 745.0, 1267.0, 6663.0, 11221.0, 30812.0 
GO:0030036 BP 7.26e-06  12/464   154/29107 D06 actin cytoskeleton organization          391.0, 1465.0, 2318.0, 9639.0, 9788.0, 9844.0, 10420.0, 10435.0, 11155.0, 51421.0, 57477.0, 64423.0 
GO:0001525 BP 2.53e-05  14/464   233/29107 D03 angiogenesis                             347.0, 1942.0, 2263.0, 2549.0, 3516.0, 4211.0, 7716.0, 7855.0, 23452.0, 25932.0, 51421.0, 56913.0, 83700.0, 219699.0 
GO:0008360 BP 2.88e-05  11/464   149/29107 D06 regulation of cell shape                 391.0, 3249.0, 5365.0, 5962.0, 10435.0, 10507.0, 11135.0, 11149.0, 57471.0, 58480.0, 114793.0 
GO:0014003 BP 3.33e-05   5/464    24/29107 D05 oligodendrocyte development              745.0, 928.0, 4821.0, 6663.0, 116448.0 
GO:0045665 BP 3.73e-05   7/464    58/29107 D06 negative regulation of neuron differentiation 4099.0, 4211.0, 4821.0, 6900.0, 9745.0, 10215.0, 28514.0 
GO:0015693 BP 4.07e-05   4/464    13/29107 D07 magnesium ion transport                  3759.0, 57185.0, 84061.0, 348938.0 
GO:0043209 CC 2.88e-07   8/464    29/29107 D02 myelin sheath                            4099.0, 4642.0, 5354.0, 6900.0, 22933.0, 57165.0, 57471.0, 256987.0 
GO:0005912 CC 3.63e-07  14/464   162/29107 D05 adherens junction                        1495.0, 3728.0, 4643.0, 5962.0, 9267.0, 10397.0, 11135.0, 11155.0, 23150.0, 28513.0, 28514.0, 57477.0, 84978.0, 134549.0 
GO:0016324 CC 3.78e-07  25/464   358/29107 D04 apical plasma membrane                   928.0, 989.0, 1080.0, 3249.0, 4036.0, 4118.0, 5337.0, 5663.0, 5794.0, 5962.0, 6536.0, 6558.0, 7018.0, 9341.0, 22802.0, 28514.0, 56302.0, 56650.0, 57477.0, 115019.0, 134549.0, 140803.0, 154043.0, 283999.0, 338328.0 
GO:0033270 CC 7.28e-07   5/464    12/29107 D02 paranode region of axon                  4099.0, 22933.0, 23303.0, 57165.0, 57471.0 
GO:0009986 CC 8.27e-07  27/464   579/29107 D02 cell surface                             933.0, 1080.0, 1368.0, 1410.0, 2263.0, 2346.0, 2861.0, 3249.0, 3306.0, 3673.0, 5046.0, 5365.0, 5663.0, 6900.0, 7018.0, 7855.0, 9341.0, 11141.0, 23555.0, 23621.0, 25932.0, 51704.0, 55248.0, 56650.0, 64399.0, 115019.0, 342035.0 
GO:0030424 CC 1.03e-06  21/464   318/29107 D05 axon                                     214.0, 1410.0, 2913.0, 3996.0, 4036.0, 4642.0, 4752.0, 5010.0, 6900.0, 7855.0, 9638.0, 11141.0, 23176.0, 23303.0, 23621.0, 26119.0, 57556.0, 57609.0, 80725.0, 220296.0, 342035.0 
GO:0005789 CC 1.30e-06  37/464   973/29107 D04 endoplasmic reticulum membrane           391.0, 666.0, 745.0, 950.0, 1080.0, 1573.0, 2180.0, 2705.0, 2861.0, 3249.0, 3293.0, 5337.0, 5663.0, 6720.0, 7444.0, 8612.0, 8985.0, 9517.0, 10826.0, 11322.0, 11342.0, 23120.0, 23250.0, 26022.0, 29956.0, 51114.0, 51700.0, 55144.0, 57458.0, 64834.0, 79152.0, 79956.0, 128869.0, 158747.0, 160335.0, 221035.0, 286827.0 
GO:0005783 CC 1.60e-06  43/464  1040/29107 D05 endoplasmic reticulum                    322.0, 323.0, 347.0, 666.0, 2180.0, 2861.0, 3293.0, 4036.0, 4118.0, 4864.0, 5046.0, 5287.0, 5653.0, 5663.0, 6238.0, 7368.0, 7405.0, 7444.0, 7869.0, 8612.0, 8985.0, 10351.0, 11145.0, 11322.0, 11342.0, 23120.0, 23250.0, 26022.0, 29937.0, 29956.0, 51024.0, 51114.0, 57458.0, 64834.0, 79152.0, 79956.0, 84061.0, 84899.0, 158747.0, 160335.0, 283999.0, 286827.0, 768206.0 
GO:0005874 CC 1.69e-06  18/464   298/29107 D06 microtubule                              1155.0, 1781.0, 1808.0, 4296.0, 8632.0, 9181.0, 9638.0, 10397.0, 22933.0, 23122.0, 23303.0, 24139.0, 54820.0, 57509.0, 79739.0, 79929.0, 84445.0, 134549.0 
GO:0005887 CC 1.71e-06  56/464  1403/29107 D04 integral component of plasma membrane    214.0, 928.0, 933.0, 976.0, 1080.0, 1318.0, 2065.0, 2263.0, 2346.0, 2861.0, 2913.0, 3249.0, 3759.0, 4099.0, 4815.0, 4864.0, 5027.0, 5101.0, 5365.0, 5638.0, 5663.0, 5789.0, 5794.0, 6536.0, 6558.0, 6856.0, 7855.0, 7869.0, 8549.0, 8612.0, 9514.0, 9635.0, 10165.0, 10507.0, 11322.0, 22802.0, 23250.0, 23555.0, 23621.0, 25780.0, 28232.0, 28514.0, 54910.0, 55144.0, 55248.0, 55503.0, 56302.0, 57556.0, 64399.0, 79905.0, 83700.0, 84061.0, 115019.0, 131096.0, 140803.0, 158747.0 
GO:0005794 CC 1.78e-06  38/464   988/29107 D05 Golgi apparatus                          323.0, 333.0, 666.0, 745.0, 1410.0, 2263.0, 2530.0, 3092.0, 3759.0, 4036.0, 4864.0, 5337.0, 5663.0, 6696.0, 8549.0, 8985.0, 9181.0, 9363.0, 9516.0, 9638.0, 11046.0, 11221.0, 11226.0, 11322.0, 23122.0, 23604.0, 23621.0, 25963.0, 51114.0, 51809.0, 55858.0, 57509.0, 83700.0, 93377.0, 93643.0, 256987.0, 347734.0, 768206.0 
GO:0016020 CC 2.04e-06  69/464  2120/29107 D02 membrane                                 20.0, 323.0, 928.0, 950.0, 976.0, 1080.0, 1267.0, 1808.0, 2180.0, 2263.0, 2346.0, 2530.0, 3092.0, 3306.0, 3920.0, 3991.0, 4124.0, 4296.0, 4864.0, 5027.0, 5046.0, 5287.0, 5337.0, 5663.0, 6238.0, 6536.0, 6558.0, 6801.0, 9514.0, 9844.0, 9918.0, 10435.0, 10617.0, 10826.0, 22875.0, 23052.0, 23122.0, 23250.0, 23446.0, 23621.0, 25963.0, 29937.0, 29956.0, 51024.0, 51104.0, 51228.0, 51700.0, 51809.0, 54820.0, 54893.0, 55144.0, 57185.0, 57609.0, 57644.0, 63895.0, 64834.0, 79152.0, 79956.0, 84061.0, 84327.0, 85414.0, 117584.0, 127829.0, 128869.0, 158747.0, 221035.0, 256987.0, 347734.0, 348938.0 
GO:0005886 CC 2.64e-06 159/464  4487/29107 D03 plasma membrane                          20.0, 322.0, 333.0, 391.0, 825.0, 928.0, 933.0, 950.0, 976.0, 1080.0, 1267.0, 1318.0, 1368.0, 1495.0, 1808.0, 1942.0, 2065.0, 2180.0, 2263.0, 2318.0, 2346.0, 2696.0, 2861.0, 2913.0, 2934.0, 3249.0, 3306.0, 3673.0, 3728.0, 3759.0, 3792.0, 3920.0, 3993.0, 3996.0, 4036.0, 4099.0, 4340.0, 4642.0, 4643.0, 4974.0, 5010.0, 5027.0, 5046.0, 5168.0, 5287.0, 5305.0, 5337.0, 5354.0, 5365.0, 5376.0, 5588.0, 5638.0, 5663.0, 5789.0, 5962.0, 6536.0, 6558.0, 6900.0, 7018.0, 7368.0, 7855.0, 8291.0, 8549.0, 8612.0, 8871.0, 9267.0, 9341.0, 9363.0, 9516.0, 9635.0, 9638.0, 9725.0, 9844.0, 10278.0, 10314.0, 10351.0, 10397.0, 10435.0, 10507.0, 10617.0, 11135.0, 11141.0, 11145.0, 11149.0, 11322.0, 22802.0, 22875.0, 22933.0, 23048.0, 23120.0, 23122.0, 23149.0, 23239.0, 23250.0, 23446.0, 23555.0, 23621.0, 23632.0, 25780.0, 25801.0, 25861.0, 25932.0, 26022.0, 26119.0, 28232.0, 28514.0, 51104.0, 51148.0, 51421.0, 51704.0, 53637.0, 54899.0, 54933.0, 55144.0, 55313.0, 55503.0, 55652.0, 56302.0, 57509.0, 57580.0, 58480.0, 63895.0, 64849.0, 65108.0, 79628.0, 80005.0, 83697.0, 83700.0, 84061.0, 84445.0, 84466.0, 85414.0, 88455.0, 89853.0, 90861.0, 93377.0, 93643.0, 94015.0, 115019.0, 115584.0, 117584.0, 118442.0, 118611.0, 127829.0, 128869.0, 131096.0, 133121.0, 135924.0, 140803.0, 145270.0, 158747.0, 219287.0, 219699.0, 222223.0, 256227.0, 256987.0, 338328.0, 342035.0, 399694.0 
GO:0016021 CC 2.71e-06 106/464  3536/29107 D03 integral component of membrane           20.0, 333.0, 666.0, 745.0, 933.0, 950.0, 1080.0, 2123.0, 2180.0, 2263.0, 2530.0, 2696.0, 2705.0, 3249.0, 3792.0, 4036.0, 4118.0, 4122.0, 4124.0, 4340.0, 4864.0, 5010.0, 5376.0, 5663.0, 6720.0, 6856.0, 7368.0, 7444.0, 7855.0, 8291.0, 8612.0, 9144.0, 9341.0, 9517.0, 9625.0, 9725.0, 10351.0, 10826.0, 11046.0, 11141.0, 11145.0, 11149.0, 11226.0, 11342.0, 22875.0, 23446.0, 23621.0, 23632.0, 25963.0, 26022.0, 28513.0, 29956.0, 51090.0, 51114.0, 51704.0, 51809.0, 53637.0, 54933.0, 55144.0, 55281.0, 55314.0, 55356.0, 55652.0, 55858.0, 56650.0, 56913.0, 57165.0, 57185.0, 57458.0, 57556.0, 63027.0, 63895.0, 64849.0, 79152.0, 79789.0, 79956.0, 79962.0, 83697.0, 84466.0, 84899.0, 84978.0, 85414.0, 85445.0, 93377.0, 114908.0, 115584.0, 116173.0, 118442.0, 124222.0, 128218.0, 135924.0, 145270.0, 160335.0, 219699.0, 220296.0, 221035.0, 222223.0, 256227.0, 256987.0, 283999.0, 286827.0, 342035.0, 347734.0, 348938.0, 643008.0, 100130933.0 
GO:0070062 CC 2.72e-06  73/464  2169/29107 D06 extracellular exosome                    81.0, 214.0, 347.0, 391.0, 873.0, 928.0, 933.0, 950.0, 976.0, 989.0, 1073.0, 1267.0, 1368.0, 1410.0, 1465.0, 1573.0, 1808.0, 2346.0, 2530.0, 2934.0, 3249.0, 3306.0, 3728.0, 3920.0, 4036.0, 4124.0, 4642.0, 4643.0, 4864.0, 5151.0, 5789.0, 5860.0, 5962.0, 6035.0, 6050.0, 6414.0, 6558.0, 6696.0, 6856.0, 6888.0, 7018.0, 8291.0, 8985.0, 9144.0, 9380.0, 9586.0, 9725.0, 10397.0, 10617.0, 11240.0, 11322.0, 22875.0, 23052.0, 23446.0, 23452.0, 25801.0, 25932.0, 26022.0, 51125.0, 51704.0, 51809.0, 57471.0, 57609.0, 57636.0, 64849.0, 64856.0, 65108.0, 89853.0, 115019.0, 127829.0, 133121.0, 152007.0, 256987.0 
GO:0005737 CC 2.90e-06 127/464  4681/29107 D02 cytoplasm                                81.0, 322.0, 323.0, 347.0, 666.0, 825.0, 933.0, 950.0, 1028.0, 1073.0, 1080.0, 1155.0, 1267.0, 1371.0, 1410.0, 1465.0, 1573.0, 1781.0, 2263.0, 2318.0, 2346.0, 2593.0, 2861.0, 2934.0, 3092.0, 3306.0, 3516.0, 3728.0, 3993.0, 3996.0, 4099.0, 4286.0, 4642.0, 4643.0, 4752.0, 5027.0, 5129.0, 5287.0, 5653.0, 5794.0, 5860.0, 6299.0, 6720.0, 6888.0, 7298.0, 7405.0, 7444.0, 7942.0, 9134.0, 9181.0, 9267.0, 9380.0, 9444.0, 9638.0, 9670.0, 9788.0, 9844.0, 9918.0, 10215.0, 10278.0, 10314.0, 10397.0, 10420.0, 10435.0, 10826.0, 11135.0, 11141.0, 11145.0, 11183.0, 11221.0, 11240.0, 11322.0, 22933.0, 23122.0, 23149.0, 23150.0, 23239.0, 23303.0, 23604.0, 24139.0, 25801.0, 25861.0, 25932.0, 27296.0, 30812.0, 53637.0, 54893.0, 54899.0, 55120.0, 55144.0, 55182.0, 55223.0, 55323.0, 55421.0, 55861.0, 55902.0, 56062.0, 57060.0, 57471.0, 57477.0, 57509.0, 57519.0, 57609.0, 64399.0, 65108.0, 79789.0, 80005.0, 80725.0, 84327.0, 84938.0, 88455.0, 92291.0, 92482.0, 116362.0, 116984.0, 117584.0, 118611.0, 122060.0, 125061.0, 127829.0, 154043.0, 158471.0, 220296.0, 282809.0, 340371.0, 389337.0, 768206.0 
GO:0005923 CC 3.97e-06  11/464   121/29107 D06 bicellular tight junction                5010.0, 5376.0, 6801.0, 7855.0, 9181.0, 9267.0, 11149.0, 23150.0, 51421.0, 83700.0, 93643.0 
GO:0048471 CC 4.88e-06  29/464   713/29107 D02 perinuclear region of cytoplasm          81.0, 322.0, 333.0, 347.0, 991.0, 1267.0, 3673.0, 4864.0, 5142.0, 5337.0, 5663.0, 6696.0, 7018.0, 7855.0, 8871.0, 9341.0, 9625.0, 10397.0, 11145.0, 11155.0, 11226.0, 22933.0, 23097.0, 25780.0, 25932.0, 57580.0, 64423.0, 88455.0, 256987.0 
GO:0055037 CC 5.89e-06  11/464   126/29107 D08 recycling endosome                       933.0, 1080.0, 1318.0, 7018.0, 9341.0, 23232.0, 23250.0, 23621.0, 23678.0, 26119.0, 51421.0 
GO:0005769 CC 7.37e-06  16/464   268/29107 D08 early endosome                           323.0, 933.0, 1080.0, 4642.0, 7018.0, 7405.0, 8291.0, 8612.0, 9341.0, 9765.0, 10617.0, 23250.0, 23621.0, 23678.0, 26119.0, 89853.0 
GO:0005829 CC 8.52e-06 124/464  5295/29107 D02 cytosol                                  81.0, 391.0, 443.0, 745.0, 825.0, 873.0, 989.0, 991.0, 1080.0, 1155.0, 1371.0, 1410.0, 1495.0, 1781.0, 1808.0, 2318.0, 2549.0, 2593.0, 2729.0, 2934.0, 3092.0, 3306.0, 3728.0, 3988.0, 3991.0, 3993.0, 4296.0, 4552.0, 4642.0, 5137.0, 5142.0, 5151.0, 5287.0, 5305.0, 5435.0, 5588.0, 5860.0, 5977.0, 6050.0, 6242.0, 6558.0, 6720.0, 6801.0, 6888.0, 7298.0, 7456.0, 7942.0, 8495.0, 8871.0, 9134.0, 9181.0, 9267.0, 9341.0, 9380.0, 9635.0, 9639.0, 9738.0, 9765.0, 9844.0, 9918.0, 10110.0, 10397.0, 10435.0, 10617.0, 10625.0, 11135.0, 11145.0, 11221.0, 11240.0, 11342.0, 22933.0, 23048.0, 23052.0, 23097.0, 23122.0, 23149.0, 23198.0, 23239.0, 23258.0, 23303.0, 23446.0, 23555.0, 23678.0, 25801.0, 25932.0, 25963.0, 26030.0, 26119.0, 51024.0, 51114.0, 51228.0, 51421.0, 51433.0, 51704.0, 54443.0, 54820.0, 54893.0, 54899.0, 55223.0, 55313.0, 55793.0, 55902.0, 56896.0, 57060.0, 57571.0, 57580.0, 57636.0, 58480.0, 64077.0, 79739.0, 80005.0, 84327.0, 84445.0, 84735.0, 84886.0, 89853.0, 90861.0, 92482.0, 94274.0, 114793.0, 117584.0, 118611.0, 125061.0, 256987.0 
GO:0000139 CC 1.02e-05  25/464   587/29107 D05 Golgi membrane                           950.0, 2530.0, 4122.0, 4124.0, 5337.0, 5663.0, 6720.0, 7855.0, 9267.0, 9363.0, 9514.0, 9516.0, 11046.0, 11226.0, 11342.0, 23258.0, 51114.0, 51125.0, 51809.0, 54941.0, 56913.0, 58480.0, 152007.0, 205428.0, 347734.0 
GO:0009925 CC 1.05e-05   7/464    48/29107 D04 basal plasma membrane                    2065.0, 6536.0, 6558.0, 7018.0, 9635.0, 26119.0, 57477.0 
GO:0030669 CC 1.40e-05   8/464    69/29107 D08 clathrin-coated endocytic vesicle membrane 928.0, 950.0, 1080.0, 4036.0, 7018.0, 7855.0, 9341.0, 26119.0 
GO:0043218 CC 1.59e-05   3/464     4/29107 D02 compact myelin                           4099.0, 5376.0, 51090.0 
GO:0043231 CC 1.91e-05  31/464   846/29107 D04 intracellular membrane-bounded organelle 20.0, 1495.0, 1573.0, 3092.0, 3293.0, 3344.0, 3988.0, 3993.0, 5287.0, 5977.0, 7368.0, 9341.0, 9516.0, 9725.0, 9765.0, 10351.0, 11342.0, 23048.0, 23239.0, 23250.0, 23555.0, 23604.0, 23678.0, 51704.0, 54941.0, 55120.0, 55719.0, 55858.0, 55902.0, 57477.0, 256987.0 
GO:0005856 CC 2.83e-05  19/464   401/29107 D05 cytoskeleton                             391.0, 2318.0, 3092.0, 3728.0, 3996.0, 4643.0, 8871.0, 9181.0, 10435.0, 10625.0, 11135.0, 11155.0, 23048.0, 23150.0, 57471.0, 57475.0, 65108.0, 84978.0, 122060.0 
GO:0031902 CC 3.82e-05  10/464   127/29107 D07 late endosome membrane                   950.0, 3920.0, 4864.0, 5337.0, 11342.0, 23120.0, 23555.0, 55858.0, 89853.0, 127829.0 
GO:0015629 CC 4.39e-05  14/464   245/29107 D06 actin cytoskeleton                       81.0, 1073.0, 1495.0, 2934.0, 3728.0, 4642.0, 4643.0, 7456.0, 9788.0, 25932.0, 54443.0, 57477.0, 80725.0, 118611.0 
GO:0005925 CC 4.95e-05  19/464   418/29107 D05 focal adhesion                           81.0, 214.0, 391.0, 928.0, 950.0, 976.0, 1465.0, 1495.0, 2318.0, 2934.0, 3673.0, 3728.0, 5962.0, 9181.0, 10278.0, 11135.0, 23122.0, 57477.0, 58480.0 
GO:0043025 CC 6.49e-05  17/464   355/29107 D03 neuronal cell body                       214.0, 322.0, 347.0, 3249.0, 3759.0, 4642.0, 5137.0, 5663.0, 6558.0, 6801.0, 6900.0, 9638.0, 23621.0, 25861.0, 56896.0, 57471.0, 80725.0 
GO:0005765 CC 9.48e-05  16/464   331/29107 D07 lysosomal membrane                       20.0, 950.0, 1080.0, 3920.0, 4036.0, 4864.0, 5337.0, 5663.0, 7942.0, 9516.0, 9725.0, 11342.0, 23250.0, 55652.0, 55858.0, 127829.0 
GO:0005902 CC 9.53e-05   7/464    67/29107 D05 microvillus                              1267.0, 4642.0, 4643.0, 5962.0, 23303.0, 25932.0, 83700.0 
GO:0030864 CC 9.81e-05   6/464    47/29107 D07 cortical actin cytoskeleton              2934.0, 3993.0, 3996.0, 5962.0, 57477.0, 134549.0 
GO:0030018 CC 2.33e-04   9/464   129/29107 D02 Z disc                                   825.0, 1073.0, 1410.0, 1465.0, 2318.0, 3728.0, 5142.0, 5663.0, 11155.0 
GO:0031410 CC 2.87e-04  14/464   293/29107 D06 cytoplasmic vesicle                      20.0, 391.0, 2263.0, 4642.0, 7018.0, 7456.0, 8291.0, 9181.0, 23048.0, 23604.0, 28514.0, 51421.0, 79628.0, 114908.0 
GO:0015630 CC 2.88e-04  10/464   162/29107 D06 microtubule cytoskeleton                 989.0, 1155.0, 1410.0, 10397.0, 10435.0, 23176.0, 25932.0, 56062.0, 57509.0, 151011.0 
GO:0010008 CC 3.12e-04  12/464   227/29107 D06 endosome membrane                        20.0, 950.0, 1080.0, 7018.0, 23621.0, 25777.0, 51104.0, 55652.0, 55858.0, 89853.0, 117584.0, 118442.0 
GO:0043220 CC 6.04e-04   3/464    11/29107 D02 Schmidt-Lanterman incisure               4099.0, 22933.0, 83700.0 
GO:0002178 CC 7.53e-04   2/464     3/29107 D04 palmitoyltransferase complex             51114.0, 51125.0 
GO:0005594 CC 7.53e-04   2/464     3/29107 D04 collagen type IX trimer                  1298.0, 1299.0 
GO:0005813 CC 1.12e-03  19/464   528/29107 D03 centrosome                               991.0, 1781.0, 4296.0, 5142.0, 5663.0, 5977.0, 7405.0, 9134.0, 9638.0, 9639.0, 9738.0, 10397.0, 22933.0, 25932.0, 54820.0, 84445.0, 118611.0, 256987.0, 282809.0 
GO:0045159 MF 2.38e-07   5/464    10/29107 D05 myosin II binding                        2934.0, 3993.0, 3996.0, 57477.0, 134549.0 
GO:0051015 MF 1.70e-06  15/464   211/29107 D05 actin filament binding                   81.0, 1073.0, 1495.0, 2318.0, 2934.0, 3092.0, 4642.0, 4643.0, 57471.0, 57477.0, 57644.0, 65108.0, 79789.0, 114793.0, 134549.0 
GO:0005515 MF 4.17e-06 294/464 12418/29107 D02 protein binding                          81.0, 214.0, 322.0, 323.0, 333.0, 347.0, 391.0, 443.0, 666.0, 825.0, 928.0, 933.0, 950.0, 976.0, 989.0, 991.0, 1028.0, 1073.0, 1080.0, 1155.0, 1267.0, 1298.0, 1318.0, 1410.0, 1465.0, 1495.0, 1781.0, 1808.0, 1942.0, 2065.0, 2123.0, 2263.0, 2318.0, 2530.0, 2549.0, 2593.0, 2696.0, 2705.0, 2729.0, 2861.0, 2934.0, 3092.0, 3249.0, 3306.0, 3344.0, 3516.0, 3673.0, 3728.0, 3759.0, 3792.0, 3920.0, 3991.0, 3993.0, 3996.0, 4036.0, 4118.0, 4211.0, 4286.0, 4296.0, 4552.0, 4643.0, 4752.0, 4815.0, 4821.0, 4864.0, 5010.0, 5027.0, 5046.0, 5129.0, 5287.0, 5305.0, 5337.0, 5354.0, 5365.0, 5376.0, 5523.0, 5588.0, 5638.0, 5653.0, 5663.0, 5789.0, 5794.0, 5962.0, 5977.0, 6035.0, 6050.0, 6242.0, 6299.0, 6457.0, 6558.0, 6663.0, 6696.0, 6720.0, 6801.0, 6856.0, 6888.0, 6900.0, 7018.0, 7058.0, 7405.0, 7444.0, 7456.0, 7681.0, 7716.0, 7855.0, 7942.0, 8291.0, 8495.0, 8549.0, 8612.0, 8871.0, 8985.0, 9134.0, 9144.0, 9181.0, 9220.0, 9267.0, 9341.0, 9363.0, 9380.0, 9444.0, 9507.0, 9516.0, 9586.0, 9625.0, 9638.0, 9639.0, 9670.0, 9717.0, 9725.0, 9738.0, 9765.0, 9788.0, 9844.0, 9918.0, 10215.0, 10278.0, 10314.0, 10397.0, 10420.0, 10435.0, 10507.0, 10617.0, 10625.0, 10655.0, 10826.0, 11135.0, 11141.0, 11145.0, 11149.0, 11155.0, 11183.0, 11221.0, 11226.0, 11322.0, 11342.0, 22875.0, 22913.0, 22933.0, 23048.0, 23052.0, 23120.0, 23122.0, 23127.0, 23149.0, 23176.0, 23187.0, 23198.0, 23239.0, 23250.0, 23258.0, 23303.0, 23452.0, 23555.0, 23604.0, 23621.0, 23678.0, 24139.0, 25777.0, 25780.0, 25801.0, 25861.0, 25932.0, 26022.0, 26119.0, 27296.0, 28514.0, 29937.0, 29956.0, 30850.0, 51024.0, 51090.0, 51114.0, 51125.0, 51148.0, 51228.0, 51421.0, 51700.0, 53637.0, 54108.0, 54820.0, 54880.0, 54910.0, 54941.0, 55120.0, 55144.0, 55182.0, 55223.0, 55248.0, 55281.0, 55314.0, 55323.0, 55421.0, 55503.0, 55652.0, 55719.0, 55793.0, 55861.0, 56302.0, 56650.0, 56896.0, 56913.0, 57185.0, 57458.0, 57471.0, 57556.0, 57580.0, 57644.0, 58480.0, 60484.0, 63027.0, 64077.0, 64399.0, 64798.0, 64834.0, 64849.0, 65108.0, 79152.0, 79817.0, 79899.0, 79956.0, 79962.0, 80005.0, 80725.0, 83700.0, 84445.0, 84938.0, 84978.0, 89853.0, 91833.0, 92482.0, 93643.0, 94015.0, 114792.0, 114908.0, 115584.0, 116173.0, 116362.0, 116448.0, 116461.0, 117584.0, 118442.0, 119392.0, 122060.0, 125061.0, 127829.0, 128869.0, 133121.0, 140803.0, 151011.0, 154043.0, 158747.0, 159195.0, 160335.0, 162681.0, 219287.0, 219699.0, 220108.0, 220965.0, 221035.0, 255394.0, 256227.0, 282809.0, 284992.0, 285527.0, 286262.0, 286827.0, 338328.0, 347734.0, 348938.0, 388403.0, 399694.0, 404093.0, 643008.0 
GO:0008017 MF 1.61e-05  15/464   254/29107 D05 microtubule binding                      1410.0, 1808.0, 9181.0, 10397.0, 23122.0, 23303.0, 24139.0, 25777.0, 54820.0, 56896.0, 57509.0, 57519.0, 79929.0, 118611.0, 221035.0 
GO:0008381 MF 4.07e-05   4/464    13/29107 D06 mechanosensitive ion channel activity    9725.0, 11322.0, 63895.0, 79905.0 
