GO:0098978 CC 6.01e-07  19/308   332/29107 D04 glutamatergic synapse                    1006.0, 1741.0, 1948.0, 3751.0, 3838.0, 5063.0, 5534.0, 5577.0, 9722.0, 9890.0, 10160.0, 10368.0, 22986.0, 23284.0, 64854.0, 79012.0, 84435.0, 84631.0, 114798.0 
GO:0030425 CC 7.05e-07  18/308   422/29107 D05 dendrite                                 108.0, 1132.0, 3350.0, 3360.0, 4133.0, 4856.0, 6272.0, 6546.0, 7224.0, 8492.0, 10160.0, 10368.0, 10769.0, 10858.0, 11255.0, 57282.0, 113451.0, 149111.0 
GO:0005886 CC 2.30e-06  95/308  4487/29107 D03 plasma membrane                          108.0, 136.0, 146.0, 479.0, 577.0, 685.0, 805.0, 1006.0, 1132.0, 1741.0, 1816.0, 1944.0, 1948.0, 2556.0, 2558.0, 2845.0, 2849.0, 2892.0, 2904.0, 3350.0, 3360.0, 3595.0, 3708.0, 3751.0, 3781.0, 4233.0, 4952.0, 5063.0, 5099.0, 5318.0, 5577.0, 5579.0, 5580.0, 5783.0, 5899.0, 6272.0, 6546.0, 6752.0, 6754.0, 7223.0, 7224.0, 7275.0, 7473.0, 8395.0, 8470.0, 8492.0, 8516.0, 8764.0, 9365.0, 9495.0, 9732.0, 9890.0, 10267.0, 10368.0, 10633.0, 11215.0, 11255.0, 23026.0, 23171.0, 23670.0, 23732.0, 26507.0, 27145.0, 51182.0, 51232.0, 53353.0, 54536.0, 55068.0, 55915.0, 56899.0, 57282.0, 57620.0, 64220.0, 64762.0, 79012.0, 79827.0, 83786.0, 84435.0, 84631.0, 91683.0, 92255.0, 94122.0, 114798.0, 116442.0, 123745.0, 134957.0, 160728.0, 164633.0, 219771.0, 254778.0, 283455.0, 285220.0, 339390.0, 341350.0, 399473.0 
GO:0005887 CC 2.75e-06  35/308  1403/29107 D04 integral component of plasma membrane    108.0, 136.0, 146.0, 577.0, 1132.0, 1816.0, 1948.0, 2556.0, 2558.0, 2845.0, 2904.0, 3350.0, 3360.0, 3595.0, 3751.0, 4233.0, 5099.0, 6546.0, 6752.0, 6754.0, 7223.0, 7224.0, 9365.0, 9890.0, 10267.0, 11255.0, 23284.0, 23531.0, 23670.0, 56134.0, 57488.0, 57526.0, 64220.0, 285220.0, 339390.0 
GO:0016021 CC 6.33e-06  66/308  3536/29107 D03 integral component of membrane           577.0, 685.0, 1006.0, 2137.0, 2650.0, 2849.0, 3708.0, 3751.0, 3781.0, 4121.0, 4128.0, 4233.0, 5318.0, 6272.0, 8128.0, 8303.0, 8739.0, 8764.0, 9348.0, 9536.0, 10858.0, 22986.0, 23284.0, 23359.0, 23544.0, 23670.0, 23732.0, 26507.0, 29906.0, 50614.0, 51046.0, 51232.0, 51363.0, 53353.0, 55784.0, 55852.0, 57089.0, 57282.0, 57484.0, 57583.0, 57613.0, 57620.0, 57633.0, 64377.0, 79827.0, 81831.0, 81849.0, 83857.0, 84000.0, 84435.0, 84898.0, 84929.0, 91683.0, 92255.0, 94160.0, 114801.0, 146223.0, 160728.0, 164633.0, 254887.0, 256223.0, 375035.0, 387914.0, 100505573.0, 100996492.0, 112441426.0 
GO:0043197 CC 7.65e-06  10/308   158/29107 D06 dendritic spine                          2892.0, 3751.0, 3781.0, 5577.0, 6546.0, 9495.0, 10152.0, 10160.0, 54873.0, 56899.0 
GO:0043198 CC 3.70e-05   5/308    36/29107 D02 dendritic shaft                          1741.0, 4133.0, 5577.0, 6546.0, 149111.0 
GO:0014069 CC 7.15e-05  11/308   247/29107 D04 postsynaptic density                     1600.0, 2904.0, 3708.0, 3751.0, 5063.0, 6546.0, 8516.0, 9495.0, 56899.0, 81831.0, 84435.0 
GO:0043005 CC 7.23e-05  13/308   338/29107 D04 neuron projection                        1600.0, 2556.0, 2558.0, 2904.0, 3781.0, 4133.0, 5783.0, 6752.0, 6754.0, 64919.0, 116442.0, 121278.0, 285220.0 
GO:0098794 CC 7.40e-05   7/308    96/29107 D02 postsynapse                              577.0, 2556.0, 2558.0, 5534.0, 6546.0, 10858.0, 57282.0 
GO:0034704 CC 1.11e-04   4/308    24/29107 D06 calcium channel complex                  805.0, 2281.0, 7223.0, 7224.0 
GO:0032281 CC 1.53e-04   4/308    26/29107 D07 AMPA glutamate receptor complex          1741.0, 2892.0, 10368.0, 149111.0 
GO:0009331 CC 3.32e-04   2/308     3/29107 D04 glycerol-3-phosphate dehydrogenase complex 2820.0, 23171.0 
GO:0005509 MF 5.96e-07  27/308   704/29107 D05 calcium ion binding                      805.0, 813.0, 1006.0, 2820.0, 3423.0, 3708.0, 4121.0, 4745.0, 5099.0, 5534.0, 5624.0, 5954.0, 6546.0, 9353.0, 23284.0, 23670.0, 53353.0, 55784.0, 56134.0, 57488.0, 57526.0, 57620.0, 91683.0, 123745.0, 147372.0, 164633.0, 283748.0 
