GO:0042552 BP 2.92e-07 16/1551    44/29107 D04 myelination                              2581.0, 3792.0, 4118.0, 4155.0, 5653.0, 7572.0, 8537.0, 9444.0, 9514.0, 10215.0, 23114.0, 51090.0, 55331.0, 83700.0, 84668.0, 256987.0 
GO:0006897 BP 1.16e-06 36/1551   191/29107 D05 endocytosis                              25.0, 274.0, 333.0, 1755.0, 1785.0, 3092.0, 3959.0, 4036.0, 4643.0, 4646.0, 4864.0, 5168.0, 6272.0, 6457.0, 8301.0, 8527.0, 9026.0, 9902.0, 10163.0, 22905.0, 23048.0, 23307.0, 23677.0, 25938.0, 26020.0, 29763.0, 51429.0, 51479.0, 54453.0, 54586.0, 55707.0, 58480.0, 85377.0, 92737.0, 112574.0, 115123.0 
GO:0042127 BP 1.41e-06 23/1551   140/29107 D04 regulation of cell population proliferation 706.0, 2065.0, 3728.0, 4286.0, 5311.0, 5747.0, 6446.0, 6713.0, 6773.0, 6776.0, 7043.0, 8549.0, 9095.0, 9181.0, 10110.0, 10628.0, 10732.0, 23678.0, 55120.0, 55704.0, 79152.0, 112399.0, 199731.0 
GO:0022010 BP 1.55e-06  7/1551    13/29107 D05 central nervous system myelination       443.0, 745.0, 4099.0, 5354.0, 6663.0, 6900.0, 84504.0 
GO:0007015 BP 2.76e-06 21/1551   125/29107 D05 actin filament organization              387.0, 391.0, 1495.0, 1739.0, 3092.0, 4642.0, 4643.0, 4646.0, 7018.0, 7114.0, 9026.0, 9181.0, 9844.0, 10435.0, 23603.0, 29119.0, 57471.0, 57477.0, 65108.0, 84327.0, 134549.0 
GO:0007155 BP 3.34e-06 52/1551   488/29107 D02 cell adhesion                            88.0, 100.0, 214.0, 333.0, 667.0, 780.0, 928.0, 933.0, 960.0, 976.0, 1462.0, 1490.0, 1495.0, 3371.0, 3673.0, 3688.0, 3691.0, 3959.0, 4099.0, 4162.0, 4340.0, 4756.0, 4815.0, 5010.0, 5101.0, 6094.0, 6696.0, 6900.0, 7058.0, 7130.0, 8406.0, 9037.0, 9473.0, 9635.0, 9638.0, 9788.0, 9855.0, 10085.0, 10278.0, 10507.0, 10666.0, 22795.0, 23114.0, 24146.0, 30817.0, 51148.0, 55914.0, 60484.0, 79987.0, 85445.0, 199731.0, 220296.0 
GO:0008360 BP 4.22e-06 23/1551   149/29107 D06 regulation of cell shape                 387.0, 391.0, 1739.0, 1902.0, 3249.0, 5364.0, 5365.0, 5747.0, 5962.0, 6285.0, 10395.0, 10435.0, 10507.0, 11135.0, 11149.0, 25805.0, 55558.0, 56882.0, 57471.0, 58480.0, 114793.0, 116985.0, 161176.0 
GO:0006357 BP 7.22e-06 128/1551  1600/29107 D10 regulation of transcription by RNA polymerase II 20.0, 86.0, 307.0, 387.0, 463.0, 672.0, 745.0, 865.0, 1108.0, 1997.0, 1998.0, 2186.0, 2308.0, 3065.0, 3231.0, 3344.0, 3431.0, 3660.0, 4093.0, 4194.0, 4211.0, 4286.0, 4303.0, 4601.0, 4613.0, 4780.0, 4790.0, 4800.0, 4808.0, 4821.0, 5253.0, 5316.0, 5629.0, 6299.0, 6599.0, 6603.0, 6663.0, 6667.0, 6720.0, 6773.0, 6776.0, 6911.0, 6938.0, 7551.0, 7562.0, 7572.0, 7586.0, 7587.0, 7643.0, 7705.0, 7716.0, 7769.0, 7942.0, 9095.0, 9516.0, 9586.0, 9603.0, 9705.0, 9839.0, 9925.0, 10215.0, 10521.0, 10553.0, 10655.0, 10781.0, 10782.0, 11016.0, 11177.0, 22807.0, 22834.0, 22882.0, 23081.0, 23133.0, 23493.0, 23598.0, 25850.0, 26137.0, 26959.0, 29117.0, 29994.0, 30812.0, 51274.0, 51710.0, 54925.0, 55762.0, 56987.0, 57018.0, 57507.0, 57573.0, 57594.0, 60468.0, 64764.0, 65251.0, 79776.0, 79811.0, 79842.0, 80345.0, 81628.0, 84163.0, 84307.0, 84449.0, 84504.0, 84614.0, 84671.0, 84765.0, 90338.0, 90594.0, 91661.0, 91975.0, 116448.0, 126017.0, 137209.0, 144348.0, 147657.0, 147929.0, 148103.0, 162966.0, 163223.0, 282890.0, 285267.0, 285268.0, 339327.0, 342892.0, 389524.0, 619279.0, 100101467.0, 100381270.0, 101060200.0 
GO:0030036 BP 7.42e-06 23/1551   154/29107 D06 actin cytoskeleton organization          25.0, 387.0, 391.0, 1465.0, 2317.0, 2318.0, 5154.0, 9639.0, 9788.0, 9844.0, 10163.0, 10395.0, 10420.0, 10435.0, 11155.0, 23189.0, 23500.0, 51421.0, 57477.0, 64423.0, 65979.0, 81788.0, 116154.0 
GO:0045665 BP 8.84e-06 13/1551    58/29107 D06 negative regulation of neuron differentiation 387.0, 4099.0, 4211.0, 4821.0, 5978.0, 6900.0, 9043.0, 9745.0, 10215.0, 22882.0, 28514.0, 55755.0, 85458.0 
GO:0030334 BP 1.55e-05 17/1551    98/29107 D06 regulation of cell migration             387.0, 2246.0, 4000.0, 5168.0, 5364.0, 5365.0, 6446.0, 7114.0, 8633.0, 23499.0, 23678.0, 51421.0, 55558.0, 55619.0, 80725.0, 84978.0, 221178.0 
GO:0050790 BP 1.60e-05 45/1551   426/29107 D03 regulation of catalytic activity         392.0, 825.0, 1793.0, 3993.0, 3996.0, 4650.0, 5519.0, 5523.0, 5900.0, 5981.0, 5998.0, 6446.0, 6655.0, 8546.0, 9138.0, 9181.0, 9267.0, 9644.0, 9771.0, 9839.0, 9844.0, 9855.0, 9989.0, 10435.0, 11123.0, 23258.0, 23677.0, 25894.0, 26030.0, 29899.0, 54453.0, 55114.0, 55701.0, 57189.0, 57522.0, 57584.0, 57636.0, 58480.0, 80005.0, 84986.0, 89781.0, 130872.0, 221178.0, 285590.0, 389337.0 
GO:0016477 BP 1.86e-05 30/1551   243/29107 D04 cell migration                           387.0, 960.0, 1490.0, 1495.0, 1942.0, 2530.0, 3688.0, 3691.0, 3728.0, 5287.0, 5364.0, 5747.0, 8826.0, 9844.0, 10278.0, 23603.0, 23671.0, 25805.0, 29119.0, 30817.0, 51474.0, 54820.0, 55704.0, 55841.0, 58480.0, 80005.0, 114793.0, 221178.0, 221914.0, 399687.0 
GO:0001525 BP 2.27e-05 29/1551   233/29107 D03 angiogenesis                             187.0, 347.0, 1490.0, 1942.0, 2246.0, 2263.0, 2549.0, 3516.0, 4162.0, 4211.0, 5154.0, 5316.0, 5747.0, 6461.0, 7039.0, 7716.0, 7855.0, 8862.0, 10163.0, 10411.0, 10553.0, 22846.0, 23452.0, 25932.0, 51421.0, 57674.0, 58504.0, 83700.0, 219699.0 
GO:0000226 BP 2.78e-05 19/1551   123/29107 D06 microtubule cytoskeleton organization    1267.0, 1783.0, 4134.0, 6760.0, 6900.0, 7846.0, 8555.0, 9053.0, 9654.0, 23093.0, 23387.0, 27185.0, 55755.0, 79739.0, 79929.0, 158135.0, 164395.0, 168448.0, 256364.0 
GO:0090263 BP 3.45e-05 17/1551   104/29107 D08 positive regulation of canonical Wnt signaling pathway 2263.0, 3728.0, 4790.0, 6206.0, 6422.0, 8549.0, 9037.0, 9679.0, 9839.0, 23189.0, 23500.0, 25805.0, 51704.0, 55031.0, 55182.0, 65125.0, 84327.0 
GO:0051056 BP 3.74e-05 18/1551   115/29107 D07 regulation of small GTPase mediated signal transduction 392.0, 1124.0, 4650.0, 9138.0, 9181.0, 9639.0, 10395.0, 25894.0, 26030.0, 55701.0, 57580.0, 57584.0, 57636.0, 58480.0, 58504.0, 84986.0, 116985.0, 221178.0 
GO:0071681 BP 3.85e-05  4/1551     5/29107 D06 cellular response to indole-3-methanol   672.0, 999.0, 1495.0, 3728.0 
GO:0035556 BP 4.21e-05 42/1551   402/29107 D05 intracellular signal transduction        323.0, 1124.0, 1490.0, 3488.0, 3656.0, 5334.0, 5364.0, 5588.0, 5663.0, 6195.0, 6446.0, 6760.0, 6788.0, 7039.0, 8125.0, 8437.0, 8527.0, 8605.0, 9181.0, 9261.0, 9448.0, 10110.0, 10278.0, 10966.0, 11183.0, 22821.0, 22858.0, 23387.0, 23589.0, 23604.0, 23678.0, 26118.0, 26576.0, 27296.0, 27347.0, 51135.0, 57580.0, 64798.0, 65125.0, 81788.0, 91614.0, 399694.0 
GO:0030148 BP 4.24e-05 11/1551    49/29107 D07 sphingolipid biosynthetic process        221.0, 2531.0, 8612.0, 9517.0, 29956.0, 55331.0, 60481.0, 64834.0, 79152.0, 79603.0, 259230.0 
GO:0006821 BP 5.18e-05 11/1551    50/29107 D07 chloride transport                       706.0, 7439.0, 9635.0, 22802.0, 25932.0, 50636.0, 55248.0, 94015.0, 115019.0, 121601.0, 144453.0 
GO:0071526 BP 5.28e-05  9/1551    34/29107 D06 semaphorin-plexin signaling pathway      5364.0, 5365.0, 7869.0, 9037.0, 9855.0, 10507.0, 54910.0, 55558.0, 57556.0 
GO:0045893 BP 7.54e-05 58/1551   637/29107 D10 positive regulation of transcription, DNA-templated 86.0, 88.0, 391.0, 463.0, 672.0, 745.0, 825.0, 999.0, 1028.0, 1785.0, 1997.0, 1998.0, 2308.0, 3065.0, 3275.0, 3440.0, 4040.0, 4286.0, 4603.0, 4613.0, 4790.0, 4800.0, 4842.0, 4851.0, 5253.0, 5663.0, 5978.0, 5981.0, 6195.0, 6299.0, 6422.0, 6599.0, 6603.0, 6663.0, 6667.0, 6696.0, 7018.0, 7043.0, 7508.0, 7942.0, 8301.0, 9586.0, 11243.0, 23133.0, 23598.0, 25805.0, 28996.0, 29117.0, 29893.0, 30812.0, 55223.0, 55755.0, 58476.0, 64764.0, 81844.0, 84722.0, 94241.0, 119392.0 
GO:0051496 BP 7.59e-05 11/1551    52/29107 D11 positive regulation of stress fiber assembly 25.0, 387.0, 1490.0, 1902.0, 6422.0, 7043.0, 9639.0, 10411.0, 22998.0, 28984.0, 55704.0 
GO:0038007 BP 8.59e-05  5/1551    10/29107 D06 netrin-activated signaling pathway       5747.0, 8633.0, 57698.0, 219699.0, 222643.0 
GO:0006338 BP 8.87e-05 15/1551    91/29107 D05 chromatin remodeling                     86.0, 2145.0, 2186.0, 3065.0, 6599.0, 6603.0, 7403.0, 8850.0, 9557.0, 11177.0, 23081.0, 29994.0, 54108.0, 55636.0, 57798.0 
GO:0009611 BP 1.07e-04 12/1551    63/29107 D03 response to wounding                     667.0, 1490.0, 2186.0, 2670.0, 3371.0, 3691.0, 5154.0, 5653.0, 22846.0, 51090.0, 57413.0, 64764.0 
GO:0035195 BP 1.31e-06  4/1551   557/29107 D10 gene silencing by miRNA                  57690.0, 442893.0, 724027.0, 100422882.0 
GO:0050911 BP 1.49e-06  1/1551   401/29107 D05 detection of chemical stimulus involved in sensory perception of smell 135924.0 
GO:0005905 CC 4.07e-07 15/1551    60/29107 D04 clathrin-coated pit                      1785.0, 4036.0, 4646.0, 6272.0, 7018.0, 8218.0, 8301.0, 8527.0, 9026.0, 9873.0, 23048.0, 23149.0, 23677.0, 26020.0, 55707.0 
GO:0005874 CC 6.88e-07 41/1551   298/29107 D06 microtubule                              1393.0, 1739.0, 1781.0, 1783.0, 1785.0, 3799.0, 4134.0, 4296.0, 7846.0, 8632.0, 8826.0, 9053.0, 9181.0, 9638.0, 9654.0, 10397.0, 10749.0, 11104.0, 22933.0, 23093.0, 23303.0, 23499.0, 27130.0, 27185.0, 51673.0, 54820.0, 55755.0, 57509.0, 57698.0, 58526.0, 63971.0, 79739.0, 79929.0, 84445.0, 124602.0, 134549.0, 140609.0, 158135.0, 164395.0, 201625.0, 221458.0 
GO:0009925 CC 8.89e-07 13/1551    48/29107 D04 basal plasma membrane                    358.0, 667.0, 2065.0, 3691.0, 5311.0, 6536.0, 6558.0, 7018.0, 7439.0, 9635.0, 26119.0, 55914.0, 57477.0 
GO:0005764 CC 9.50e-07 37/1551   276/29107 D07 lysosome                                 20.0, 100.0, 175.0, 847.0, 1203.0, 1497.0, 1515.0, 1783.0, 2519.0, 2581.0, 2670.0, 3643.0, 3916.0, 3920.0, 3988.0, 4036.0, 4077.0, 4125.0, 4669.0, 4864.0, 5305.0, 6272.0, 6642.0, 7405.0, 9367.0, 10404.0, 10577.0, 11145.0, 23048.0, 23621.0, 55016.0, 79156.0, 79443.0, 89781.0, 92799.0, 115123.0, 220972.0 
GO:0005938 CC 1.21e-06 24/1551   149/29107 D03 cell cortex                              387.0, 391.0, 667.0, 1490.0, 2246.0, 2263.0, 2317.0, 4642.0, 4646.0, 4650.0, 4735.0, 5663.0, 5747.0, 8605.0, 9026.0, 23048.0, 23245.0, 23603.0, 26064.0, 29899.0, 57085.0, 57471.0, 83992.0, 285527.0 
GO:0043209 CC 1.41e-06 10/1551    29/29107 D02 myelin sheath                            4099.0, 4155.0, 4642.0, 5354.0, 6900.0, 7846.0, 22933.0, 57165.0, 57471.0, 256987.0 
GO:0005856 CC 1.49e-06 48/1551   401/29107 D05 cytoskeleton                             88.0, 274.0, 387.0, 391.0, 1378.0, 2318.0, 3092.0, 3728.0, 3996.0, 4643.0, 4842.0, 5747.0, 7094.0, 7114.0, 7145.0, 7205.0, 8502.0, 8871.0, 9026.0, 9181.0, 9618.0, 9855.0, 9961.0, 10083.0, 10241.0, 10435.0, 10625.0, 11135.0, 11155.0, 23048.0, 23150.0, 23189.0, 23499.0, 26064.0, 27347.0, 29116.0, 29119.0, 55075.0, 55755.0, 56882.0, 57471.0, 57475.0, 64097.0, 65108.0, 84978.0, 85458.0, 122060.0, 163782.0 
GO:0005925 CC 1.49e-06 50/1551   418/29107 D05 focal adhesion                           88.0, 214.0, 387.0, 391.0, 667.0, 847.0, 928.0, 950.0, 960.0, 976.0, 1465.0, 1495.0, 1785.0, 2317.0, 2318.0, 2934.0, 3371.0, 3660.0, 3673.0, 3688.0, 3691.0, 3728.0, 4162.0, 5747.0, 5962.0, 6156.0, 6181.0, 6522.0, 7094.0, 7145.0, 7205.0, 7525.0, 8500.0, 8773.0, 8826.0, 9181.0, 9448.0, 9902.0, 10278.0, 10395.0, 11135.0, 23114.0, 23603.0, 51474.0, 57477.0, 58480.0, 58504.0, 83543.0, 85458.0, 143903.0 
GO:0015630 CC 1.65e-06 26/1551   162/29107 D06 microtubule cytoskeleton                 667.0, 1410.0, 2963.0, 4134.0, 4735.0, 5414.0, 6760.0, 7846.0, 8481.0, 8826.0, 9053.0, 10397.0, 10435.0, 11104.0, 23176.0, 25932.0, 56062.0, 57509.0, 57698.0, 58526.0, 60437.0, 84307.0, 84722.0, 151011.0, 163782.0, 256364.0 
GO:0009986 CC 2.13e-06 65/1551   579/29107 D02 cell surface                             100.0, 307.0, 933.0, 960.0, 1080.0, 1244.0, 1368.0, 1378.0, 1410.0, 1604.0, 1839.0, 1902.0, 2263.0, 2346.0, 2526.0, 2861.0, 3249.0, 3306.0, 3673.0, 3688.0, 3691.0, 4040.0, 4155.0, 4804.0, 4851.0, 4891.0, 5046.0, 5154.0, 5365.0, 5663.0, 6272.0, 6422.0, 6810.0, 6900.0, 7018.0, 7039.0, 7043.0, 7094.0, 7103.0, 7145.0, 7855.0, 8301.0, 8406.0, 8633.0, 9341.0, 10666.0, 11141.0, 23181.0, 23555.0, 23621.0, 25932.0, 26585.0, 51704.0, 53905.0, 55248.0, 56650.0, 57453.0, 64399.0, 80274.0, 84189.0, 115019.0, 143903.0, 221914.0, 342035.0, 399687.0 
GO:0043231 CC 2.57e-06 84/1551   846/29107 D04 intracellular membrane-bounded organelle 20.0, 472.0, 706.0, 753.0, 847.0, 1495.0, 1497.0, 1573.0, 2760.0, 2956.0, 3092.0, 3293.0, 3344.0, 3988.0, 3992.0, 3993.0, 4051.0, 4077.0, 4125.0, 4598.0, 5287.0, 5747.0, 6206.0, 6285.0, 6642.0, 6713.0, 6938.0, 7043.0, 7368.0, 7508.0, 8301.0, 8608.0, 9026.0, 9341.0, 9516.0, 9725.0, 9765.0, 9781.0, 9798.0, 9869.0, 10066.0, 10105.0, 10157.0, 10241.0, 10351.0, 10396.0, 10404.0, 11243.0, 11340.0, 11342.0, 22905.0, 23048.0, 23239.0, 23250.0, 23555.0, 23604.0, 23678.0, 27332.0, 27347.0, 51479.0, 51704.0, 53838.0, 54941.0, 55120.0, 55719.0, 55726.0, 55858.0, 55902.0, 57085.0, 57188.0, 57477.0, 64114.0, 79443.0, 84986.0, 114883.0, 115123.0, 115825.0, 116985.0, 129531.0, 132720.0, 253832.0, 256987.0, 283970.0, 284119.0 
GO:0048471 CC 2.68e-06 78/1551   713/29107 D02 perinuclear region of cytoplasm          25.0, 307.0, 333.0, 347.0, 392.0, 991.0, 999.0, 1203.0, 1267.0, 1435.0, 1490.0, 1739.0, 1785.0, 2186.0, 2800.0, 3065.0, 3673.0, 3688.0, 3799.0, 3916.0, 4336.0, 4646.0, 4650.0, 4735.0, 4842.0, 4864.0, 4891.0, 5142.0, 5337.0, 5663.0, 5730.0, 5906.0, 6194.0, 6272.0, 6285.0, 6696.0, 6810.0, 7018.0, 7039.0, 7855.0, 8125.0, 8301.0, 8502.0, 8862.0, 8871.0, 9026.0, 9043.0, 9053.0, 9341.0, 9618.0, 9625.0, 9961.0, 10241.0, 10397.0, 10966.0, 11064.0, 11145.0, 11155.0, 11226.0, 22794.0, 22933.0, 23097.0, 23405.0, 23520.0, 25780.0, 25932.0, 27185.0, 51673.0, 55755.0, 57467.0, 57580.0, 57698.0, 64423.0, 79156.0, 88455.0, 253190.0, 253832.0, 256987.0 
GO:0005789 CC 2.78e-06 96/1551   973/29107 D04 endoplasmic reticulum membrane           387.0, 391.0, 666.0, 667.0, 745.0, 950.0, 1080.0, 1573.0, 1717.0, 1739.0, 2055.0, 2180.0, 2222.0, 2329.0, 2531.0, 2705.0, 2861.0, 3249.0, 3293.0, 3638.0, 3895.0, 3930.0, 3992.0, 4047.0, 4051.0, 4851.0, 5051.0, 5277.0, 5281.0, 5311.0, 5337.0, 5663.0, 5730.0, 6272.0, 6319.0, 6446.0, 6713.0, 6720.0, 7039.0, 7444.0, 8605.0, 8608.0, 8612.0, 8985.0, 9367.0, 9420.0, 9517.0, 9619.0, 9776.0, 10826.0, 11322.0, 11342.0, 23120.0, 23250.0, 23478.0, 26022.0, 29954.0, 29956.0, 51114.0, 51604.0, 51700.0, 55016.0, 55144.0, 55254.0, 55331.0, 55829.0, 56895.0, 57085.0, 57458.0, 57467.0, 60481.0, 64764.0, 64788.0, 64834.0, 79152.0, 79603.0, 79644.0, 79956.0, 79966.0, 80346.0, 84068.0, 84236.0, 87178.0, 90527.0, 93183.0, 125704.0, 128869.0, 154141.0, 158747.0, 160335.0, 168448.0, 221035.0, 286410.0, 286827.0, 387914.0, 392636.0 
GO:0031410 CC 2.84e-06 37/1551   293/29107 D06 cytoplasmic vesicle                      20.0, 307.0, 387.0, 391.0, 472.0, 667.0, 2263.0, 4040.0, 4642.0, 4646.0, 4891.0, 6272.0, 7018.0, 7039.0, 7456.0, 8291.0, 9181.0, 10241.0, 10396.0, 23048.0, 23604.0, 27106.0, 28514.0, 51421.0, 51429.0, 51604.0, 55357.0, 55704.0, 58476.0, 79628.0, 80208.0, 80824.0, 89781.0, 94241.0, 112574.0, 114908.0, 116985.0 
GO:0005813 CC 3.00e-06 57/1551   528/29107 D03 centrosome                               472.0, 991.0, 1021.0, 1108.0, 1781.0, 1783.0, 1785.0, 2770.0, 2771.0, 4296.0, 4780.0, 5142.0, 5663.0, 7405.0, 7840.0, 8100.0, 8481.0, 8555.0, 8850.0, 9134.0, 9261.0, 9638.0, 9639.0, 9738.0, 9798.0, 10397.0, 11064.0, 11104.0, 22933.0, 23093.0, 23194.0, 25914.0, 25932.0, 27185.0, 28984.0, 29899.0, 54820.0, 55125.0, 55704.0, 55755.0, 55857.0, 63971.0, 64793.0, 80071.0, 84318.0, 84445.0, 85417.0, 91754.0, 118611.0, 121441.0, 163786.0, 168448.0, 256987.0, 282809.0, 285025.0, 353116.0, 100653515.0 
GO:0005783 CC 3.05e-06 98/1551  1040/29107 D05 endoplasmic reticulum                    175.0, 323.0, 347.0, 666.0, 706.0, 746.0, 847.0, 957.0, 1203.0, 1717.0, 1739.0, 2055.0, 2180.0, 2222.0, 2531.0, 2861.0, 3032.0, 3293.0, 3638.0, 3895.0, 4036.0, 4040.0, 4118.0, 4864.0, 5046.0, 5287.0, 5311.0, 5653.0, 5663.0, 6194.0, 6238.0, 6319.0, 6713.0, 7368.0, 7405.0, 7444.0, 7869.0, 8125.0, 8406.0, 8612.0, 8985.0, 9897.0, 10351.0, 10396.0, 10404.0, 10491.0, 10577.0, 10749.0, 11145.0, 11322.0, 11342.0, 22846.0, 23120.0, 23184.0, 23250.0, 25923.0, 26022.0, 27185.0, 29058.0, 29937.0, 29954.0, 29956.0, 50636.0, 51024.0, 51114.0, 53905.0, 55704.0, 55829.0, 56895.0, 57458.0, 57467.0, 60481.0, 64764.0, 64834.0, 79152.0, 79603.0, 79644.0, 79956.0, 80346.0, 84061.0, 84068.0, 84236.0, 84899.0, 144811.0, 158747.0, 160335.0, 169200.0, 221914.0, 253832.0, 259230.0, 283999.0, 284119.0, 286410.0, 286827.0, 387914.0, 392636.0, 441549.0, 768206.0 
GO:0005794 CC 3.36e-06 93/1551   988/29107 D05 Golgi apparatus                          323.0, 333.0, 666.0, 745.0, 847.0, 960.0, 1203.0, 1410.0, 1739.0, 1785.0, 2263.0, 2526.0, 2530.0, 2800.0, 2956.0, 3092.0, 3340.0, 3759.0, 4036.0, 4040.0, 4166.0, 4646.0, 4756.0, 4780.0, 4852.0, 4864.0, 5311.0, 5337.0, 5663.0, 5730.0, 6206.0, 6272.0, 6642.0, 6696.0, 7525.0, 8301.0, 8546.0, 8549.0, 8985.0, 9181.0, 9363.0, 9516.0, 9619.0, 9638.0, 9770.0, 9781.0, 10066.0, 10226.0, 10396.0, 10404.0, 10749.0, 11046.0, 11221.0, 11226.0, 11243.0, 11322.0, 23499.0, 23604.0, 23621.0, 25963.0, 51114.0, 51540.0, 53838.0, 55508.0, 55568.0, 55704.0, 55755.0, 55858.0, 57085.0, 57409.0, 57509.0, 57584.0, 57720.0, 64114.0, 64398.0, 64793.0, 79443.0, 81551.0, 83700.0, 84068.0, 92689.0, 93377.0, 93643.0, 114883.0, 116985.0, 117248.0, 132720.0, 201266.0, 253832.0, 256987.0, 282973.0, 347734.0, 768206.0 
GO:0070062 CC 3.51e-06 188/1551  2169/29107 D06 extracellular exosome                    88.0, 143.0, 204.0, 210.0, 214.0, 221.0, 307.0, 347.0, 358.0, 387.0, 391.0, 392.0, 501.0, 683.0, 706.0, 727.0, 754.0, 760.0, 780.0, 847.0, 873.0, 928.0, 933.0, 950.0, 960.0, 976.0, 999.0, 1073.0, 1203.0, 1267.0, 1368.0, 1378.0, 1410.0, 1465.0, 1497.0, 1573.0, 1604.0, 1739.0, 1755.0, 1785.0, 2186.0, 2317.0, 2346.0, 2444.0, 2519.0, 2530.0, 2628.0, 2678.0, 2760.0, 2770.0, 2771.0, 2819.0, 2934.0, 3021.0, 3178.0, 3249.0, 3306.0, 3643.0, 3688.0, 3691.0, 3728.0, 3732.0, 3916.0, 3920.0, 3959.0, 3977.0, 4036.0, 4124.0, 4125.0, 4357.0, 4621.0, 4642.0, 4643.0, 4646.0, 4669.0, 4735.0, 4864.0, 5151.0, 5224.0, 5269.0, 5311.0, 5519.0, 5730.0, 5789.0, 5860.0, 5906.0, 5962.0, 5973.0, 5981.0, 6035.0, 6050.0, 6135.0, 6156.0, 6181.0, 6414.0, 6422.0, 6470.0, 6558.0, 6696.0, 6810.0, 6814.0, 6856.0, 6888.0, 7018.0, 7094.0, 7103.0, 7525.0, 7846.0, 8218.0, 8291.0, 8349.0, 8537.0, 8773.0, 8826.0, 8985.0, 9037.0, 9043.0, 9144.0, 9261.0, 9367.0, 9380.0, 9586.0, 9725.0, 9798.0, 9961.0, 10066.0, 10085.0, 10163.0, 10396.0, 10397.0, 10404.0, 10411.0, 10541.0, 10577.0, 10617.0, 11240.0, 11322.0, 22795.0, 23052.0, 23308.0, 23318.0, 23405.0, 23446.0, 23452.0, 23500.0, 23677.0, 25932.0, 26022.0, 26227.0, 29763.0, 29968.0, 51084.0, 51125.0, 51429.0, 51479.0, 51704.0, 55075.0, 55619.0, 55748.0, 55755.0, 55766.0, 56155.0, 57154.0, 57471.0, 57609.0, 57636.0, 64114.0, 64398.0, 64849.0, 64856.0, 65108.0, 79633.0, 83543.0, 89853.0, 112574.0, 114899.0, 115019.0, 127829.0, 129531.0, 133121.0, 140710.0, 144132.0, 147685.0, 152007.0, 221184.0, 256987.0, 286204.0, 375035.0 
GO:0016020 CC 3.53e-06 185/1551  2120/29107 D02 membrane                                 20.0, 100.0, 143.0, 274.0, 323.0, 590.0, 667.0, 754.0, 835.0, 847.0, 865.0, 928.0, 950.0, 957.0, 976.0, 1080.0, 1108.0, 1124.0, 1244.0, 1267.0, 1435.0, 1462.0, 1717.0, 1783.0, 1785.0, 1793.0, 2180.0, 2263.0, 2346.0, 2526.0, 2530.0, 2531.0, 2771.0, 3092.0, 3178.0, 3185.0, 3187.0, 3295.0, 3306.0, 3371.0, 3643.0, 3688.0, 3707.0, 3799.0, 3895.0, 3916.0, 3920.0, 3930.0, 3959.0, 3991.0, 3992.0, 4047.0, 4077.0, 4124.0, 4174.0, 4176.0, 4296.0, 4646.0, 4650.0, 4864.0, 4891.0, 4931.0, 5027.0, 5046.0, 5277.0, 5287.0, 5311.0, 5337.0, 5663.0, 5920.0, 6135.0, 6156.0, 6181.0, 6194.0, 6206.0, 6238.0, 6319.0, 6484.0, 6522.0, 6536.0, 6558.0, 6642.0, 6801.0, 6810.0, 7439.0, 8218.0, 8301.0, 8406.0, 8481.0, 8546.0, 8605.0, 9037.0, 9514.0, 9844.0, 9902.0, 9918.0, 9961.0, 10105.0, 10212.0, 10226.0, 10241.0, 10396.0, 10411.0, 10435.0, 10521.0, 10553.0, 10617.0, 10826.0, 11064.0, 23052.0, 23181.0, 23250.0, 23307.0, 23348.0, 23446.0, 23499.0, 23511.0, 23539.0, 23621.0, 25923.0, 25963.0, 26020.0, 27130.0, 29937.0, 29956.0, 51024.0, 51104.0, 51228.0, 51479.0, 51497.0, 51604.0, 51700.0, 54820.0, 54893.0, 55144.0, 55227.0, 55254.0, 55558.0, 55619.0, 55704.0, 57185.0, 57404.0, 57413.0, 57609.0, 57644.0, 57674.0, 57720.0, 60481.0, 63895.0, 64506.0, 64834.0, 65125.0, 79152.0, 79443.0, 79956.0, 79987.0, 80024.0, 80346.0, 84061.0, 84318.0, 84327.0, 85414.0, 89781.0, 90231.0, 90527.0, 114780.0, 114883.0, 114899.0, 117584.0, 123606.0, 127829.0, 128869.0, 154141.0, 158747.0, 161176.0, 192669.0, 201266.0, 221035.0, 222643.0, 253832.0, 256987.0, 259230.0, 347734.0, 348938.0, 399687.0 
GO:0030054 CC 4.02e-06 27/1551   192/29107 D02 cell junction                            100.0, 387.0, 999.0, 1495.0, 1643.0, 1739.0, 3691.0, 5010.0, 5663.0, 5906.0, 7082.0, 8502.0, 9635.0, 9644.0, 11149.0, 23555.0, 26064.0, 29970.0, 50636.0, 55357.0, 55755.0, 55914.0, 56882.0, 57530.0, 57584.0, 79892.0, 285590.0 
GO:0015629 CC 4.16e-06 32/1551   245/29107 D06 actin cytoskeleton                       25.0, 274.0, 999.0, 1073.0, 1495.0, 2317.0, 2934.0, 3728.0, 4638.0, 4642.0, 4643.0, 4646.0, 4650.0, 4735.0, 7456.0, 8826.0, 9499.0, 9788.0, 10163.0, 23307.0, 23499.0, 23603.0, 25932.0, 51474.0, 54443.0, 55166.0, 57477.0, 57584.0, 80725.0, 83543.0, 118611.0, 200539.0 
GO:0016324 CC 4.30e-06 41/1551   358/29107 D04 apical plasma membrane                   358.0, 928.0, 960.0, 1080.0, 1244.0, 1739.0, 2760.0, 3249.0, 4036.0, 4118.0, 4851.0, 4891.0, 5337.0, 5663.0, 5794.0, 5962.0, 6522.0, 6536.0, 6558.0, 6814.0, 7018.0, 9026.0, 9341.0, 22802.0, 23539.0, 27347.0, 28514.0, 53905.0, 56302.0, 56650.0, 57216.0, 57477.0, 57835.0, 64398.0, 115019.0, 134549.0, 140803.0, 154043.0, 283999.0, 286204.0, 338328.0 
GO:0016021 CC 5.02e-06 271/1551  3536/29107 D03 integral component of membrane           20.0, 333.0, 358.0, 666.0, 667.0, 706.0, 745.0, 746.0, 753.0, 754.0, 933.0, 950.0, 999.0, 1080.0, 1203.0, 1435.0, 1497.0, 2055.0, 2123.0, 2180.0, 2222.0, 2263.0, 2317.0, 2329.0, 2526.0, 2530.0, 2531.0, 2678.0, 2696.0, 2705.0, 2824.0, 3249.0, 3340.0, 3792.0, 3895.0, 3930.0, 3992.0, 4036.0, 4040.0, 4051.0, 4118.0, 4122.0, 4124.0, 4162.0, 4166.0, 4340.0, 4804.0, 4851.0, 4864.0, 5010.0, 5277.0, 5281.0, 5376.0, 5663.0, 5920.0, 6272.0, 6319.0, 6484.0, 6522.0, 6713.0, 6720.0, 6810.0, 6856.0, 7039.0, 7368.0, 7439.0, 7442.0, 7444.0, 7855.0, 8291.0, 8608.0, 8612.0, 8633.0, 9037.0, 9144.0, 9341.0, 9413.0, 9420.0, 9469.0, 9517.0, 9619.0, 9625.0, 9725.0, 9781.0, 9860.0, 9902.0, 10066.0, 10351.0, 10396.0, 10826.0, 11046.0, 11141.0, 11145.0, 11149.0, 11226.0, 11342.0, 23245.0, 23308.0, 23446.0, 23478.0, 23539.0, 23621.0, 23632.0, 23671.0, 24146.0, 25805.0, 25923.0, 25963.0, 26020.0, 26022.0, 28316.0, 28513.0, 29058.0, 29954.0, 29956.0, 30817.0, 50636.0, 51090.0, 51114.0, 51704.0, 53637.0, 53838.0, 54586.0, 54933.0, 55016.0, 55026.0, 55144.0, 55151.0, 55254.0, 55281.0, 55314.0, 55331.0, 55356.0, 55508.0, 55568.0, 55652.0, 55858.0, 56650.0, 56895.0, 57020.0, 57085.0, 57165.0, 57185.0, 57216.0, 57404.0, 57406.0, 57453.0, 57458.0, 57467.0, 57556.0, 57720.0, 57722.0, 57835.0, 58473.0, 59271.0, 60401.0, 60437.0, 63027.0, 63895.0, 64114.0, 64764.0, 64788.0, 64849.0, 79134.0, 79152.0, 79602.0, 79603.0, 79633.0, 79644.0, 79789.0, 79956.0, 79957.0, 79962.0, 79966.0, 80000.0, 80346.0, 83697.0, 84068.0, 84466.0, 84749.0, 84752.0, 84898.0, 84899.0, 84978.0, 85414.0, 85445.0, 90231.0, 90527.0, 92126.0, 92737.0, 93183.0, 93377.0, 113402.0, 113791.0, 114780.0, 114908.0, 115123.0, 115584.0, 116173.0, 116254.0, 117248.0, 118442.0, 121227.0, 121601.0, 123606.0, 124222.0, 125704.0, 128218.0, 131616.0, 132228.0, 132720.0, 134285.0, 135152.0, 135924.0, 135932.0, 140738.0, 143903.0, 145270.0, 147685.0, 148281.0, 150159.0, 151188.0, 151516.0, 152404.0, 154141.0, 154215.0, 160335.0, 161176.0, 168448.0, 169200.0, 170371.0, 196051.0, 199731.0, 201266.0, 219699.0, 219902.0, 220296.0, 220972.0, 221035.0, 222223.0, 222537.0, 222643.0, 254827.0, 256227.0, 256435.0, 256472.0, 256987.0, 259290.0, 259293.0, 259294.0, 283999.0, 285195.0, 286204.0, 286827.0, 342035.0, 347734.0, 348938.0, 374395.0, 375035.0, 387914.0, 392636.0, 399512.0, 554279.0, 643008.0, 643965.0, 727936.0, 728537.0, 100130933.0, 100131211.0, 100132247.0, 100288842.0 
GO:0005912 CC 5.47e-06 24/1551   162/29107 D05 adherens junction                        999.0, 1495.0, 3728.0, 4643.0, 4851.0, 5962.0, 7082.0, 7094.0, 8502.0, 8773.0, 9267.0, 9414.0, 10397.0, 11135.0, 11155.0, 23150.0, 28316.0, 28513.0, 28514.0, 29119.0, 57477.0, 64398.0, 84978.0, 134549.0 
GO:0005654 CC 5.69e-06 281/1551  3805/29107 D02 nucleoplasm                              25.0, 86.0, 333.0, 463.0, 472.0, 580.0, 667.0, 672.0, 745.0, 754.0, 865.0, 991.0, 1021.0, 1059.0, 1108.0, 1410.0, 1643.0, 1793.0, 1849.0, 1997.0, 1998.0, 2145.0, 2186.0, 2187.0, 2246.0, 2308.0, 2444.0, 2491.0, 2771.0, 2956.0, 2963.0, 3021.0, 3065.0, 3178.0, 3185.0, 3187.0, 3231.0, 3275.0, 3344.0, 3431.0, 3516.0, 3660.0, 3669.0, 3792.0, 3988.0, 4000.0, 4077.0, 4093.0, 4125.0, 4174.0, 4176.0, 4194.0, 4286.0, 4303.0, 4552.0, 4601.0, 4603.0, 4613.0, 4646.0, 4678.0, 4735.0, 4756.0, 4780.0, 4790.0, 4800.0, 4804.0, 4821.0, 4842.0, 4851.0, 4931.0, 4968.0, 5253.0, 5287.0, 5305.0, 5414.0, 5422.0, 5435.0, 5436.0, 5629.0, 5663.0, 5757.0, 5890.0, 5933.0, 5978.0, 5981.0, 6050.0, 6135.0, 6194.0, 6195.0, 6206.0, 6285.0, 6299.0, 6430.0, 6431.0, 6446.0, 6461.0, 6470.0, 6599.0, 6603.0, 6663.0, 6667.0, 6720.0, 6773.0, 6776.0, 6938.0, 7091.0, 7289.0, 7353.0, 7403.0, 7404.0, 7508.0, 7572.0, 7716.0, 7936.0, 8110.0, 8125.0, 8349.0, 8451.0, 8493.0, 8520.0, 8549.0, 8555.0, 8605.0, 8773.0, 8850.0, 8914.0, 9134.0, 9261.0, 9410.0, 9414.0, 9516.0, 9557.0, 9618.0, 9635.0, 9770.0, 9771.0, 9839.0, 9869.0, 9877.0, 9897.0, 9918.0, 10051.0, 10110.0, 10181.0, 10212.0, 10362.0, 10420.0, 10425.0, 10521.0, 10541.0, 10617.0, 10625.0, 10734.0, 11016.0, 11221.0, 11243.0, 11340.0, 11342.0, 22794.0, 22882.0, 22909.0, 23081.0, 23133.0, 23149.0, 23198.0, 23214.0, 23446.0, 23493.0, 23598.0, 23678.0, 25793.0, 26064.0, 26097.0, 26137.0, 26147.0, 26959.0, 27030.0, 27332.0, 27340.0, 27347.0, 28984.0, 28996.0, 29117.0, 29128.0, 29893.0, 29954.0, 51008.0, 51071.0, 51076.0, 51274.0, 51433.0, 51497.0, 51585.0, 51704.0, 53838.0, 54443.0, 54494.0, 54780.0, 54886.0, 54960.0, 55031.0, 55051.0, 55075.0, 55114.0, 55120.0, 55159.0, 55166.0, 55249.0, 55357.0, 55536.0, 55619.0, 55636.0, 55677.0, 55719.0, 55726.0, 55748.0, 55793.0, 55796.0, 55902.0, 56339.0, 56987.0, 57154.0, 57477.0, 57594.0, 57645.0, 57649.0, 57654.0, 57690.0, 57720.0, 57798.0, 60468.0, 64506.0, 64764.0, 64784.0, 79710.0, 79811.0, 79892.0, 80824.0, 80895.0, 81844.0, 84081.0, 84191.0, 84296.0, 84614.0, 84722.0, 84872.0, 91746.0, 91833.0, 91975.0, 92105.0, 92335.0, 92689.0, 94241.0, 112399.0, 116154.0, 116461.0, 116985.0, 117584.0, 118611.0, 121441.0, 137209.0, 138639.0, 140609.0, 140688.0, 146956.0, 147657.0, 152503.0, 158234.0, 192669.0, 196528.0, 200539.0, 221178.0, 253714.0, 254827.0, 256435.0, 284119.0, 286053.0, 353116.0, 389524.0, 100132247.0, 100507607.0 
GO:0005886 CC 6.03e-06 383/1551  4487/29107 D03 plasma membrane                          20.0, 86.0, 88.0, 100.0, 187.0, 221.0, 274.0, 307.0, 333.0, 358.0, 387.0, 391.0, 672.0, 683.0, 760.0, 780.0, 825.0, 847.0, 928.0, 933.0, 950.0, 960.0, 976.0, 999.0, 1080.0, 1244.0, 1267.0, 1318.0, 1368.0, 1378.0, 1435.0, 1490.0, 1495.0, 1497.0, 1604.0, 1739.0, 1785.0, 1839.0, 1902.0, 1942.0, 2065.0, 2180.0, 2263.0, 2272.0, 2317.0, 2318.0, 2339.0, 2346.0, 2678.0, 2696.0, 2770.0, 2771.0, 2824.0, 2840.0, 2861.0, 2913.0, 2934.0, 3185.0, 3249.0, 3306.0, 3643.0, 3656.0, 3673.0, 3688.0, 3691.0, 3728.0, 3732.0, 3759.0, 3792.0, 3916.0, 3920.0, 3977.0, 3993.0, 3996.0, 4036.0, 4040.0, 4099.0, 4134.0, 4155.0, 4162.0, 4340.0, 4638.0, 4642.0, 4643.0, 4646.0, 4735.0, 4756.0, 4780.0, 4804.0, 4842.0, 4851.0, 4891.0, 5010.0, 5027.0, 5046.0, 5158.0, 5168.0, 5256.0, 5269.0, 5287.0, 5305.0, 5311.0, 5334.0, 5337.0, 5354.0, 5364.0, 5365.0, 5376.0, 5588.0, 5638.0, 5663.0, 5747.0, 5789.0, 5906.0, 5962.0, 5998.0, 6272.0, 6422.0, 6446.0, 6461.0, 6522.0, 6536.0, 6558.0, 6579.0, 6773.0, 6810.0, 6814.0, 6900.0, 7018.0, 7039.0, 7043.0, 7082.0, 7094.0, 7205.0, 7289.0, 7368.0, 7439.0, 7442.0, 7508.0, 7525.0, 7855.0, 7936.0, 8073.0, 8291.0, 8301.0, 8437.0, 8502.0, 8527.0, 8549.0, 8605.0, 8612.0, 8633.0, 8773.0, 8826.0, 8871.0, 9026.0, 9037.0, 9138.0, 9267.0, 9341.0, 9363.0, 9367.0, 9414.0, 9454.0, 9499.0, 9516.0, 9557.0, 9618.0, 9619.0, 9635.0, 9638.0, 9650.0, 9725.0, 9770.0, 9781.0, 9844.0, 9846.0, 9860.0, 9873.0, 10083.0, 10278.0, 10351.0, 10396.0, 10397.0, 10411.0, 10435.0, 10495.0, 10507.0, 10617.0, 10666.0, 10966.0, 11135.0, 11141.0, 11145.0, 11149.0, 11322.0, 22795.0, 22802.0, 22905.0, 22933.0, 23048.0, 23093.0, 23114.0, 23120.0, 23149.0, 23181.0, 23184.0, 23189.0, 23214.0, 23239.0, 23250.0, 23308.0, 23446.0, 23499.0, 23539.0, 23555.0, 23612.0, 23621.0, 23632.0, 23671.0, 24146.0, 25780.0, 25805.0, 25861.0, 25932.0, 26022.0, 26119.0, 26133.0, 27106.0, 27151.0, 27340.0, 28232.0, 28514.0, 29116.0, 29763.0, 29970.0, 30817.0, 50636.0, 51104.0, 51135.0, 51148.0, 51285.0, 51421.0, 51429.0, 51474.0, 51704.0, 53637.0, 53838.0, 53905.0, 54586.0, 54899.0, 54933.0, 55016.0, 55114.0, 55144.0, 55313.0, 55357.0, 55503.0, 55558.0, 55652.0, 55701.0, 55704.0, 55829.0, 55905.0, 55914.0, 56302.0, 56882.0, 57020.0, 57085.0, 57154.0, 57216.0, 57217.0, 57406.0, 57413.0, 57453.0, 57509.0, 57530.0, 57580.0, 57584.0, 57720.0, 57722.0, 57828.0, 57835.0, 58480.0, 60401.0, 60437.0, 60485.0, 63895.0, 64114.0, 64398.0, 64849.0, 65108.0, 79092.0, 79602.0, 79628.0, 79633.0, 79885.0, 79957.0, 80005.0, 80024.0, 80208.0, 80274.0, 80820.0, 83697.0, 83700.0, 84061.0, 84068.0, 84189.0, 84281.0, 84307.0, 84445.0, 84466.0, 84668.0, 84986.0, 85407.0, 85414.0, 88455.0, 89853.0, 90527.0, 90861.0, 91746.0, 92737.0, 93377.0, 93643.0, 94015.0, 113791.0, 115019.0, 115584.0, 116985.0, 117584.0, 118442.0, 118611.0, 121227.0, 121260.0, 121441.0, 121601.0, 123606.0, 127829.0, 128869.0, 130132.0, 131096.0, 133121.0, 135924.0, 140803.0, 143425.0, 144453.0, 145270.0, 148281.0, 150159.0, 152404.0, 152503.0, 154215.0, 154881.0, 157638.0, 158747.0, 162514.0, 196051.0, 196528.0, 201266.0, 219287.0, 219699.0, 221184.0, 221914.0, 222223.0, 253832.0, 256227.0, 256987.0, 259230.0, 259290.0, 259293.0, 259294.0, 283254.0, 284119.0, 285195.0, 286204.0, 286410.0, 338328.0, 342035.0, 347273.0, 353116.0, 374395.0, 399694.0, 643965.0 
GO:0005737 CC 6.22e-06 395/1551  4681/29107 D02 cytoplasm                                25.0, 143.0, 175.0, 204.0, 221.0, 274.0, 307.0, 323.0, 347.0, 358.0, 392.0, 463.0, 472.0, 580.0, 666.0, 667.0, 672.0, 754.0, 760.0, 825.0, 835.0, 847.0, 933.0, 950.0, 999.0, 1021.0, 1028.0, 1073.0, 1080.0, 1108.0, 1195.0, 1267.0, 1371.0, 1373.0, 1410.0, 1465.0, 1573.0, 1739.0, 1755.0, 1781.0, 1785.0, 1793.0, 1806.0, 1827.0, 1849.0, 1902.0, 2186.0, 2246.0, 2263.0, 2272.0, 2308.0, 2317.0, 2318.0, 2339.0, 2346.0, 2593.0, 2670.0, 2770.0, 2771.0, 2861.0, 2934.0, 3065.0, 3092.0, 3178.0, 3275.0, 3292.0, 3306.0, 3516.0, 3656.0, 3669.0, 3688.0, 3707.0, 3728.0, 3916.0, 3930.0, 3993.0, 3996.0, 4093.0, 4099.0, 4286.0, 4303.0, 4638.0, 4642.0, 4643.0, 4646.0, 4650.0, 4678.0, 4735.0, 4752.0, 4780.0, 4790.0, 4842.0, 4891.0, 5027.0, 5051.0, 5129.0, 5269.0, 5287.0, 5311.0, 5316.0, 5334.0, 5519.0, 5629.0, 5653.0, 5747.0, 5794.0, 5860.0, 5906.0, 5920.0, 5978.0, 5981.0, 6135.0, 6195.0, 6285.0, 6299.0, 6446.0, 6470.0, 6599.0, 6642.0, 6667.0, 6720.0, 6788.0, 6888.0, 6938.0, 7011.0, 7082.0, 7114.0, 7145.0, 7185.0, 7205.0, 7298.0, 7405.0, 7444.0, 7508.0, 7846.0, 7942.0, 8073.0, 8125.0, 8500.0, 8502.0, 8527.0, 8528.0, 8537.0, 8555.0, 8738.0, 8773.0, 8826.0, 8837.0, 8863.0, 9043.0, 9134.0, 9138.0, 9181.0, 9261.0, 9267.0, 9380.0, 9444.0, 9448.0, 9454.0, 9473.0, 9618.0, 9638.0, 9644.0, 9670.0, 9731.0, 9770.0, 9781.0, 9788.0, 9802.0, 9844.0, 9846.0, 9855.0, 9860.0, 9869.0, 9895.0, 9918.0, 9961.0, 10083.0, 10105.0, 10157.0, 10212.0, 10215.0, 10226.0, 10241.0, 10278.0, 10395.0, 10397.0, 10404.0, 10420.0, 10425.0, 10435.0, 10521.0, 10541.0, 10553.0, 10566.0, 10628.0, 10753.0, 10766.0, 10782.0, 10826.0, 11016.0, 11104.0, 11123.0, 11135.0, 11141.0, 11145.0, 11183.0, 11221.0, 11232.0, 11238.0, 11240.0, 11322.0, 11340.0, 22846.0, 22858.0, 22933.0, 22998.0, 23148.0, 23149.0, 23150.0, 23189.0, 23214.0, 23239.0, 23303.0, 23318.0, 23321.0, 23387.0, 23405.0, 23493.0, 23499.0, 23589.0, 23604.0, 23612.0, 23677.0, 25793.0, 25805.0, 25861.0, 25914.0, 25932.0, 26137.0, 26576.0, 27106.0, 27130.0, 27296.0, 27332.0, 27340.0, 28971.0, 28984.0, 28996.0, 29117.0, 29763.0, 29899.0, 29968.0, 29970.0, 30812.0, 51076.0, 51135.0, 51429.0, 51585.0, 53637.0, 54467.0, 54893.0, 54899.0, 54960.0, 55016.0, 55031.0, 55120.0, 55124.0, 55125.0, 55144.0, 55159.0, 55182.0, 55191.0, 55213.0, 55223.0, 55249.0, 55323.0, 55421.0, 55619.0, 55704.0, 55726.0, 55755.0, 55796.0, 55841.0, 55857.0, 55861.0, 55902.0, 55914.0, 56062.0, 56155.0, 56339.0, 56474.0, 56882.0, 56957.0, 57060.0, 57154.0, 57189.0, 57217.0, 57471.0, 57477.0, 57509.0, 57519.0, 57522.0, 57609.0, 57674.0, 57698.0, 58473.0, 58533.0, 60485.0, 64097.0, 64398.0, 64399.0, 64506.0, 64784.0, 65108.0, 65125.0, 65979.0, 78996.0, 79066.0, 79092.0, 79789.0, 79987.0, 80005.0, 80208.0, 80705.0, 80725.0, 80824.0, 81551.0, 81788.0, 81844.0, 83449.0, 83543.0, 83714.0, 84138.0, 84296.0, 84327.0, 84722.0, 84859.0, 84872.0, 84938.0, 84986.0, 85407.0, 85417.0, 87178.0, 88455.0, 89781.0, 92291.0, 92335.0, 112399.0, 116362.0, 116984.0, 117283.0, 117584.0, 118611.0, 122060.0, 122622.0, 123283.0, 125061.0, 127829.0, 128077.0, 129563.0, 138639.0, 140609.0, 154043.0, 154881.0, 157638.0, 161176.0, 163782.0, 164395.0, 168448.0, 192669.0, 201266.0, 201625.0, 220296.0, 220972.0, 221078.0, 221178.0, 221184.0, 221458.0, 222166.0, 222643.0, 256364.0, 282809.0, 284119.0, 285025.0, 285590.0, 286204.0, 347273.0, 353116.0, 389337.0, 400961.0, 645121.0, 653464.0, 768206.0, 100381270.0 
GO:0005634 CC 6.32e-06 412/1551  5368/29107 D05 nucleus                                  25.0, 86.0, 143.0, 210.0, 274.0, 307.0, 323.0, 358.0, 387.0, 443.0, 463.0, 472.0, 501.0, 580.0, 666.0, 667.0, 672.0, 745.0, 754.0, 825.0, 835.0, 1021.0, 1028.0, 1059.0, 1080.0, 1195.0, 1393.0, 1410.0, 1465.0, 1643.0, 1739.0, 1785.0, 1827.0, 1997.0, 1998.0, 2186.0, 2246.0, 2263.0, 2272.0, 2308.0, 2317.0, 2444.0, 2593.0, 2770.0, 2934.0, 2956.0, 2963.0, 3021.0, 3065.0, 3092.0, 3178.0, 3185.0, 3187.0, 3231.0, 3275.0, 3306.0, 3344.0, 3431.0, 3516.0, 3656.0, 3660.0, 3669.0, 3673.0, 3707.0, 3728.0, 3930.0, 4000.0, 4093.0, 4155.0, 4162.0, 4174.0, 4176.0, 4194.0, 4211.0, 4286.0, 4303.0, 4601.0, 4603.0, 4613.0, 4646.0, 4678.0, 4735.0, 4752.0, 4780.0, 4790.0, 4800.0, 4808.0, 4821.0, 4842.0, 4851.0, 4891.0, 4931.0, 4968.0, 5129.0, 5142.0, 5224.0, 5253.0, 5316.0, 5414.0, 5422.0, 5435.0, 5436.0, 5629.0, 5663.0, 5747.0, 5757.0, 5890.0, 5900.0, 5978.0, 5981.0, 5998.0, 6156.0, 6194.0, 6285.0, 6299.0, 6433.0, 6446.0, 6470.0, 6599.0, 6603.0, 6663.0, 6667.0, 6720.0, 6760.0, 6788.0, 6888.0, 6911.0, 6938.0, 7039.0, 7043.0, 7091.0, 7114.0, 7205.0, 7289.0, 7298.0, 7353.0, 7403.0, 7444.0, 7508.0, 7551.0, 7562.0, 7572.0, 7586.0, 7587.0, 7643.0, 7705.0, 7716.0, 7769.0, 7846.0, 7936.0, 7942.0, 8073.0, 8125.0, 8301.0, 8349.0, 8481.0, 8493.0, 8502.0, 8520.0, 8527.0, 8555.0, 8738.0, 8826.0, 8850.0, 8863.0, 8914.0, 9095.0, 9134.0, 9205.0, 9220.0, 9261.0, 9414.0, 9444.0, 9473.0, 9557.0, 9586.0, 9603.0, 9618.0, 9670.0, 9679.0, 9705.0, 9745.0, 9770.0, 9771.0, 9839.0, 9869.0, 9918.0, 9924.0, 9925.0, 9961.0, 10051.0, 10157.0, 10181.0, 10212.0, 10215.0, 10241.0, 10362.0, 10395.0, 10397.0, 10420.0, 10425.0, 10521.0, 10541.0, 10553.0, 10566.0, 10617.0, 10628.0, 10655.0, 10732.0, 10734.0, 10766.0, 10781.0, 11016.0, 11104.0, 11123.0, 11221.0, 11240.0, 11340.0, 22794.0, 22807.0, 22834.0, 22858.0, 22882.0, 22909.0, 22933.0, 23081.0, 23093.0, 23097.0, 23133.0, 23148.0, 23189.0, 23198.0, 23214.0, 23239.0, 23351.0, 23405.0, 23493.0, 23520.0, 23598.0, 23604.0, 23677.0, 25793.0, 25850.0, 25932.0, 26097.0, 26137.0, 26147.0, 26576.0, 26959.0, 27030.0, 27130.0, 27185.0, 27296.0, 27332.0, 27443.0, 28984.0, 28996.0, 29117.0, 29128.0, 29994.0, 30812.0, 51008.0, 51076.0, 51135.0, 51433.0, 51700.0, 51710.0, 54108.0, 54494.0, 54780.0, 54790.0, 54925.0, 54954.0, 54960.0, 55031.0, 55051.0, 55063.0, 55075.0, 55120.0, 55124.0, 55151.0, 55159.0, 55166.0, 55205.0, 55213.0, 55230.0, 55249.0, 55323.0, 55336.0, 55421.0, 55536.0, 55619.0, 55636.0, 55677.0, 55719.0, 55726.0, 55762.0, 55766.0, 55905.0, 55914.0, 56339.0, 56957.0, 56987.0, 57018.0, 57060.0, 57162.0, 57478.0, 57507.0, 57509.0, 57519.0, 57573.0, 57594.0, 57609.0, 57645.0, 57649.0, 57798.0, 58476.0, 58499.0, 58504.0, 58526.0, 58533.0, 60485.0, 64077.0, 64399.0, 64506.0, 64764.0, 64766.0, 64784.0, 65251.0, 78996.0, 79066.0, 79156.0, 79776.0, 79811.0, 79842.0, 79885.0, 79892.0, 79987.0, 80345.0, 80824.0, 80895.0, 81628.0, 83714.0, 84057.0, 84081.0, 84138.0, 84163.0, 84449.0, 84460.0, 84504.0, 84671.0, 84749.0, 84765.0, 84986.0, 85417.0, 87178.0, 89853.0, 90338.0, 90594.0, 90853.0, 90861.0, 91661.0, 91746.0, 91754.0, 91975.0, 92105.0, 92335.0, 94104.0, 94241.0, 112399.0, 114825.0, 116448.0, 117283.0, 118738.0, 119392.0, 123283.0, 125061.0, 126017.0, 126626.0, 127428.0, 137209.0, 139081.0, 144348.0, 144811.0, 147657.0, 147929.0, 148103.0, 148203.0, 152877.0, 158234.0, 162966.0, 163223.0, 201266.0, 221184.0, 254394.0, 256364.0, 259230.0, 282890.0, 283254.0, 283377.0, 284119.0, 285267.0, 285268.0, 286053.0, 339327.0, 342892.0, 389524.0, 619279.0, 645121.0, 100101467.0, 100381270.0, 101060200.0 
GO:0005829 CC 6.62e-06 447/1551  5295/29107 D02 cytosol                                  25.0, 88.0, 100.0, 143.0, 210.0, 221.0, 272.0, 274.0, 387.0, 391.0, 392.0, 443.0, 472.0, 501.0, 667.0, 706.0, 745.0, 760.0, 825.0, 835.0, 847.0, 873.0, 960.0, 991.0, 1021.0, 1080.0, 1119.0, 1124.0, 1203.0, 1371.0, 1410.0, 1490.0, 1495.0, 1739.0, 1781.0, 1783.0, 1785.0, 1793.0, 1806.0, 1849.0, 1998.0, 2246.0, 2272.0, 2308.0, 2317.0, 2318.0, 2339.0, 2342.0, 2444.0, 2491.0, 2549.0, 2593.0, 2670.0, 2729.0, 2760.0, 2771.0, 2800.0, 2819.0, 2934.0, 2956.0, 3065.0, 3092.0, 3185.0, 3187.0, 3275.0, 3292.0, 3295.0, 3306.0, 3628.0, 3656.0, 3660.0, 3707.0, 3728.0, 3799.0, 3916.0, 3988.0, 3991.0, 3993.0, 4000.0, 4077.0, 4093.0, 4134.0, 4144.0, 4155.0, 4174.0, 4176.0, 4296.0, 4303.0, 4357.0, 4552.0, 4598.0, 4601.0, 4621.0, 4638.0, 4642.0, 4646.0, 4650.0, 4780.0, 4790.0, 4804.0, 4842.0, 4851.0, 4968.0, 5096.0, 5137.0, 5142.0, 5151.0, 5210.0, 5224.0, 5238.0, 5256.0, 5269.0, 5287.0, 5305.0, 5414.0, 5422.0, 5435.0, 5588.0, 5629.0, 5747.0, 5757.0, 5860.0, 5900.0, 5906.0, 5920.0, 5973.0, 5978.0, 5998.0, 6050.0, 6135.0, 6156.0, 6167.0, 6181.0, 6194.0, 6195.0, 6206.0, 6242.0, 6272.0, 6285.0, 6422.0, 6430.0, 6446.0, 6461.0, 6468.0, 6470.0, 6558.0, 6642.0, 6655.0, 6720.0, 6773.0, 6776.0, 6788.0, 6801.0, 6810.0, 6814.0, 6888.0, 7082.0, 7094.0, 7109.0, 7114.0, 7185.0, 7205.0, 7298.0, 7353.0, 7439.0, 7442.0, 7456.0, 7508.0, 7525.0, 7705.0, 7840.0, 7846.0, 7942.0, 8073.0, 8100.0, 8218.0, 8301.0, 8349.0, 8437.0, 8458.0, 8481.0, 8493.0, 8495.0, 8500.0, 8527.0, 8528.0, 8605.0, 8738.0, 8826.0, 8837.0, 8850.0, 8871.0, 9026.0, 9043.0, 9053.0, 9134.0, 9138.0, 9181.0, 9261.0, 9267.0, 9341.0, 9367.0, 9380.0, 9410.0, 9414.0, 9454.0, 9557.0, 9618.0, 9635.0, 9639.0, 9644.0, 9650.0, 9654.0, 9710.0, 9738.0, 9765.0, 9770.0, 9776.0, 9798.0, 9839.0, 9844.0, 9846.0, 9855.0, 9897.0, 9918.0, 9924.0, 9961.0, 10051.0, 10083.0, 10110.0, 10157.0, 10163.0, 10226.0, 10241.0, 10395.0, 10397.0, 10435.0, 10495.0, 10521.0, 10553.0, 10617.0, 10625.0, 10628.0, 10766.0, 11064.0, 11077.0, 11135.0, 11145.0, 11221.0, 11234.0, 11240.0, 11243.0, 11340.0, 11342.0, 22794.0, 22821.0, 22858.0, 22882.0, 22905.0, 22909.0, 22933.0, 23048.0, 23052.0, 23093.0, 23097.0, 23149.0, 23194.0, 23198.0, 23214.0, 23239.0, 23258.0, 23279.0, 23303.0, 23318.0, 23348.0, 23405.0, 23446.0, 23511.0, 23555.0, 23589.0, 23678.0, 25793.0, 25894.0, 25932.0, 25938.0, 25963.0, 26030.0, 26064.0, 26118.0, 26119.0, 26227.0, 27031.0, 27185.0, 27347.0, 28984.0, 29116.0, 29117.0, 29119.0, 29763.0, 29899.0, 29954.0, 29968.0, 50636.0, 50940.0, 51024.0, 51071.0, 51076.0, 51084.0, 51114.0, 51135.0, 51228.0, 51421.0, 51429.0, 51433.0, 51474.0, 51479.0, 51540.0, 51704.0, 54443.0, 54453.0, 54820.0, 54885.0, 54893.0, 54899.0, 54960.0, 55031.0, 55075.0, 55114.0, 55125.0, 55166.0, 55191.0, 55223.0, 55227.0, 55230.0, 55313.0, 55336.0, 55357.0, 55536.0, 55619.0, 55701.0, 55704.0, 55748.0, 55755.0, 55793.0, 55841.0, 55902.0, 55905.0, 56474.0, 56896.0, 56957.0, 56987.0, 57060.0, 57154.0, 57162.0, 57409.0, 57522.0, 57571.0, 57580.0, 57584.0, 57594.0, 57636.0, 57674.0, 57690.0, 58476.0, 58480.0, 58504.0, 58526.0, 58533.0, 60468.0, 60485.0, 63892.0, 64077.0, 64422.0, 64506.0, 64766.0, 64784.0, 64793.0, 65125.0, 79092.0, 79739.0, 79892.0, 80005.0, 80176.0, 80208.0, 80824.0, 80895.0, 81844.0, 84191.0, 84307.0, 84327.0, 84445.0, 84668.0, 84722.0, 84735.0, 84749.0, 84859.0, 84886.0, 84909.0, 84986.0, 85458.0, 87178.0, 89781.0, 89853.0, 90861.0, 91754.0, 92335.0, 92689.0, 94104.0, 94241.0, 94274.0, 112399.0, 114793.0, 114883.0, 116985.0, 117283.0, 117584.0, 118611.0, 121441.0, 122622.0, 125061.0, 130872.0, 140545.0, 140688.0, 147657.0, 148281.0, 152503.0, 154881.0, 158135.0, 158234.0, 160140.0, 163782.0, 163786.0, 192669.0, 196743.0, 200539.0, 221078.0, 221178.0, 253714.0, 256987.0, 283254.0, 284119.0, 347273.0, 352954.0, 353116.0, 373509.0, 414899.0, 100653515.0 
GO:0043219 CC 8.03e-06  4/1551     4/29107 D02 lateral loop                             1739.0, 6810.0, 22933.0, 64398.0 
GO:0043218 CC 8.03e-06  4/1551     4/29107 D02 compact myelin                           4099.0, 4155.0, 5376.0, 51090.0 
GO:0005902 CC 9.60e-06 14/1551    67/29107 D05 microvillus                              760.0, 960.0, 1267.0, 1515.0, 4642.0, 4643.0, 4646.0, 5154.0, 5962.0, 10083.0, 10411.0, 23303.0, 25932.0, 83700.0 
GO:0033270 CC 1.59e-05  6/1551    12/29107 D02 paranode region of axon                  4099.0, 22933.0, 23303.0, 57165.0, 57471.0, 400746.0 
GO:0010008 CC 1.60e-05 29/1551   227/29107 D06 endosome membrane                        20.0, 392.0, 950.0, 1080.0, 3643.0, 3656.0, 3688.0, 3916.0, 5906.0, 6272.0, 6642.0, 7018.0, 9781.0, 10226.0, 23603.0, 23621.0, 25777.0, 51104.0, 51135.0, 51479.0, 55652.0, 55858.0, 63971.0, 64114.0, 79156.0, 89853.0, 112574.0, 117584.0, 118442.0 
GO:0005765 CC 2.08e-05 37/1551   331/29107 D07 lysosomal membrane                       20.0, 950.0, 1080.0, 1203.0, 1497.0, 2770.0, 3799.0, 3916.0, 3920.0, 4036.0, 4646.0, 4864.0, 4891.0, 5337.0, 5663.0, 6272.0, 7942.0, 8546.0, 9043.0, 9516.0, 9725.0, 11342.0, 23250.0, 51479.0, 55016.0, 55652.0, 55858.0, 57406.0, 64114.0, 79156.0, 79726.0, 80208.0, 89781.0, 121260.0, 127829.0, 220972.0, 286410.0 
GO:0005923 CC 2.19e-05 19/1551   121/29107 D06 bicellular tight junction                1739.0, 5010.0, 5376.0, 6801.0, 7082.0, 7855.0, 9181.0, 9267.0, 9414.0, 9618.0, 11149.0, 23150.0, 24146.0, 51421.0, 55114.0, 57530.0, 64398.0, 83700.0, 93643.0 
GO:0030424 CC 2.26e-05 36/1551   318/29107 D05 axon                                     214.0, 274.0, 387.0, 760.0, 1410.0, 2913.0, 3643.0, 3996.0, 4036.0, 4134.0, 4642.0, 4752.0, 5010.0, 5414.0, 6900.0, 7855.0, 8826.0, 9053.0, 9499.0, 9638.0, 10749.0, 11141.0, 23176.0, 23303.0, 23621.0, 26119.0, 57154.0, 57453.0, 57556.0, 57609.0, 57698.0, 64398.0, 80208.0, 80725.0, 220296.0, 342035.0 
GO:0005769 CC 2.43e-05 32/1551   268/29107 D08 early endosome                           323.0, 933.0, 1080.0, 4040.0, 4642.0, 4891.0, 5906.0, 6272.0, 7018.0, 7405.0, 8073.0, 8291.0, 8301.0, 8612.0, 9341.0, 9765.0, 9897.0, 10163.0, 10617.0, 23245.0, 23250.0, 23307.0, 23621.0, 23678.0, 26119.0, 29058.0, 51479.0, 57720.0, 89853.0, 92737.0, 115825.0, 123606.0 
GO:0030864 CC 2.80e-05 11/1551    47/29107 D07 cortical actin cytoskeleton              88.0, 999.0, 2934.0, 3993.0, 3996.0, 4336.0, 5962.0, 10395.0, 10411.0, 57477.0, 134549.0 
GO:0005768 CC 3.51e-05 34/1551   295/29107 D07 endosome                                 20.0, 274.0, 387.0, 999.0, 1785.0, 1902.0, 4642.0, 4804.0, 5337.0, 6536.0, 6642.0, 6810.0, 7405.0, 8291.0, 9363.0, 9619.0, 9897.0, 10226.0, 10617.0, 10966.0, 22905.0, 23245.0, 23621.0, 29763.0, 51479.0, 55016.0, 57020.0, 58533.0, 79156.0, 115123.0, 118442.0, 140545.0, 220972.0, 256227.0 
GO:0055037 CC 3.91e-05 19/1551   126/29107 D08 recycling endosome                       933.0, 1080.0, 1318.0, 3688.0, 4891.0, 7018.0, 7846.0, 9341.0, 9619.0, 9873.0, 23232.0, 23250.0, 23621.0, 23678.0, 26119.0, 29058.0, 51421.0, 285195.0, 286410.0 
GO:0031902 CC 4.37e-05 19/1551   127/29107 D07 late endosome membrane                   950.0, 3916.0, 3920.0, 4864.0, 4891.0, 5337.0, 11342.0, 23120.0, 23555.0, 55016.0, 55858.0, 57406.0, 85377.0, 89853.0, 114883.0, 127829.0, 129531.0, 220972.0, 285195.0 
GO:0005770 CC 4.44e-05 20/1551   138/29107 D08 late endosome                            1318.0, 1497.0, 1783.0, 3643.0, 3916.0, 3920.0, 4077.0, 5906.0, 7018.0, 7405.0, 8218.0, 8291.0, 9367.0, 23245.0, 23621.0, 29058.0, 79443.0, 85377.0, 88455.0, 89853.0 
GO:0043025 CC 1.10e-04 37/1551   355/29107 D03 neuronal cell body                       25.0, 100.0, 214.0, 347.0, 2317.0, 3065.0, 3249.0, 3759.0, 3916.0, 4040.0, 4155.0, 4642.0, 5137.0, 5663.0, 6272.0, 6285.0, 6558.0, 6801.0, 6900.0, 7043.0, 7442.0, 8301.0, 8633.0, 9026.0, 9499.0, 9638.0, 9860.0, 9897.0, 23621.0, 25861.0, 56896.0, 57154.0, 57471.0, 60481.0, 80725.0, 85461.0, 92737.0 
GO:0035749 CC 1.10e-04  4/1551     6/29107 D02 myelin sheath adaxonal region            1267.0, 4099.0, 6810.0, 64398.0 
GO:0030496 CC 1.18e-04 22/1551   171/29107 D02 midbody                                  387.0, 1785.0, 2770.0, 2771.0, 4735.0, 5962.0, 7405.0, 8502.0, 8826.0, 9798.0, 11104.0, 22933.0, 25932.0, 54443.0, 56155.0, 63971.0, 84445.0, 84722.0, 127829.0, 129531.0, 256364.0, 373509.0 
GO:0043220 CC 1.50e-04  5/1551    11/29107 D02 Schmidt-Lanterman incisure               4099.0, 22933.0, 64398.0, 83700.0, 400746.0 
GO:0031436 CC 1.51e-04  3/1551     3/29107 D06 BRCA1-BARD1 complex                      580.0, 672.0, 51239.0 
GO:0016328 CC 3.38e-04 11/1551    61/29107 D02 lateral plasma membrane                  999.0, 1739.0, 2705.0, 3728.0, 6536.0, 6558.0, 11149.0, 23603.0, 24146.0, 29899.0, 57216.0 
GO:0030136 CC 3.92e-04 11/1551    62/29107 D08 clathrin-coated vesicle                  3092.0, 6272.0, 8218.0, 8301.0, 9026.0, 9341.0, 23245.0, 23677.0, 51429.0, 57720.0, 112574.0 
GO:0016323 CC 5.16e-04 25/1551   226/29107 D04 basolateral plasma membrane              358.0, 760.0, 960.0, 1739.0, 2065.0, 2760.0, 4642.0, 5311.0, 6522.0, 6536.0, 6558.0, 6810.0, 6814.0, 7039.0, 7082.0, 7439.0, 9053.0, 10163.0, 10351.0, 23539.0, 27347.0, 55914.0, 64849.0, 83697.0, 338328.0 
GO:0005604 CC 5.44e-04 13/1551    85/29107 D05 basement membrane                        333.0, 667.0, 1287.0, 1299.0, 1739.0, 3371.0, 3691.0, 7058.0, 22795.0, 23671.0, 55914.0, 64093.0, 64856.0 
GO:0032587 CC 7.61e-04 14/1551    99/29107 D05 ruffle membrane                          387.0, 1785.0, 3688.0, 4646.0, 7094.0, 9026.0, 9181.0, 10395.0, 23189.0, 23499.0, 23603.0, 30817.0, 83543.0, 221178.0 
GO:0030669 CC 1.00e-03 11/1551    69/29107 D08 clathrin-coated endocytic vesicle membrane 928.0, 950.0, 1080.0, 1839.0, 4036.0, 7018.0, 7039.0, 7855.0, 9341.0, 26119.0, 143425.0 
GO:0032045 CC 1.30e-03  4/1551    10/29107 D04 guanyl-nucleotide exchange factor complex 1793.0, 5906.0, 9844.0, 25780.0 
GO:0044291 CC 1.33e-03  6/1551    24/29107 D05 cell-cell contact zone                   5101.0, 8502.0, 9414.0, 83700.0, 93377.0, 199731.0 
GO:0101003 CC 1.35e-03 10/1551    61/29107 D07 ficolin-1-rich granule membrane          387.0, 1378.0, 1604.0, 3916.0, 3920.0, 5269.0, 23114.0, 57020.0, 127829.0, 374395.0 
GO:0030027 CC 1.35e-03 21/1551   185/29107 D04 lamellipodium                            323.0, 387.0, 999.0, 1495.0, 1785.0, 3688.0, 4638.0, 5311.0, 5962.0, 6642.0, 6810.0, 8633.0, 10163.0, 10411.0, 23603.0, 29119.0, 55704.0, 57698.0, 65979.0, 80725.0, 221178.0 
GO:0001726 CC 1.43e-03 13/1551    94/29107 D04 ruffle                                   1021.0, 3688.0, 4646.0, 6285.0, 7094.0, 7456.0, 8826.0, 9788.0, 10163.0, 23150.0, 51429.0, 51474.0, 143903.0 
GO:0035091 MF 5.33e-07 19/1551    95/29107 D04 phosphatidylinositol binding             3092.0, 4643.0, 5287.0, 5337.0, 6642.0, 7094.0, 7289.0, 7442.0, 9026.0, 23678.0, 51429.0, 54899.0, 55704.0, 57649.0, 58533.0, 79156.0, 92017.0, 129531.0, 401548.0 
GO:0051015 MF 9.48e-07 33/1551   211/29107 D05 actin filament binding                   25.0, 88.0, 274.0, 1073.0, 1495.0, 2317.0, 2318.0, 2934.0, 3092.0, 4621.0, 4642.0, 4643.0, 4646.0, 7094.0, 8826.0, 9026.0, 10083.0, 23499.0, 23603.0, 29119.0, 51474.0, 57471.0, 57477.0, 57644.0, 57698.0, 65108.0, 79789.0, 83543.0, 114793.0, 122622.0, 134549.0, 161176.0, 399687.0 
GO:0045296 MF 2.96e-06 39/1551   315/29107 D04 cadherin binding                         392.0, 999.0, 1495.0, 1739.0, 2317.0, 3688.0, 3728.0, 3799.0, 3895.0, 4735.0, 5663.0, 5794.0, 5962.0, 6642.0, 7082.0, 7094.0, 8301.0, 8502.0, 8826.0, 9414.0, 9798.0, 10163.0, 10226.0, 10397.0, 22905.0, 23348.0, 23499.0, 28316.0, 28513.0, 29119.0, 51429.0, 51474.0, 54443.0, 55357.0, 57530.0, 57698.0, 60437.0, 85377.0, 114793.0 
GO:0005524 MF 3.64e-06 122/1551  1458/29107 D08 ATP binding                              20.0, 25.0, 204.0, 472.0, 780.0, 1021.0, 1080.0, 1108.0, 1119.0, 1195.0, 1244.0, 1373.0, 1783.0, 2065.0, 2180.0, 2263.0, 2444.0, 2729.0, 2956.0, 2963.0, 3306.0, 3643.0, 3656.0, 3707.0, 3799.0, 4144.0, 4174.0, 4176.0, 4296.0, 4598.0, 4621.0, 4638.0, 4642.0, 4643.0, 4646.0, 4650.0, 4752.0, 4931.0, 5027.0, 5096.0, 5129.0, 5166.0, 5210.0, 5287.0, 5305.0, 5588.0, 5747.0, 5890.0, 5973.0, 5981.0, 6195.0, 6446.0, 6788.0, 7011.0, 7442.0, 7444.0, 7525.0, 8458.0, 8527.0, 8632.0, 9261.0, 9448.0, 9557.0, 9619.0, 9625.0, 9654.0, 10051.0, 10110.0, 10212.0, 10351.0, 10396.0, 10420.0, 10521.0, 10749.0, 11104.0, 11183.0, 22858.0, 23093.0, 23097.0, 23120.0, 23250.0, 23303.0, 23387.0, 23405.0, 23604.0, 23678.0, 26576.0, 27030.0, 27347.0, 28996.0, 51135.0, 55191.0, 55510.0, 55636.0, 55902.0, 56155.0, 56474.0, 57143.0, 57519.0, 57571.0, 57644.0, 63971.0, 64398.0, 65125.0, 79739.0, 81788.0, 91754.0, 92335.0, 117283.0, 123283.0, 124602.0, 140609.0, 140803.0, 144132.0, 158135.0, 164395.0, 201625.0, 221458.0, 254394.0, 286410.0, 326625.0, 399687.0 
GO:0046872 MF 3.98e-06 187/1551  2297/29107 D04 metal ion binding                        272.0, 443.0, 580.0, 780.0, 847.0, 1124.0, 1410.0, 1806.0, 2186.0, 2222.0, 2346.0, 2771.0, 3431.0, 3628.0, 3669.0, 3673.0, 3688.0, 3792.0, 4093.0, 4122.0, 4124.0, 4125.0, 4144.0, 4638.0, 4650.0, 4752.0, 5137.0, 5142.0, 5151.0, 5158.0, 5588.0, 5978.0, 6167.0, 6299.0, 6667.0, 7205.0, 7403.0, 7404.0, 7442.0, 7562.0, 7572.0, 7586.0, 7587.0, 7681.0, 7716.0, 7769.0, 8437.0, 8493.0, 8527.0, 9507.0, 9586.0, 9635.0, 9745.0, 9765.0, 9767.0, 9781.0, 9839.0, 9877.0, 9924.0, 9925.0, 10181.0, 10241.0, 10404.0, 10420.0, 10617.0, 10655.0, 10781.0, 10782.0, 10906.0, 11016.0, 11155.0, 11173.0, 11177.0, 11226.0, 11342.0, 22802.0, 22807.0, 22821.0, 22834.0, 22882.0, 22998.0, 23052.0, 23239.0, 23405.0, 23598.0, 25850.0, 25961.0, 26137.0, 26147.0, 29116.0, 29937.0, 29954.0, 29994.0, 50940.0, 51274.0, 51474.0, 51479.0, 51710.0, 54467.0, 54482.0, 54925.0, 55120.0, 55124.0, 55159.0, 55182.0, 55205.0, 55253.0, 55313.0, 55503.0, 55568.0, 55748.0, 55762.0, 55796.0, 55905.0, 56302.0, 57507.0, 57571.0, 57573.0, 57649.0, 57674.0, 58480.0, 58499.0, 64077.0, 64506.0, 65251.0, 79156.0, 79443.0, 79602.0, 79725.0, 79817.0, 79842.0, 79956.0, 80345.0, 80895.0, 84191.0, 84307.0, 84327.0, 84449.0, 84614.0, 84671.0, 84735.0, 84765.0, 84872.0, 85377.0, 90338.0, 90594.0, 91661.0, 91754.0, 91975.0, 115825.0, 116984.0, 116985.0, 117248.0, 117584.0, 118738.0, 126017.0, 133121.0, 135152.0, 137209.0, 140545.0, 140609.0, 140766.0, 140803.0, 144348.0, 146956.0, 147657.0, 147929.0, 148103.0, 162966.0, 163223.0, 192669.0, 196528.0, 221184.0, 221294.0, 282890.0, 283254.0, 285267.0, 285268.0, 339327.0, 340075.0, 342892.0, 388403.0, 390928.0, 619279.0, 100101467.0, 100381270.0, 101060200.0 
GO:0042802 MF 4.70e-06 124/1551  1494/29107 D03 identical protein binding                88.0, 98.0, 210.0, 214.0, 274.0, 307.0, 333.0, 358.0, 443.0, 472.0, 590.0, 835.0, 847.0, 999.0, 1119.0, 1410.0, 1435.0, 1495.0, 1783.0, 2065.0, 2272.0, 2317.0, 2670.0, 2705.0, 3187.0, 3759.0, 3799.0, 4040.0, 4144.0, 4296.0, 4303.0, 4357.0, 4598.0, 4790.0, 4851.0, 5010.0, 5027.0, 5224.0, 5311.0, 5414.0, 5860.0, 5973.0, 6285.0, 6422.0, 6457.0, 6470.0, 6642.0, 6663.0, 6667.0, 6773.0, 6788.0, 6900.0, 7043.0, 7185.0, 7439.0, 7442.0, 7551.0, 7572.0, 7681.0, 7846.0, 8481.0, 8495.0, 8527.0, 8608.0, 8862.0, 9026.0, 9043.0, 9454.0, 9618.0, 9788.0, 9802.0, 9961.0, 10165.0, 10212.0, 10215.0, 10655.0, 11232.0, 11340.0, 22794.0, 22882.0, 23048.0, 23184.0, 23308.0, 23493.0, 23604.0, 23677.0, 24146.0, 25777.0, 25861.0, 25923.0, 29128.0, 29763.0, 29899.0, 29968.0, 29970.0, 30850.0, 51024.0, 51148.0, 51228.0, 51429.0, 54820.0, 54925.0, 55151.0, 55223.0, 55503.0, 56474.0, 57409.0, 57458.0, 58526.0, 60485.0, 64856.0, 80274.0, 85377.0, 92799.0, 114899.0, 118442.0, 122622.0, 126626.0, 129531.0, 137209.0, 143425.0, 147040.0, 196051.0, 284119.0 
GO:0008017 MF 6.79e-06 32/1551   254/29107 D05 microtubule binding                      667.0, 1410.0, 1785.0, 2339.0, 3799.0, 4134.0, 4968.0, 7840.0, 9181.0, 9448.0, 10397.0, 10749.0, 11104.0, 23303.0, 25777.0, 54820.0, 55704.0, 55755.0, 56896.0, 57509.0, 57519.0, 63971.0, 79929.0, 80346.0, 84722.0, 118611.0, 124602.0, 221035.0, 221458.0, 256364.0, 282973.0, 100653515.0 
GO:0005515 MF 8.09e-06 979/1551 12418/29107 D02 protein binding                          25.0, 86.0, 88.0, 98.0, 100.0, 143.0, 175.0, 187.0, 204.0, 214.0, 221.0, 272.0, 274.0, 307.0, 323.0, 333.0, 347.0, 358.0, 387.0, 391.0, 392.0, 443.0, 463.0, 472.0, 501.0, 580.0, 590.0, 666.0, 667.0, 672.0, 706.0, 727.0, 746.0, 754.0, 760.0, 780.0, 825.0, 835.0, 865.0, 928.0, 933.0, 950.0, 957.0, 960.0, 976.0, 991.0, 999.0, 1021.0, 1028.0, 1073.0, 1080.0, 1108.0, 1124.0, 1195.0, 1203.0, 1244.0, 1267.0, 1298.0, 1318.0, 1373.0, 1378.0, 1393.0, 1410.0, 1435.0, 1462.0, 1465.0, 1490.0, 1495.0, 1515.0, 1604.0, 1643.0, 1717.0, 1739.0, 1755.0, 1781.0, 1785.0, 1793.0, 1806.0, 1827.0, 1839.0, 1849.0, 1902.0, 1942.0, 1997.0, 1998.0, 2055.0, 2065.0, 2123.0, 2145.0, 2186.0, 2187.0, 2222.0, 2235.0, 2246.0, 2263.0, 2272.0, 2308.0, 2317.0, 2318.0, 2329.0, 2339.0, 2342.0, 2444.0, 2491.0, 2519.0, 2530.0, 2531.0, 2549.0, 2593.0, 2628.0, 2670.0, 2678.0, 2696.0, 2705.0, 2729.0, 2770.0, 2771.0, 2800.0, 2819.0, 2861.0, 2934.0, 2956.0, 2963.0, 3021.0, 3030.0, 3032.0, 3065.0, 3092.0, 3178.0, 3185.0, 3187.0, 3249.0, 3275.0, 3292.0, 3306.0, 3340.0, 3344.0, 3371.0, 3440.0, 3447.0, 3488.0, 3516.0, 3628.0, 3638.0, 3643.0, 3656.0, 3660.0, 3673.0, 3688.0, 3691.0, 3707.0, 3728.0, 3732.0, 3759.0, 3792.0, 3799.0, 3895.0, 3916.0, 3920.0, 3930.0, 3959.0, 3977.0, 3991.0, 3993.0, 3996.0, 4000.0, 4036.0, 4040.0, 4047.0, 4052.0, 4077.0, 4093.0, 4118.0, 4134.0, 4144.0, 4147.0, 4155.0, 4174.0, 4176.0, 4194.0, 4211.0, 4286.0, 4296.0, 4303.0, 4336.0, 4357.0, 4552.0, 4598.0, 4601.0, 4613.0, 4638.0, 4643.0, 4646.0, 4650.0, 4678.0, 4735.0, 4752.0, 4756.0, 4780.0, 4790.0, 4800.0, 4804.0, 4808.0, 4815.0, 4821.0, 4842.0, 4851.0, 4852.0, 4864.0, 4891.0, 4931.0, 4968.0, 5010.0, 5027.0, 5046.0, 5096.0, 5129.0, 5154.0, 5166.0, 5210.0, 5224.0, 5253.0, 5256.0, 5277.0, 5281.0, 5287.0, 5305.0, 5311.0, 5316.0, 5337.0, 5354.0, 5364.0, 5365.0, 5376.0, 5414.0, 5422.0, 5436.0, 5450.0, 5519.0, 5523.0, 5588.0, 5629.0, 5638.0, 5653.0, 5663.0, 5730.0, 5747.0, 5757.0, 5789.0, 5794.0, 5890.0, 5900.0, 5906.0, 5920.0, 5933.0, 5962.0, 5973.0, 5978.0, 5981.0, 5998.0, 6035.0, 6050.0, 6094.0, 6135.0, 6156.0, 6181.0, 6194.0, 6195.0, 6206.0, 6242.0, 6272.0, 6285.0, 6299.0, 6319.0, 6422.0, 6430.0, 6431.0, 6433.0, 6446.0, 6457.0, 6461.0, 6468.0, 6470.0, 6558.0, 6599.0, 6603.0, 6642.0, 6655.0, 6663.0, 6667.0, 6696.0, 6713.0, 6720.0, 6760.0, 6773.0, 6776.0, 6788.0, 6801.0, 6810.0, 6814.0, 6856.0, 6888.0, 6900.0, 6911.0, 6938.0, 7011.0, 7018.0, 7039.0, 7043.0, 7058.0, 7082.0, 7091.0, 7094.0, 7103.0, 7109.0, 7114.0, 7130.0, 7145.0, 7185.0, 7205.0, 7289.0, 7353.0, 7403.0, 7405.0, 7442.0, 7444.0, 7456.0, 7508.0, 7525.0, 7551.0, 7572.0, 7586.0, 7681.0, 7705.0, 7716.0, 7846.0, 7855.0, 7936.0, 7942.0, 8073.0, 8100.0, 8125.0, 8218.0, 8291.0, 8301.0, 8349.0, 8406.0, 8451.0, 8458.0, 8481.0, 8493.0, 8495.0, 8500.0, 8502.0, 8520.0, 8527.0, 8528.0, 8546.0, 8549.0, 8555.0, 8605.0, 8612.0, 8633.0, 8738.0, 8773.0, 8826.0, 8837.0, 8850.0, 8863.0, 8871.0, 8914.0, 8985.0, 9026.0, 9043.0, 9053.0, 9095.0, 9134.0, 9138.0, 9144.0, 9181.0, 9205.0, 9209.0, 9220.0, 9261.0, 9267.0, 9341.0, 9363.0, 9367.0, 9380.0, 9410.0, 9413.0, 9414.0, 9444.0, 9448.0, 9454.0, 9473.0, 9499.0, 9507.0, 9516.0, 9557.0, 9586.0, 9603.0, 9618.0, 9619.0, 9625.0, 9638.0, 9639.0, 9644.0, 9650.0, 9670.0, 9710.0, 9717.0, 9725.0, 9728.0, 9731.0, 9738.0, 9765.0, 9767.0, 9770.0, 9776.0, 9781.0, 9788.0, 9798.0, 9802.0, 9839.0, 9844.0, 9846.0, 9860.0, 9869.0, 9873.0, 9877.0, 9895.0, 9897.0, 9902.0, 9918.0, 9924.0, 9925.0, 9961.0, 9989.0, 10051.0, 10066.0, 10083.0, 10105.0, 10163.0, 10181.0, 10212.0, 10215.0, 10226.0, 10241.0, 10278.0, 10362.0, 10395.0, 10396.0, 10397.0, 10411.0, 10420.0, 10425.0, 10435.0, 10491.0, 10507.0, 10521.0, 10541.0, 10553.0, 10566.0, 10577.0, 10617.0, 10625.0, 10628.0, 10655.0, 10666.0, 10749.0, 10766.0, 10781.0, 10782.0, 10826.0, 10906.0, 10966.0, 11016.0, 11064.0, 11077.0, 11104.0, 11123.0, 11135.0, 11141.0, 11145.0, 11149.0, 11155.0, 11173.0, 11177.0, 11183.0, 11221.0, 11226.0, 11232.0, 11234.0, 11243.0, 11322.0, 11340.0, 11342.0, 22794.0, 22795.0, 22807.0, 22834.0, 22846.0, 22858.0, 22882.0, 22905.0, 22909.0, 22933.0, 23048.0, 23052.0, 23114.0, 23120.0, 23127.0, 23133.0, 23148.0, 23149.0, 23176.0, 23181.0, 23184.0, 23187.0, 23189.0, 23194.0, 23198.0, 23214.0, 23239.0, 23250.0, 23258.0, 23279.0, 23303.0, 23307.0, 23308.0, 23318.0, 23321.0, 23348.0, 23351.0, 23387.0, 23405.0, 23452.0, 23478.0, 23493.0, 23499.0, 23555.0, 23589.0, 23603.0, 23604.0, 23621.0, 23671.0, 23677.0, 23678.0, 25777.0, 25780.0, 25793.0, 25805.0, 25850.0, 25861.0, 25894.0, 25923.0, 25932.0, 25943.0, 26020.0, 26022.0, 26064.0, 26097.0, 26118.0, 26119.0, 26133.0, 26147.0, 26576.0, 26585.0, 26959.0, 27030.0, 27031.0, 27106.0, 27130.0, 27185.0, 27291.0, 27296.0, 27340.0, 27347.0, 28514.0, 28971.0, 28984.0, 28996.0, 29116.0, 29117.0, 29119.0, 29128.0, 29763.0, 29893.0, 29899.0, 29937.0, 29956.0, 29968.0, 29970.0, 29994.0, 30817.0, 30850.0, 51008.0, 51024.0, 51071.0, 51076.0, 51090.0, 51114.0, 51125.0, 51135.0, 51148.0, 51228.0, 51274.0, 51285.0, 51315.0, 51421.0, 51429.0, 51474.0, 51479.0, 51497.0, 51540.0, 51604.0, 51642.0, 51700.0, 53637.0, 53838.0, 53905.0, 54108.0, 54467.0, 54780.0, 54790.0, 54820.0, 54885.0, 54886.0, 54910.0, 54925.0, 54941.0, 54960.0, 54987.0, 55015.0, 55031.0, 55035.0, 55051.0, 55075.0, 55114.0, 55120.0, 55124.0, 55125.0, 55144.0, 55151.0, 55159.0, 55166.0, 55182.0, 55191.0, 55223.0, 55248.0, 55249.0, 55254.0, 55281.0, 55314.0, 55323.0, 55336.0, 55357.0, 55421.0, 55503.0, 55508.0, 55510.0, 55536.0, 55558.0, 55619.0, 55622.0, 55636.0, 55652.0, 55677.0, 55704.0, 55719.0, 55726.0, 55732.0, 55755.0, 55793.0, 55796.0, 55829.0, 55857.0, 55861.0, 55905.0, 55914.0, 56155.0, 56302.0, 56339.0, 56474.0, 56650.0, 56895.0, 56896.0, 56952.0, 56957.0, 57018.0, 57020.0, 57085.0, 57154.0, 57162.0, 57185.0, 57188.0, 57216.0, 57406.0, 57409.0, 57458.0, 57467.0, 57471.0, 57522.0, 57530.0, 57556.0, 57580.0, 57584.0, 57644.0, 57645.0, 57649.0, 57654.0, 57690.0, 57698.0, 58473.0, 58476.0, 58480.0, 58499.0, 58504.0, 58526.0, 58533.0, 60401.0, 60437.0, 60468.0, 60481.0, 60484.0, 60485.0, 60686.0, 63027.0, 63892.0, 63971.0, 64077.0, 64093.0, 64114.0, 64398.0, 64399.0, 64422.0, 64506.0, 64766.0, 64784.0, 64793.0, 64798.0, 64834.0, 64849.0, 65108.0, 65125.0, 65251.0, 78996.0, 79152.0, 79156.0, 79443.0, 79602.0, 79603.0, 79633.0, 79710.0, 79726.0, 79811.0, 79817.0, 79842.0, 79885.0, 79892.0, 79899.0, 79956.0, 79957.0, 79962.0, 80005.0, 80176.0, 80208.0, 80227.0, 80274.0, 80345.0, 80346.0, 80705.0, 80725.0, 80820.0, 80824.0, 80895.0, 81628.0, 81788.0, 81844.0, 83700.0, 83714.0, 83937.0, 83992.0, 84057.0, 84081.0, 84163.0, 84191.0, 84236.0, 84281.0, 84296.0, 84307.0, 84328.0, 84445.0, 84668.0, 84722.0, 84749.0, 84795.0, 84859.0, 84872.0, 84898.0, 84938.0, 84978.0, 84986.0, 85377.0, 85407.0, 85417.0, 85458.0, 85461.0, 87178.0, 89781.0, 89853.0, 90141.0, 90231.0, 90594.0, 91369.0, 91661.0, 91746.0, 91754.0, 91775.0, 91833.0, 91975.0, 92105.0, 92335.0, 92689.0, 92737.0, 92799.0, 92960.0, 93643.0, 94015.0, 94241.0, 112399.0, 112574.0, 112817.0, 113402.0, 113791.0, 114792.0, 114825.0, 114883.0, 114899.0, 114908.0, 115123.0, 115584.0, 115825.0, 116154.0, 116173.0, 116254.0, 116362.0, 116448.0, 116461.0, 116985.0, 117248.0, 117283.0, 117584.0, 118442.0, 118738.0, 119392.0, 121227.0, 121260.0, 121441.0, 122060.0, 123283.0, 123606.0, 125061.0, 126626.0, 127428.0, 127829.0, 128869.0, 129531.0, 129563.0, 130132.0, 130502.0, 130872.0, 131616.0, 132228.0, 133121.0, 134285.0, 135932.0, 137209.0, 138639.0, 140545.0, 140609.0, 140688.0, 140803.0, 143425.0, 144348.0, 144811.0, 146956.0, 147657.0, 147685.0, 148103.0, 149483.0, 151011.0, 151188.0, 151254.0, 152404.0, 152503.0, 154043.0, 154881.0, 157638.0, 158234.0, 158405.0, 158747.0, 159013.0, 159195.0, 160140.0, 160335.0, 161176.0, 162681.0, 162966.0, 163782.0, 163786.0, 170591.0, 192669.0, 196051.0, 196528.0, 200539.0, 219287.0, 219699.0, 220108.0, 220965.0, 220972.0, 221035.0, 221178.0, 221184.0, 221458.0, 221476.0, 221914.0, 222166.0, 222537.0, 222643.0, 253714.0, 254394.0, 254827.0, 255394.0, 256227.0, 256364.0, 256435.0, 259294.0, 282809.0, 283377.0, 284119.0, 284402.0, 284992.0, 285025.0, 285195.0, 285527.0, 285590.0, 286053.0, 286204.0, 286262.0, 286410.0, 286827.0, 326625.0, 338328.0, 340075.0, 340277.0, 347273.0, 347734.0, 348938.0, 353116.0, 374395.0, 375035.0, 387914.0, 388403.0, 388969.0, 389289.0, 389524.0, 392636.0, 399665.0, 399687.0, 399694.0, 400506.0, 400961.0, 401548.0, 404093.0, 619279.0, 643008.0, 100101467.0 
GO:0051019 MF 1.28e-05  9/1551    29/29107 D06 mitogen-activated protein kinase binding 25.0, 1849.0, 4077.0, 8493.0, 8826.0, 9261.0, 11016.0, 11221.0, 80824.0 
GO:0008092 MF 2.80e-05 11/1551    47/29107 D03 cytoskeletal protein binding             88.0, 1739.0, 2318.0, 5311.0, 9855.0, 11064.0, 11155.0, 29116.0, 29763.0, 64097.0, 84978.0 
GO:0005085 MF 2.82e-05 28/1551   223/29107 D06 guanyl-nucleotide exchange factor activity 1793.0, 5900.0, 5906.0, 6655.0, 9138.0, 9181.0, 9267.0, 9639.0, 9771.0, 9844.0, 9855.0, 10411.0, 23258.0, 23348.0, 25780.0, 25894.0, 26030.0, 54453.0, 55619.0, 55701.0, 55704.0, 57189.0, 57580.0, 58480.0, 80005.0, 89781.0, 221178.0, 389337.0 
GO:0000978 MF 3.67e-05 96/1551  1178/29107 D09 RNA polymerase II cis-regulatory region sequence-specific DNA binding 463.0, 1997.0, 2186.0, 2308.0, 3021.0, 3065.0, 3231.0, 3516.0, 3660.0, 4093.0, 4211.0, 4286.0, 4303.0, 4601.0, 4603.0, 4613.0, 4780.0, 4790.0, 4800.0, 4808.0, 4821.0, 5316.0, 5629.0, 5978.0, 6299.0, 6663.0, 6667.0, 6720.0, 6773.0, 6776.0, 6911.0, 6938.0, 7403.0, 7404.0, 7562.0, 7572.0, 7586.0, 7587.0, 7643.0, 7705.0, 7769.0, 7942.0, 9095.0, 9516.0, 9586.0, 9603.0, 9705.0, 9745.0, 9839.0, 9925.0, 10215.0, 10655.0, 10732.0, 10782.0, 11016.0, 22807.0, 22834.0, 23493.0, 23598.0, 25850.0, 26137.0, 26959.0, 30812.0, 51274.0, 54925.0, 55636.0, 55762.0, 57573.0, 60468.0, 65251.0, 79776.0, 79842.0, 80345.0, 84307.0, 84449.0, 84504.0, 84614.0, 84671.0, 84765.0, 90338.0, 91661.0, 91975.0, 116448.0, 126017.0, 137209.0, 144348.0, 147657.0, 147929.0, 162966.0, 163223.0, 282890.0, 285268.0, 339327.0, 342892.0, 619279.0, 100101467.0 
GO:0019911 MF 4.49e-05  5/1551     9/29107 D02 structural constituent of myelin sheath  4118.0, 4155.0, 5354.0, 51090.0, 400746.0 
GO:0008432 MF 4.49e-05  5/1551     9/29107 D06 JUN kinase binding                       3799.0, 5747.0, 9043.0, 11221.0, 11342.0 
GO:0000981 MF 5.86e-05 99/1551  1241/29107 D03 DNA-binding transcription factor activity, RNA polymerase II-specific 463.0, 745.0, 1997.0, 1998.0, 2308.0, 3231.0, 3344.0, 3431.0, 3516.0, 3660.0, 4093.0, 4211.0, 4286.0, 4303.0, 4601.0, 4603.0, 4613.0, 4780.0, 4790.0, 4800.0, 4808.0, 4821.0, 5316.0, 5629.0, 6299.0, 6663.0, 6667.0, 6720.0, 6773.0, 6776.0, 6911.0, 6938.0, 7091.0, 7551.0, 7562.0, 7572.0, 7586.0, 7587.0, 7643.0, 7705.0, 7716.0, 7942.0, 9095.0, 9586.0, 9603.0, 9705.0, 9745.0, 9839.0, 9925.0, 10215.0, 10655.0, 10732.0, 10781.0, 10782.0, 11016.0, 22834.0, 22882.0, 23493.0, 26959.0, 30812.0, 51274.0, 51710.0, 54925.0, 55762.0, 56987.0, 57573.0, 57594.0, 60468.0, 64764.0, 79776.0, 79842.0, 80345.0, 84163.0, 84307.0, 84327.0, 84449.0, 84504.0, 84614.0, 84671.0, 84765.0, 90338.0, 90594.0, 91661.0, 91975.0, 116448.0, 126017.0, 144348.0, 147657.0, 147929.0, 148103.0, 163223.0, 282890.0, 285267.0, 285268.0, 339327.0, 389524.0, 100101467.0, 100381270.0, 101060200.0 
GO:0003779 MF 7.51e-05 30/1551   261/29107 D04 actin binding                            667.0, 2317.0, 2934.0, 3688.0, 4336.0, 4638.0, 4646.0, 4650.0, 5747.0, 5962.0, 7145.0, 7456.0, 9499.0, 10163.0, 11155.0, 22846.0, 22998.0, 23307.0, 23499.0, 23500.0, 26064.0, 54443.0, 54899.0, 55704.0, 56062.0, 57530.0, 64423.0, 65979.0, 85458.0, 116154.0 
GO:0045159 MF 8.59e-05  5/1551    10/29107 D05 myosin II binding                        2934.0, 3993.0, 3996.0, 57477.0, 134549.0 
GO:0070740 MF 8.59e-05  5/1551    10/29107 D06 tubulin-glutamic acid ligase activity    9654.0, 23093.0, 79739.0, 158135.0, 164395.0 
GO:0019904 MF 1.46e-04 28/1551   245/29107 D03 protein domain specific binding          88.0, 387.0, 835.0, 1244.0, 3178.0, 3643.0, 3916.0, 4642.0, 4780.0, 5365.0, 5981.0, 7444.0, 7846.0, 8826.0, 9414.0, 9798.0, 10278.0, 10411.0, 10617.0, 23114.0, 23405.0, 29899.0, 54820.0, 64398.0, 80725.0, 85458.0, 129531.0, 399694.0 
GO:0005516 MF 2.07e-04 24/1551   201/29107 D03 calmodulin binding                       3707.0, 4155.0, 4621.0, 4638.0, 4642.0, 4643.0, 4646.0, 4650.0, 4804.0, 4842.0, 5137.0, 5256.0, 6801.0, 7082.0, 7442.0, 8826.0, 9261.0, 23604.0, 27130.0, 55503.0, 55755.0, 56302.0, 65108.0, 79929.0 
GO:0005229 MF 2.42e-04  6/1551    18/29107 D09 intracellular calcium activated chloride channel activity 7439.0, 9635.0, 22802.0, 50636.0, 94015.0, 121601.0 
GO:0004984 MF 1.42e-06  1/1551   399/29107 D04 olfactory receptor activity              135924.0 
GO:1903231 MF 2.83e-05  1/1551   253/29107 D06 mRNA binding involved in posttranscriptional gene silencing 724027.0 
GO:0004930 MF 1.37e-04 16/1551   683/29107 D04 G protein-coupled receptor activity      187.0, 976.0, 1902.0, 2840.0, 2861.0, 2913.0, 4852.0, 7855.0, 30817.0, 51704.0, 53637.0, 118442.0, 135924.0, 259290.0, 259293.0, 259294.0 
