GO:0000724 BP 3.31e-07  13/849    77/29107 D09 double-strand break repair via homologous recombination 2073.0, 4361.0, 4683.0, 5965.0, 5980.0, 7486.0, 10213.0, 25788.0, 55693.0, 64710.0, 79728.0, 80010.0, 348654.0 
GO:0006281 BP 4.69e-07  26/849   235/29107 D07 DNA repair                               545.0, 2271.0, 2965.0, 2967.0, 4361.0, 4437.0, 5810.0, 5884.0, 5965.0, 5983.0, 7486.0, 9960.0, 9978.0, 11073.0, 50484.0, 51366.0, 51377.0, 54465.0, 54537.0, 55010.0, 55775.0, 56852.0, 58493.0, 84083.0, 221120.0, 112441434.0 
GO:0032508 BP 4.83e-07  12/849    67/29107 D08 DNA duplex unwinding                     1654.0, 4361.0, 4683.0, 5965.0, 5983.0, 7486.0, 10973.0, 25788.0, 25913.0, 56916.0, 83990.0, 170506.0 
GO:0006357 BP 2.62e-06 104/849  1600/29107 D10 regulation of transcription by RNA polymerase II 892.0, 902.0, 905.0, 3146.0, 3149.0, 3298.0, 4087.0, 4090.0, 4801.0, 5451.0, 5573.0, 6670.0, 6894.0, 7181.0, 7541.0, 7543.0, 7556.0, 7567.0, 7574.0, 7581.0, 7594.0, 7597.0, 7627.0, 7637.0, 7673.0, 7695.0, 7699.0, 7733.0, 7767.0, 8820.0, 9063.0, 9439.0, 9443.0, 9534.0, 9604.0, 9668.0, 9753.0, 9841.0, 10224.0, 10308.0, 10795.0, 10923.0, 11262.0, 22835.0, 22869.0, 23036.0, 23300.0, 23619.0, 29079.0, 50804.0, 50810.0, 51193.0, 54014.0, 55250.0, 55609.0, 55758.0, 55892.0, 56943.0, 57336.0, 57711.0, 58487.0, 59348.0, 64710.0, 79084.0, 79230.0, 79809.0, 80108.0, 80829.0, 83990.0, 84108.0, 84503.0, 90233.0, 90576.0, 90987.0, 117143.0, 117608.0, 126068.0, 127396.0, 140612.0, 146198.0, 147694.0, 147949.0, 148254.0, 152687.0, 163049.0, 163087.0, 169270.0, 170960.0, 203523.0, 219749.0, 254065.0, 254251.0, 284307.0, 284323.0, 284349.0, 284406.0, 348327.0, 374879.0, 374899.0, 374900.0, 388566.0, 653121.0, 100129842.0, 100131827.0 
GO:0030488 BP 5.93e-06   8/849    35/29107 D11 tRNA methylation                         1787.0, 6894.0, 51531.0, 51605.0, 60487.0, 79828.0, 80745.0, 91801.0 
GO:0015031 BP 7.43e-06  27/849   357/29107 D05 protein transport                        1130.0, 2060.0, 4534.0, 8723.0, 9183.0, 23033.0, 23317.0, 26984.0, 28966.0, 51026.0, 51068.0, 51124.0, 55297.0, 55435.0, 55667.0, 55706.0, 55745.0, 55763.0, 56943.0, 57231.0, 60561.0, 64145.0, 79023.0, 79719.0, 80184.0, 123016.0, 157680.0 
GO:0008380 BP 9.21e-06  17/849   168/29107 D08 RNA splicing                             2332.0, 6427.0, 6627.0, 6632.0, 9295.0, 9541.0, 10915.0, 11193.0, 11319.0, 51319.0, 51747.0, 54033.0, 55110.0, 55599.0, 58517.0, 85437.0, 140890.0 
GO:0051301 BP 1.49e-05  26/849   350/29107 D02 cell division                            905.0, 996.0, 4085.0, 7013.0, 7443.0, 8678.0, 8697.0, 9183.0, 9585.0, 9735.0, 10393.0, 10776.0, 23607.0, 29945.0, 54627.0, 55055.0, 55142.0, 55320.0, 55660.0, 57542.0, 64682.0, 79023.0, 83852.0, 84930.0, 163859.0, 348235.0 
GO:0006511 BP 1.80e-05  21/849   252/29107 D08 ubiquitin-dependent protein catabolic process 5682.0, 6477.0, 7337.0, 7347.0, 8697.0, 9604.0, 9736.0, 9960.0, 9978.0, 10213.0, 23032.0, 23358.0, 25862.0, 25898.0, 26263.0, 51377.0, 54602.0, 64750.0, 81847.0, 130507.0, 219333.0 
GO:0035735 BP 2.34e-05   4/849     7/29107 D08 intraciliary transport involved in cilium assembly 5108.0, 28981.0, 51626.0, 80173.0 
GO:0007186 BP 1.90e-06   4/849   880/29107 D05 G protein-coupled receptor signaling pathway 3717.0, 8323.0, 11069.0, 83941.0 
GO:0050911 BP 1.46e-05   0/849   401/29107 D05 detection of chemical stimulus involved in sensory perception of smell  
GO:0016607 CC 5.81e-07  39/849   411/29107 D03 nuclear speck                            5562.0, 6427.0, 6627.0, 7486.0, 8446.0, 8926.0, 9063.0, 9295.0, 9404.0, 9541.0, 9774.0, 10915.0, 10973.0, 11193.0, 11325.0, 23360.0, 25898.0, 25949.0, 27097.0, 51319.0, 51371.0, 51533.0, 51631.0, 51747.0, 54033.0, 54439.0, 55105.0, 55269.0, 55644.0, 55660.0, 58517.0, 64326.0, 64750.0, 79719.0, 83932.0, 140890.0, 143684.0, 163859.0, 170506.0 
GO:0005813 CC 1.17e-06  46/849   528/29107 D03 centrosome                               996.0, 998.0, 1654.0, 4082.0, 4999.0, 5108.0, 5573.0, 5682.0, 6500.0, 7486.0, 8766.0, 9541.0, 9585.0, 9657.0, 9702.0, 10190.0, 10671.0, 10733.0, 22852.0, 23032.0, 23637.0, 26146.0, 28981.0, 51098.0, 51626.0, 54619.0, 54627.0, 54902.0, 55142.0, 56852.0, 56954.0, 57489.0, 57539.0, 64770.0, 80173.0, 80184.0, 84930.0, 114791.0, 123016.0, 132320.0, 137492.0, 219621.0, 285753.0, 338657.0, 348654.0, 375748.0 
GO:0005739 CC 2.85e-06  84/849  1305/29107 D05 mitochondrion                            34.0, 36.0, 38.0, 39.0, 509.0, 594.0, 1353.0, 1633.0, 1738.0, 2108.0, 2271.0, 3416.0, 3658.0, 4724.0, 4942.0, 5162.0, 5163.0, 5781.0, 6059.0, 6198.0, 6342.0, 6742.0, 7386.0, 8034.0, 8678.0, 9949.0, 10059.0, 10352.0, 10845.0, 11262.0, 23456.0, 23788.0, 25875.0, 25994.0, 26355.0, 27068.0, 27247.0, 27249.0, 28982.0, 50484.0, 50717.0, 51263.0, 51571.0, 54602.0, 54708.0, 54802.0, 54902.0, 55014.0, 55082.0, 55186.0, 55326.0, 55347.0, 55486.0, 55669.0, 55760.0, 55812.0, 55863.0, 56267.0, 56942.0, 56943.0, 56947.0, 58487.0, 63899.0, 63931.0, 64087.0, 79048.0, 79072.0, 79133.0, 80224.0, 84842.0, 92399.0, 114112.0, 118987.0, 131118.0, 134266.0, 144363.0, 170506.0, 196294.0, 221120.0, 221154.0, 255027.0, 256356.0, 256643.0, 375748.0 
GO:0005654 CC 3.89e-06 255/849  3805/29107 D02 nucleoplasm                              545.0, 892.0, 902.0, 905.0, 996.0, 1153.0, 1161.0, 1207.0, 1525.0, 1633.0, 1654.0, 1787.0, 2073.0, 2332.0, 2965.0, 2967.0, 3146.0, 3298.0, 3717.0, 4085.0, 4087.0, 4090.0, 4361.0, 4437.0, 4664.0, 4683.0, 4799.0, 4801.0, 4863.0, 4942.0, 4999.0, 5001.0, 5162.0, 5208.0, 5451.0, 5562.0, 5597.0, 5682.0, 5686.0, 5706.0, 5781.0, 5810.0, 5868.0, 5884.0, 5917.0, 5928.0, 5935.0, 5965.0, 5980.0, 5983.0, 6198.0, 6342.0, 6418.0, 6427.0, 6500.0, 6596.0, 6627.0, 6632.0, 6664.0, 6670.0, 6873.0, 6936.0, 6996.0, 7013.0, 7155.0, 7181.0, 7247.0, 7257.0, 7335.0, 7347.0, 7443.0, 7486.0, 7541.0, 7543.0, 7597.0, 7639.0, 7767.0, 8028.0, 8089.0, 8446.0, 8504.0, 8550.0, 8575.0, 8697.0, 8731.0, 8932.0, 9063.0, 9295.0, 9324.0, 9439.0, 9443.0, 9521.0, 9585.0, 9604.0, 9652.0, 9657.0, 9668.0, 9774.0, 9949.0, 9960.0, 9978.0, 9987.0, 10213.0, 10352.0, 10393.0, 10438.0, 10621.0, 10623.0, 10741.0, 10746.0, 10771.0, 10776.0, 10845.0, 10915.0, 10923.0, 10973.0, 11073.0, 11097.0, 11103.0, 11193.0, 11319.0, 11325.0, 11335.0, 22823.0, 22894.0, 23032.0, 23160.0, 23350.0, 23358.0, 23512.0, 23588.0, 23595.0, 23658.0, 23673.0, 23741.0, 25852.0, 25862.0, 25875.0, 25898.0, 25913.0, 25949.0, 25994.0, 25998.0, 26061.0, 27247.0, 27258.0, 27327.0, 29079.0, 29945.0, 29966.0, 50484.0, 50717.0, 50810.0, 51068.0, 51163.0, 51193.0, 51366.0, 51377.0, 51496.0, 51533.0, 51592.0, 51605.0, 51616.0, 51727.0, 51747.0, 54014.0, 54033.0, 54165.0, 54465.0, 54556.0, 54928.0, 55010.0, 55082.0, 55110.0, 55250.0, 55269.0, 55297.0, 55319.0, 55320.0, 55520.0, 55591.0, 55599.0, 55623.0, 55644.0, 55660.0, 55693.0, 55729.0, 55758.0, 55775.0, 55812.0, 55814.0, 55892.0, 56852.0, 56916.0, 56943.0, 58487.0, 58493.0, 59348.0, 60560.0, 64326.0, 64682.0, 64710.0, 64750.0, 79023.0, 79048.0, 79072.0, 79084.0, 79577.0, 79728.0, 79768.0, 80010.0, 80349.0, 80829.0, 81550.0, 81556.0, 81847.0, 83852.0, 83932.0, 83990.0, 84083.0, 84108.0, 84128.0, 84135.0, 84193.0, 84930.0, 84946.0, 85437.0, 89978.0, 91452.0, 91801.0, 114112.0, 114799.0, 114803.0, 117143.0, 126272.0, 132660.0, 134510.0, 134637.0, 137492.0, 139886.0, 140890.0, 163087.0, 163259.0, 163859.0, 169981.0, 170506.0, 199870.0, 219333.0, 221120.0, 221830.0, 223082.0, 284697.0, 348654.0, 388566.0, 399818.0 
GO:0005634 CC 4.34e-06 325/849  5368/29107 D05 nucleus                                  34.0, 178.0, 213.0, 310.0, 427.0, 545.0, 892.0, 902.0, 905.0, 996.0, 1153.0, 1161.0, 1207.0, 1654.0, 1738.0, 2073.0, 2218.0, 2241.0, 2271.0, 2332.0, 2967.0, 3146.0, 3149.0, 3298.0, 3416.0, 3717.0, 4085.0, 4087.0, 4090.0, 4361.0, 4437.0, 4664.0, 4666.0, 4673.0, 4683.0, 4799.0, 4801.0, 4820.0, 4863.0, 4999.0, 5001.0, 5162.0, 5451.0, 5562.0, 5597.0, 5682.0, 5686.0, 5706.0, 5781.0, 5810.0, 5884.0, 5917.0, 5928.0, 5935.0, 5965.0, 5980.0, 5983.0, 6121.0, 6138.0, 6198.0, 6259.0, 6322.0, 6418.0, 6427.0, 6451.0, 6477.0, 6500.0, 6596.0, 6627.0, 6632.0, 6664.0, 6670.0, 6742.0, 6894.0, 6936.0, 6996.0, 7013.0, 7155.0, 7247.0, 7257.0, 7335.0, 7337.0, 7443.0, 7486.0, 7541.0, 7552.0, 7555.0, 7556.0, 7567.0, 7574.0, 7581.0, 7594.0, 7627.0, 7637.0, 7639.0, 7673.0, 7695.0, 7699.0, 7733.0, 7767.0, 7957.0, 8028.0, 8089.0, 8446.0, 8550.0, 8678.0, 8731.0, 8820.0, 8926.0, 8932.0, 9063.0, 9141.0, 9183.0, 9295.0, 9324.0, 9404.0, 9521.0, 9534.0, 9541.0, 9585.0, 9604.0, 9652.0, 9668.0, 9702.0, 9735.0, 9736.0, 9753.0, 9774.0, 9841.0, 9949.0, 9960.0, 9978.0, 10114.0, 10190.0, 10213.0, 10224.0, 10308.0, 10325.0, 10363.0, 10438.0, 10463.0, 10733.0, 10771.0, 10795.0, 10915.0, 10923.0, 10973.0, 11073.0, 11097.0, 11101.0, 11137.0, 11144.0, 11179.0, 11193.0, 11262.0, 11319.0, 11325.0, 11335.0, 22823.0, 22835.0, 22869.0, 23036.0, 23142.0, 23300.0, 23350.0, 23358.0, 23512.0, 23588.0, 23619.0, 23658.0, 23741.0, 23788.0, 25788.0, 25852.0, 25871.0, 25898.0, 25949.0, 27097.0, 27247.0, 27258.0, 29079.0, 29945.0, 50717.0, 50804.0, 50810.0, 51068.0, 51072.0, 51086.0, 51163.0, 51182.0, 51193.0, 51319.0, 51366.0, 51371.0, 51377.0, 51533.0, 51569.0, 51592.0, 51605.0, 51727.0, 51747.0, 54014.0, 54033.0, 54165.0, 54439.0, 54464.0, 54517.0, 54537.0, 54619.0, 54841.0, 55110.0, 55132.0, 55269.0, 55319.0, 55325.0, 55437.0, 55486.0, 55520.0, 55599.0, 55609.0, 55644.0, 55693.0, 55727.0, 55729.0, 55775.0, 55837.0, 56164.0, 56852.0, 56916.0, 57336.0, 57337.0, 57590.0, 57711.0, 58487.0, 58493.0, 59348.0, 64062.0, 64395.0, 64710.0, 64750.0, 64844.0, 64848.0, 79023.0, 79084.0, 79230.0, 79577.0, 79745.0, 79768.0, 79828.0, 79893.0, 79912.0, 79915.0, 80108.0, 80173.0, 80184.0, 80312.0, 80349.0, 80829.0, 81545.0, 81550.0, 81611.0, 81847.0, 83594.0, 83852.0, 83932.0, 83990.0, 84105.0, 84108.0, 84503.0, 84930.0, 84946.0, 85463.0, 90233.0, 90576.0, 90987.0, 91801.0, 92912.0, 114803.0, 117143.0, 117608.0, 126068.0, 126272.0, 127396.0, 128387.0, 132660.0, 134510.0, 135114.0, 140612.0, 146198.0, 147694.0, 147949.0, 148254.0, 152687.0, 163049.0, 163859.0, 169270.0, 170506.0, 170960.0, 171392.0, 192670.0, 203228.0, 203523.0, 219333.0, 219749.0, 221120.0, 254065.0, 254251.0, 284307.0, 284323.0, 284349.0, 284406.0, 285605.0, 348327.0, 374879.0, 374899.0, 374900.0, 375748.0, 376940.0, 388566.0, 399818.0, 440603.0, 653121.0, 729967.0, 100129842.0, 100131827.0 
GO:0005829 CC 4.81e-06 273/849  5295/29107 D02 cytosol                                  39.0, 178.0, 669.0, 905.0, 987.0, 996.0, 998.0, 1130.0, 1207.0, 1615.0, 1633.0, 1654.0, 2060.0, 2241.0, 2271.0, 2332.0, 2941.0, 3157.0, 3416.0, 3422.0, 3612.0, 3658.0, 3685.0, 3717.0, 4085.0, 4087.0, 4090.0, 4361.0, 4534.0, 4548.0, 4683.0, 4799.0, 4893.0, 5001.0, 5016.0, 5108.0, 5150.0, 5189.0, 5191.0, 5208.0, 5562.0, 5573.0, 5597.0, 5682.0, 5686.0, 5706.0, 5781.0, 5868.0, 5917.0, 5922.0, 5928.0, 6059.0, 6138.0, 6165.0, 6173.0, 6198.0, 6342.0, 6418.0, 6427.0, 6477.0, 6500.0, 6632.0, 6728.0, 6936.0, 7155.0, 7166.0, 7247.0, 7257.0, 7335.0, 7337.0, 7347.0, 7443.0, 7541.0, 7555.0, 7750.0, 7812.0, 8028.0, 8411.0, 8439.0, 8504.0, 8550.0, 8575.0, 8678.0, 8697.0, 8766.0, 8883.0, 8905.0, 8932.0, 9108.0, 9141.0, 9183.0, 9324.0, 9404.0, 9521.0, 9585.0, 9604.0, 9631.0, 9652.0, 9657.0, 9702.0, 9735.0, 9736.0, 9821.0, 9847.0, 9978.0, 9987.0, 10056.0, 10059.0, 10114.0, 10190.0, 10196.0, 10213.0, 10243.0, 10325.0, 10393.0, 10478.0, 10621.0, 10623.0, 10671.0, 10693.0, 10733.0, 10746.0, 10795.0, 10845.0, 10973.0, 11069.0, 11097.0, 11235.0, 11319.0, 11325.0, 22863.0, 22894.0, 23015.0, 23032.0, 23033.0, 23256.0, 23259.0, 23262.0, 23317.0, 23358.0, 23607.0, 23637.0, 23658.0, 23779.0, 24138.0, 25852.0, 25898.0, 26061.0, 26190.0, 26259.0, 26263.0, 26272.0, 26355.0, 27010.0, 27068.0, 27247.0, 27249.0, 27258.0, 27327.0, 28962.0, 29945.0, 50484.0, 50717.0, 50810.0, 51072.0, 51134.0, 51170.0, 51182.0, 51251.0, 51306.0, 51366.0, 51371.0, 51377.0, 51533.0, 51727.0, 54014.0, 54165.0, 54464.0, 54465.0, 54878.0, 54928.0, 55014.0, 55055.0, 55082.0, 55142.0, 55250.0, 55297.0, 55300.0, 55347.0, 55435.0, 55437.0, 55520.0, 55591.0, 55667.0, 55729.0, 55745.0, 55746.0, 55758.0, 55763.0, 55812.0, 55860.0, 56954.0, 56985.0, 57231.0, 57542.0, 57589.0, 57590.0, 57630.0, 57650.0, 57826.0, 60560.0, 60561.0, 60684.0, 64087.0, 64145.0, 64326.0, 64682.0, 64750.0, 64844.0, 79023.0, 79084.0, 79577.0, 79719.0, 80006.0, 80143.0, 80184.0, 80349.0, 80821.0, 81545.0, 81550.0, 81846.0, 81847.0, 83548.0, 83594.0, 83852.0, 84896.0, 84910.0, 84946.0, 85021.0, 85437.0, 89978.0, 91452.0, 91801.0, 92912.0, 114112.0, 114791.0, 115548.0, 117143.0, 121512.0, 123016.0, 132320.0, 135228.0, 137492.0, 139886.0, 140838.0, 152137.0, 163859.0, 167153.0, 169981.0, 170506.0, 192670.0, 200894.0, 203228.0, 219333.0, 221120.0, 222235.0, 223082.0, 340351.0, 348235.0, 374354.0, 399818.0, 440603.0, 729920.0 
GO:0005737 CC 4.95e-06 226/849  4681/29107 D02 cytoplasm                                39.0, 178.0, 213.0, 310.0, 996.0, 998.0, 1153.0, 1525.0, 1615.0, 1633.0, 1654.0, 1787.0, 2060.0, 2241.0, 2271.0, 2332.0, 2517.0, 3149.0, 3157.0, 3298.0, 3416.0, 3422.0, 3612.0, 3658.0, 3717.0, 4082.0, 4085.0, 4087.0, 4090.0, 4361.0, 4534.0, 4666.0, 4673.0, 4820.0, 4863.0, 4942.0, 5108.0, 5189.0, 5562.0, 5573.0, 5597.0, 5781.0, 5868.0, 5917.0, 5935.0, 5965.0, 6059.0, 6198.0, 6259.0, 6418.0, 6427.0, 6451.0, 6477.0, 6500.0, 6596.0, 7013.0, 7247.0, 7257.0, 7335.0, 7347.0, 7443.0, 7486.0, 7555.0, 7763.0, 8411.0, 8439.0, 8550.0, 8575.0, 8697.0, 8723.0, 8883.0, 8909.0, 9108.0, 9141.0, 9404.0, 9521.0, 9541.0, 9585.0, 9604.0, 9652.0, 9689.0, 9774.0, 9960.0, 10056.0, 10059.0, 10114.0, 10196.0, 10243.0, 10325.0, 10438.0, 10733.0, 10776.0, 10795.0, 11073.0, 11101.0, 11103.0, 11146.0, 11235.0, 11319.0, 11325.0, 22823.0, 22929.0, 23032.0, 23080.0, 23259.0, 23607.0, 23658.0, 25852.0, 25862.0, 25898.0, 25998.0, 26272.0, 27109.0, 27249.0, 50717.0, 50804.0, 51068.0, 51086.0, 51115.0, 51170.0, 51182.0, 51251.0, 51319.0, 51360.0, 51371.0, 51377.0, 51569.0, 51626.0, 51727.0, 54165.0, 54439.0, 54602.0, 54619.0, 54800.0, 54841.0, 54843.0, 54878.0, 54882.0, 55010.0, 55250.0, 55269.0, 55325.0, 55345.0, 55364.0, 55437.0, 55582.0, 55631.0, 55644.0, 55706.0, 55763.0, 55775.0, 55837.0, 55930.0, 56164.0, 56267.0, 56852.0, 57147.0, 57337.0, 57489.0, 57650.0, 57826.0, 58517.0, 60487.0, 60560.0, 64081.0, 64343.0, 64710.0, 64750.0, 64770.0, 64901.0, 79084.0, 79719.0, 79745.0, 79768.0, 79801.0, 79807.0, 79809.0, 79828.0, 79893.0, 80127.0, 80184.0, 80349.0, 80821.0, 81545.0, 81573.0, 81579.0, 81846.0, 81847.0, 83594.0, 83990.0, 84135.0, 84193.0, 84930.0, 85021.0, 90806.0, 91801.0, 94134.0, 114112.0, 114803.0, 115548.0, 115908.0, 120227.0, 120526.0, 121512.0, 129787.0, 130507.0, 133619.0, 135114.0, 148867.0, 151195.0, 163087.0, 170506.0, 192670.0, 203228.0, 219621.0, 219899.0, 220869.0, 221322.0, 223082.0, 255027.0, 285605.0, 285753.0, 338657.0, 375748.0, 399818.0, 494513.0 
GO:0030992 CC 5.69e-06   6/849    17/29107 D02 intraciliary transport particle B        26146.0, 28981.0, 51098.0, 80173.0, 92104.0, 150737.0 
GO:0005694 CC 6.10e-06  19/849   198/29107 D05 chromosome                               545.0, 2271.0, 2332.0, 3149.0, 4033.0, 5810.0, 5965.0, 7486.0, 7543.0, 10771.0, 11073.0, 11103.0, 11137.0, 11144.0, 54537.0, 56158.0, 83852.0, 114799.0, 112441434.0 
GO:0031597 CC 1.03e-05   4/849     6/29107 D06 cytosolic proteasome complex             3416.0, 5706.0, 10213.0, 51377.0 
GO:0005777 CC 1.19e-05  13/849   105/29107 D06 peroxisome                               3416.0, 3422.0, 5189.0, 5191.0, 6342.0, 8504.0, 10059.0, 10478.0, 26061.0, 56947.0, 65084.0, 83594.0, 91452.0 
GO:0032991 CC 2.28e-05  39/849   643/29107 D01 protein-containing complex               213.0, 998.0, 1161.0, 1353.0, 1525.0, 2073.0, 4087.0, 4090.0, 5108.0, 5573.0, 5597.0, 5781.0, 5928.0, 6342.0, 6418.0, 7335.0, 7556.0, 8028.0, 8504.0, 8723.0, 8766.0, 8883.0, 8932.0, 9541.0, 10059.0, 25994.0, 29966.0, 51026.0, 51366.0, 55757.0, 56947.0, 57589.0, 79728.0, 80184.0, 114803.0, 131118.0, 223082.0, 375748.0, 493856.0 
GO:1990423 CC 2.47e-05   3/849     3/29107 D02 RZZ complex                              9183.0, 9735.0, 55055.0 
GO:0097542 CC 5.82e-05   8/849    47/29107 D02 ciliary tip                              26146.0, 28981.0, 51098.0, 51626.0, 57539.0, 79809.0, 80173.0, 150737.0 
GO:0000781 CC 7.39e-05  15/849   160/29107 D03 chromosome, telomeric region             545.0, 4361.0, 4683.0, 4999.0, 5001.0, 5884.0, 7013.0, 7486.0, 11144.0, 11335.0, 23595.0, 25913.0, 79577.0, 170506.0, 283847.0 
GO:0005759 CC 7.44e-05  26/849   381/29107 D05 mitochondrial matrix                     34.0, 36.0, 38.0, 509.0, 594.0, 1738.0, 2108.0, 2110.0, 2271.0, 4942.0, 5162.0, 5163.0, 6059.0, 6742.0, 10352.0, 10845.0, 23590.0, 27068.0, 54802.0, 55347.0, 63899.0, 64087.0, 79072.0, 80224.0, 84869.0, 92399.0 
GO:0031467 CC 9.68e-05   3/849     4/29107 D06 Cul7-RING ubiquitin ligase complex       6500.0, 9978.0, 26259.0 
GO:0005778 CC 1.08e-04   9/849    65/29107 D07 peroxisomal membrane                     5189.0, 5191.0, 8504.0, 10478.0, 65084.0, 84896.0, 91452.0, 255027.0, 494513.0 
GO:0016020 CC 1.26e-04  92/849  2120/29107 D02 membrane                                 310.0, 509.0, 987.0, 998.0, 1130.0, 1615.0, 2060.0, 2332.0, 2589.0, 3685.0, 4033.0, 4437.0, 4534.0, 4673.0, 4893.0, 4999.0, 5108.0, 5573.0, 5706.0, 5917.0, 5965.0, 6059.0, 6121.0, 6138.0, 6165.0, 6259.0, 6342.0, 6596.0, 8411.0, 8504.0, 8575.0, 8723.0, 9108.0, 9183.0, 9404.0, 9631.0, 9689.0, 9950.0, 10056.0, 10059.0, 10478.0, 10973.0, 11069.0, 11103.0, 11325.0, 22894.0, 23259.0, 23317.0, 23527.0, 23788.0, 25998.0, 29079.0, 29880.0, 29929.0, 51026.0, 51068.0, 51124.0, 51182.0, 51366.0, 51371.0, 51571.0, 54431.0, 54464.0, 54503.0, 54708.0, 54843.0, 54928.0, 55297.0, 55300.0, 55631.0, 55660.0, 55706.0, 55745.0, 55746.0, 55763.0, 56889.0, 57589.0, 79627.0, 79796.0, 80184.0, 81846.0, 84888.0, 84896.0, 84910.0, 91452.0, 118987.0, 192670.0, 255520.0, 375612.0, 399948.0, 403313.0, 493856.0 
GO:0031464 CC 2.01e-04   4/849    11/29107 D07 Cul4A-RING E3 ubiquitin ligase complex   1161.0, 9978.0, 11146.0, 64326.0 
GO:0005794 CC 2.22e-04  50/849   988/29107 D05 Golgi apparatus                          213.0, 545.0, 987.0, 2218.0, 2589.0, 4893.0, 7257.0, 7812.0, 8766.0, 8905.0, 9702.0, 9950.0, 10059.0, 10559.0, 11137.0, 11235.0, 23015.0, 23032.0, 23259.0, 23390.0, 23443.0, 23461.0, 23673.0, 26259.0, 27327.0, 29966.0, 51124.0, 51134.0, 51533.0, 51626.0, 54602.0, 54741.0, 54928.0, 55297.0, 55435.0, 55667.0, 57147.0, 57630.0, 60684.0, 79084.0, 79694.0, 81550.0, 83548.0, 84910.0, 113201.0, 121512.0, 130026.0, 133619.0, 148867.0, 163859.0 
GO:0005680 CC 2.88e-04   5/849    21/29107 D06 anaphase-promoting complex               996.0, 8697.0, 10393.0, 29945.0, 64682.0 
GO:0000808 CC 4.63e-04   3/849     6/29107 D02 origin recognition complex               4999.0, 5001.0, 23595.0 
GO:0036064 CC 7.70e-04  13/849   158/29107 D03 ciliary basal body                       5108.0, 26146.0, 28981.0, 51098.0, 51626.0, 55812.0, 57489.0, 57539.0, 80127.0, 80184.0, 92104.0, 123016.0, 150737.0 
GO:0005828 CC 7.93e-04   3/849     7/29107 D08 kinetochore microtubule                  8766.0, 9183.0, 9735.0 
GO:0016605 CC 8.03e-04  10/849   102/29107 D03 PML body                                 545.0, 4361.0, 4683.0, 6670.0, 7181.0, 7750.0, 9063.0, 10114.0, 11073.0, 11262.0 
GO:0005615 CC 2.23e-06  16/849  1693/29107 D02 extracellular space                      213.0, 427.0, 1486.0, 1519.0, 2200.0, 2218.0, 3146.0, 3416.0, 6451.0, 7478.0, 8909.0, 54841.0, 115908.0, 135228.0, 203228.0, 344901.0 
GO:0005887 CC 9.30e-06  16/849  1403/29107 D04 integral component of plasma membrane    1317.0, 1525.0, 3685.0, 4033.0, 5172.0, 6259.0, 7220.0, 8323.0, 10099.0, 10559.0, 55246.0, 56130.0, 83941.0, 144448.0, 145389.0, 653160.0 
GO:0005886 CC 1.08e-05  86/849  4487/29107 D03 plasma membrane                          905.0, 987.0, 998.0, 1207.0, 1317.0, 1525.0, 1654.0, 2060.0, 3685.0, 3717.0, 4033.0, 4082.0, 4534.0, 4799.0, 4820.0, 4893.0, 5172.0, 5868.0, 6121.0, 6173.0, 6259.0, 6477.0, 6664.0, 6996.0, 7220.0, 7812.0, 8323.0, 8723.0, 8883.0, 8909.0, 9404.0, 9735.0, 9847.0, 10114.0, 10243.0, 10352.0, 11069.0, 11073.0, 11235.0, 22929.0, 23256.0, 23317.0, 23433.0, 23461.0, 23545.0, 23607.0, 24138.0, 28982.0, 29966.0, 51182.0, 51533.0, 54464.0, 54843.0, 55014.0, 55300.0, 55591.0, 55644.0, 55667.0, 55706.0, 55763.0, 55775.0, 57650.0, 57826.0, 60560.0, 64145.0, 64750.0, 64844.0, 80224.0, 81533.0, 81847.0, 83548.0, 84216.0, 84888.0, 85021.0, 115548.0, 120103.0, 135228.0, 138050.0, 144245.0, 145389.0, 151195.0, 153364.0, 163859.0, 223082.0, 375612.0, 403313.0 
GO:0005576 CC 1.47e-04  29/849  1854/29107 D02 extracellular region                     178.0, 213.0, 427.0, 1525.0, 1654.0, 2200.0, 2517.0, 2589.0, 3146.0, 5016.0, 5686.0, 7478.0, 8909.0, 10213.0, 25852.0, 50810.0, 51571.0, 55582.0, 55860.0, 56477.0, 56954.0, 79582.0, 80167.0, 80184.0, 81579.0, 115908.0, 135228.0, 338645.0, 374354.0 
GO:0003697 MF 5.18e-07  16/849   107/29107 D05 single-stranded DNA binding              2073.0, 3146.0, 4437.0, 6742.0, 7247.0, 7257.0, 7555.0, 10623.0, 10923.0, 11144.0, 50804.0, 55775.0, 56852.0, 64710.0, 83932.0, 170506.0 
GO:0003690 MF 9.79e-07  14/849    98/29107 D05 double-stranded DNA binding              2073.0, 3146.0, 3149.0, 4087.0, 4361.0, 6996.0, 10621.0, 10771.0, 11144.0, 24138.0, 50810.0, 55775.0, 64710.0, 83932.0 
GO:0003677 MF 1.97e-06  59/849   921/29107 D04 DNA binding                              213.0, 545.0, 1654.0, 4087.0, 4361.0, 4666.0, 4801.0, 5451.0, 5612.0, 5965.0, 5980.0, 5983.0, 6418.0, 6596.0, 6936.0, 6996.0, 7013.0, 7155.0, 7181.0, 7247.0, 7257.0, 7486.0, 7594.0, 7637.0, 7763.0, 8028.0, 8820.0, 9063.0, 9141.0, 9774.0, 9987.0, 10363.0, 10438.0, 10795.0, 11073.0, 11144.0, 11262.0, 22823.0, 23036.0, 25788.0, 51592.0, 51747.0, 55010.0, 55246.0, 55320.0, 56916.0, 58487.0, 59348.0, 79728.0, 79915.0, 80312.0, 83852.0, 83990.0, 114803.0, 129787.0, 171392.0, 254251.0, 256643.0, 375748.0 
GO:0003723 MF 2.51e-06  94/849  1388/29107 D04 RNA binding                              310.0, 509.0, 1153.0, 1207.0, 1615.0, 1654.0, 1787.0, 2332.0, 3146.0, 3149.0, 3658.0, 4673.0, 4799.0, 5682.0, 5935.0, 6138.0, 6165.0, 6173.0, 6427.0, 6596.0, 6627.0, 6632.0, 6728.0, 6742.0, 6894.0, 7247.0, 7257.0, 7555.0, 7812.0, 8446.0, 8575.0, 8731.0, 8909.0, 9295.0, 9689.0, 9774.0, 9987.0, 10056.0, 10438.0, 10915.0, 10923.0, 10973.0, 11097.0, 11103.0, 11193.0, 11325.0, 22894.0, 23160.0, 23350.0, 23658.0, 24138.0, 25949.0, 27258.0, 27327.0, 50804.0, 51068.0, 51163.0, 51366.0, 51377.0, 51605.0, 51631.0, 51747.0, 54439.0, 54464.0, 54505.0, 54517.0, 54882.0, 55110.0, 55132.0, 55269.0, 55345.0, 55623.0, 55660.0, 55760.0, 56267.0, 58517.0, 60488.0, 63931.0, 64062.0, 64710.0, 64848.0, 79048.0, 79072.0, 80745.0, 81550.0, 84128.0, 84135.0, 85437.0, 90957.0, 140890.0, 170506.0, 375287.0, 376940.0, 493856.0 
GO:0046872 MF 2.83e-06 145/849  2297/29107 D04 metal ion binding                        280.0, 2073.0, 2110.0, 2967.0, 3422.0, 3658.0, 3685.0, 3717.0, 4087.0, 4090.0, 5150.0, 5562.0, 5612.0, 5922.0, 5980.0, 6121.0, 6670.0, 7155.0, 7257.0, 7337.0, 7386.0, 7541.0, 7543.0, 7552.0, 7556.0, 7567.0, 7574.0, 7581.0, 7594.0, 7597.0, 7627.0, 7639.0, 7673.0, 7695.0, 7699.0, 7733.0, 7767.0, 7844.0, 8028.0, 9404.0, 9534.0, 9604.0, 9668.0, 9753.0, 9841.0, 10196.0, 10213.0, 10224.0, 10243.0, 10308.0, 10746.0, 10795.0, 11097.0, 11179.0, 11262.0, 22823.0, 22835.0, 22869.0, 22929.0, 23036.0, 23259.0, 23300.0, 23512.0, 23527.0, 23590.0, 27109.0, 50484.0, 51086.0, 51163.0, 51167.0, 51193.0, 51360.0, 51533.0, 54439.0, 54556.0, 54928.0, 55520.0, 55609.0, 55644.0, 55693.0, 55892.0, 56852.0, 57037.0, 57336.0, 57630.0, 57711.0, 59348.0, 64062.0, 64326.0, 79230.0, 80108.0, 80224.0, 80821.0, 80829.0, 81790.0, 83932.0, 83990.0, 84064.0, 84083.0, 84108.0, 84503.0, 84842.0, 85463.0, 90233.0, 90576.0, 90957.0, 90987.0, 114803.0, 117608.0, 118987.0, 121512.0, 126068.0, 127396.0, 128387.0, 132660.0, 140612.0, 146198.0, 147694.0, 147949.0, 148254.0, 152687.0, 153364.0, 163049.0, 163087.0, 167153.0, 169270.0, 170960.0, 203523.0, 219333.0, 219749.0, 223082.0, 284307.0, 284323.0, 284349.0, 284406.0, 348327.0, 374879.0, 374899.0, 374900.0, 376940.0, 388566.0, 493856.0, 653121.0, 100129842.0, 100131827.0 
GO:0005524 MF 2.93e-06  79/849  1458/29107 D08 ATP binding                              545.0, 1615.0, 1633.0, 1654.0, 2241.0, 3416.0, 3717.0, 4437.0, 5001.0, 5163.0, 5189.0, 5208.0, 5562.0, 5597.0, 5706.0, 5884.0, 5917.0, 5965.0, 6059.0, 6198.0, 6259.0, 6596.0, 6996.0, 7155.0, 7443.0, 7486.0, 8491.0, 8550.0, 9585.0, 9778.0, 10056.0, 10114.0, 10243.0, 10352.0, 10693.0, 10733.0, 10746.0, 10845.0, 10973.0, 11144.0, 11325.0, 22929.0, 23262.0, 23456.0, 23461.0, 25788.0, 26061.0, 27010.0, 51086.0, 51182.0, 51727.0, 54505.0, 54802.0, 55300.0, 55437.0, 55582.0, 55760.0, 55930.0, 56164.0, 56916.0, 57147.0, 64087.0, 64848.0, 79915.0, 80224.0, 83990.0, 84083.0, 84896.0, 84930.0, 89795.0, 89978.0, 90957.0, 92912.0, 167153.0, 170506.0, 220869.0, 256356.0, 375748.0, 414328.0 
GO:0000981 MF 5.88e-06  65/849  1241/29107 D03 DNA-binding transcription factor activity, RNA polymerase II-specific 3298.0, 4087.0, 4090.0, 4799.0, 4801.0, 5451.0, 6664.0, 6670.0, 7181.0, 7556.0, 7567.0, 7574.0, 7627.0, 7637.0, 7639.0, 7673.0, 7695.0, 7699.0, 7733.0, 8820.0, 9534.0, 9668.0, 9753.0, 10224.0, 11262.0, 22835.0, 22869.0, 23036.0, 23300.0, 23619.0, 55609.0, 55892.0, 57336.0, 57711.0, 58487.0, 79230.0, 80108.0, 84503.0, 90233.0, 90576.0, 90987.0, 117608.0, 126068.0, 127396.0, 140612.0, 146198.0, 147694.0, 147949.0, 148254.0, 152687.0, 163049.0, 169270.0, 171392.0, 203523.0, 219749.0, 284307.0, 284323.0, 284349.0, 284406.0, 348327.0, 374879.0, 374899.0, 374900.0, 388566.0, 100129842.0 
GO:0005515 MF 6.32e-06 545/849 12418/29107 D02 protein binding                          39.0, 178.0, 213.0, 310.0, 509.0, 545.0, 594.0, 669.0, 892.0, 902.0, 905.0, 996.0, 998.0, 1130.0, 1153.0, 1161.0, 1207.0, 1353.0, 1519.0, 1525.0, 1615.0, 1654.0, 1738.0, 2060.0, 2073.0, 2108.0, 2110.0, 2200.0, 2218.0, 2241.0, 2271.0, 2332.0, 2517.0, 2941.0, 2965.0, 2967.0, 3146.0, 3149.0, 3298.0, 3416.0, 3612.0, 3658.0, 3685.0, 3717.0, 4085.0, 4087.0, 4090.0, 4361.0, 4437.0, 4534.0, 4548.0, 4673.0, 4683.0, 4698.0, 4724.0, 4799.0, 4801.0, 4863.0, 4893.0, 4942.0, 4999.0, 5001.0, 5108.0, 5162.0, 5163.0, 5189.0, 5191.0, 5208.0, 5229.0, 5451.0, 5504.0, 5562.0, 5573.0, 5597.0, 5612.0, 5682.0, 5686.0, 5706.0, 5781.0, 5810.0, 5868.0, 5884.0, 5917.0, 5928.0, 5935.0, 5955.0, 5965.0, 5980.0, 5983.0, 6059.0, 6138.0, 6165.0, 6173.0, 6198.0, 6259.0, 6342.0, 6418.0, 6427.0, 6477.0, 6500.0, 6596.0, 6627.0, 6632.0, 6670.0, 6728.0, 6742.0, 6747.0, 6873.0, 6936.0, 6996.0, 7013.0, 7166.0, 7181.0, 7220.0, 7247.0, 7335.0, 7337.0, 7347.0, 7386.0, 7443.0, 7486.0, 7541.0, 7552.0, 7555.0, 7556.0, 7567.0, 7574.0, 7597.0, 7627.0, 7637.0, 7695.0, 7699.0, 7733.0, 7750.0, 7763.0, 7767.0, 7812.0, 7844.0, 7957.0, 8028.0, 8089.0, 8323.0, 8411.0, 8439.0, 8491.0, 8504.0, 8550.0, 8575.0, 8678.0, 8697.0, 8723.0, 8731.0, 8766.0, 8820.0, 8883.0, 8905.0, 8932.0, 9063.0, 9108.0, 9141.0, 9183.0, 9295.0, 9324.0, 9404.0, 9439.0, 9443.0, 9521.0, 9541.0, 9585.0, 9604.0, 9631.0, 9652.0, 9657.0, 9668.0, 9695.0, 9702.0, 9735.0, 9736.0, 9753.0, 9774.0, 9821.0, 9841.0, 9949.0, 9978.0, 9987.0, 10056.0, 10059.0, 10190.0, 10196.0, 10213.0, 10243.0, 10325.0, 10330.0, 10363.0, 10438.0, 10478.0, 10559.0, 10621.0, 10623.0, 10733.0, 10741.0, 10746.0, 10771.0, 10776.0, 10845.0, 10915.0, 10923.0, 10973.0, 11069.0, 11073.0, 11097.0, 11101.0, 11103.0, 11144.0, 11146.0, 11193.0, 11235.0, 11262.0, 11319.0, 11325.0, 11335.0, 22852.0, 22863.0, 22894.0, 22929.0, 23032.0, 23142.0, 23160.0, 23256.0, 23300.0, 23317.0, 23350.0, 23358.0, 23360.0, 23390.0, 23433.0, 23443.0, 23456.0, 23512.0, 23545.0, 23588.0, 23590.0, 23595.0, 23607.0, 23619.0, 23637.0, 23658.0, 23673.0, 23741.0, 23779.0, 23788.0, 24138.0, 25788.0, 25852.0, 25862.0, 25875.0, 25898.0, 25913.0, 25949.0, 26061.0, 26146.0, 26190.0, 26259.0, 26263.0, 26272.0, 26355.0, 26984.0, 27010.0, 27097.0, 27247.0, 27248.0, 27249.0, 27258.0, 27327.0, 28962.0, 28966.0, 28981.0, 28982.0, 29079.0, 29945.0, 29966.0, 50484.0, 50717.0, 51026.0, 51072.0, 51086.0, 51124.0, 51134.0, 51144.0, 51170.0, 51182.0, 51193.0, 51251.0, 51319.0, 51366.0, 51371.0, 51377.0, 51389.0, 51496.0, 51531.0, 51533.0, 51569.0, 51571.0, 51592.0, 51605.0, 51616.0, 51626.0, 51631.0, 51747.0, 54033.0, 54165.0, 54431.0, 54464.0, 54465.0, 54532.0, 54537.0, 54602.0, 54708.0, 54741.0, 54800.0, 54834.0, 54841.0, 54843.0, 54878.0, 54882.0, 54902.0, 55010.0, 55014.0, 55055.0, 55082.0, 55110.0, 55132.0, 55142.0, 55246.0, 55269.0, 55319.0, 55320.0, 55322.0, 55325.0, 55326.0, 55334.0, 55364.0, 55437.0, 55486.0, 55582.0, 55609.0, 55623.0, 55631.0, 55644.0, 55660.0, 55669.0, 55693.0, 55729.0, 55746.0, 55757.0, 55758.0, 55760.0, 55763.0, 55775.0, 55812.0, 55837.0, 55860.0, 55863.0, 55892.0, 56158.0, 56477.0, 56674.0, 56852.0, 56916.0, 56942.0, 56943.0, 56947.0, 57037.0, 57147.0, 57226.0, 57337.0, 57456.0, 57539.0, 57542.0, 57544.0, 57589.0, 57590.0, 57630.0, 57650.0, 57826.0, 58487.0, 58493.0, 58517.0, 59348.0, 60487.0, 60560.0, 60561.0, 60684.0, 63877.0, 63931.0, 64062.0, 64081.0, 64087.0, 64145.0, 64149.0, 64326.0, 64343.0, 64395.0, 64430.0, 64750.0, 64770.0, 64844.0, 64848.0, 64860.0, 79023.0, 79048.0, 79072.0, 79084.0, 79133.0, 79577.0, 79719.0, 79728.0, 79745.0, 79768.0, 79801.0, 79807.0, 79809.0, 79839.0, 79912.0, 79915.0, 80006.0, 80010.0, 80108.0, 80143.0, 80173.0, 80184.0, 80224.0, 80349.0, 80745.0, 80821.0, 81545.0, 81550.0, 81573.0, 81579.0, 81611.0, 81790.0, 81846.0, 81847.0, 81853.0, 83548.0, 83594.0, 83852.0, 83932.0, 83941.0, 83990.0, 84064.0, 84083.0, 84105.0, 84108.0, 84135.0, 84193.0, 84641.0, 84869.0, 84888.0, 84946.0, 85013.0, 85021.0, 85437.0, 85463.0, 90407.0, 90957.0, 90987.0, 91283.0, 91408.0, 91801.0, 92399.0, 92912.0, 94101.0, 114112.0, 114791.0, 114803.0, 115548.0, 119032.0, 123016.0, 124411.0, 126068.0, 126272.0, 130026.0, 131118.0, 132660.0, 133015.0, 133619.0, 134510.0, 134637.0, 137492.0, 139886.0, 140890.0, 143684.0, 144245.0, 144363.0, 145389.0, 146198.0, 148254.0, 150737.0, 151195.0, 152137.0, 152687.0, 153364.0, 163049.0, 163087.0, 163859.0, 167153.0, 169270.0, 169981.0, 170506.0, 171392.0, 171546.0, 192670.0, 200894.0, 201895.0, 201965.0, 203228.0, 203523.0, 219333.0, 219621.0, 219749.0, 219899.0, 221120.0, 221154.0, 221322.0, 254251.0, 283847.0, 284307.0, 284323.0, 285521.0, 285753.0, 338657.0, 348235.0, 374354.0, 374618.0, 374879.0, 375287.0, 375612.0, 375748.0, 403313.0, 440603.0, 493856.0, 653121.0, 729967.0, 112441434.0 
GO:0004842 MF 1.53e-05  20/849   230/29107 D04 ubiquitin-protein transferase activity   1161.0, 6477.0, 7337.0, 7844.0, 8697.0, 9978.0, 25898.0, 26190.0, 26259.0, 26263.0, 26272.0, 29945.0, 51592.0, 57542.0, 64326.0, 64750.0, 80829.0, 81847.0, 92912.0, 130507.0 
GO:0000978 MF 1.79e-05  61/849  1178/29107 D09 RNA polymerase II cis-regulatory region sequence-specific DNA binding 3298.0, 4087.0, 4090.0, 4801.0, 5451.0, 5928.0, 6664.0, 6670.0, 7181.0, 7541.0, 7574.0, 7581.0, 7594.0, 7597.0, 7637.0, 7639.0, 7673.0, 7695.0, 7699.0, 7767.0, 8820.0, 9534.0, 9668.0, 9753.0, 9841.0, 9960.0, 10308.0, 10795.0, 10923.0, 11179.0, 22835.0, 51193.0, 55609.0, 55892.0, 57336.0, 59348.0, 80108.0, 84503.0, 90233.0, 90987.0, 117608.0, 140612.0, 147694.0, 147949.0, 152687.0, 163087.0, 170506.0, 170960.0, 171392.0, 203523.0, 284307.0, 284323.0, 284349.0, 284406.0, 348327.0, 374879.0, 374899.0, 374900.0, 388566.0, 100129842.0, 100131827.0 
GO:0001227 MF 4.20e-05  23/849   308/29107 D04 DNA-binding transcription repressor activity, RNA polymerase II-specific 4090.0, 4799.0, 6670.0, 7181.0, 7541.0, 7556.0, 7567.0, 7597.0, 7627.0, 7639.0, 7699.0, 7733.0, 7767.0, 8820.0, 23619.0, 57711.0, 59348.0, 79230.0, 127396.0, 146198.0, 148254.0, 169270.0, 219749.0 
GO:0008270 MF 4.77e-05  45/849   814/29107 D06 zinc ion binding                         213.0, 3416.0, 4548.0, 4799.0, 5229.0, 6477.0, 6596.0, 7181.0, 7555.0, 7637.0, 7750.0, 7763.0, 8411.0, 9063.0, 9960.0, 9978.0, 10771.0, 10845.0, 11193.0, 23032.0, 23619.0, 25862.0, 25898.0, 51366.0, 51592.0, 54708.0, 54802.0, 55345.0, 57590.0, 64145.0, 64844.0, 80312.0, 81847.0, 83594.0, 83852.0, 85437.0, 91801.0, 112479.0, 114799.0, 120526.0, 130507.0, 134637.0, 151112.0, 171392.0, 340351.0 
GO:0003678 MF 5.82e-05   8/849    47/29107 D05 DNA helicase activity                    1654.0, 4361.0, 5965.0, 7486.0, 25788.0, 56916.0, 83990.0, 170506.0 
GO:0061630 MF 7.24e-05  22/849   298/29107 D05 ubiquitin protein ligase activity        998.0, 4799.0, 6477.0, 6596.0, 7337.0, 7844.0, 9443.0, 9604.0, 9978.0, 25898.0, 26272.0, 51366.0, 54708.0, 56852.0, 57630.0, 64326.0, 64750.0, 81790.0, 81847.0, 130507.0, 151112.0, 223082.0 
GO:0008094 MF 8.40e-05   7/849    37/29107 D04 ATPase, acting on DNA                    4437.0, 5928.0, 5983.0, 6596.0, 11144.0, 56916.0, 170506.0 
GO:0051880 MF 1.31e-04   4/849    10/29107 D05 G-quadruplex DNA binding                 7486.0, 7555.0, 54464.0, 170506.0 
GO:0016887 MF 1.45e-04  20/849   270/29107 D07 ATP hydrolysis activity                  509.0, 1654.0, 5189.0, 5965.0, 7486.0, 9585.0, 10845.0, 10973.0, 11325.0, 23456.0, 51182.0, 54505.0, 55582.0, 55760.0, 56916.0, 64848.0, 83990.0, 84896.0, 90957.0, 170506.0 
GO:0003682 MF 1.68e-04  27/849   418/29107 D02 chromatin binding                        905.0, 2332.0, 2965.0, 4087.0, 4673.0, 5562.0, 5884.0, 6322.0, 6418.0, 6670.0, 6742.0, 6873.0, 7155.0, 7486.0, 8028.0, 8820.0, 9324.0, 10463.0, 22823.0, 56916.0, 56943.0, 64710.0, 79809.0, 80173.0, 81550.0, 83990.0, 117608.0 
GO:0000977 MF 1.70e-04  23/849   329/29107 D08 RNA polymerase II transcription regulatory region sequence-specific DNA binding 3298.0, 4799.0, 6670.0, 7556.0, 7567.0, 7627.0, 7733.0, 8820.0, 10224.0, 22823.0, 22869.0, 23619.0, 57711.0, 79230.0, 90576.0, 126068.0, 127396.0, 146198.0, 148254.0, 163049.0, 169270.0, 219749.0, 653121.0 
GO:0051539 MF 1.94e-04   7/849    42/29107 D04 4 iron, 4 sulfur cluster binding         2110.0, 3658.0, 5980.0, 6059.0, 27247.0, 80224.0, 83990.0 
GO:0004930 MF 4.69e-06   3/849   683/29107 D04 G protein-coupled receptor activity      8323.0, 83941.0, 653160.0 
GO:0004984 MF 1.43e-05   0/849   399/29107 D04 olfactory receptor activity               
