GO:0006120 BP 4.70e-07 23/5238    45/29107 D08 mitochondrial electron transport, NADH to ubiquinone 4535.0, 4536.0, 4537.0, 4538.0, 4539.0, 4540.0, 4541.0, 4695.0, 4697.0, 4700.0, 4705.0, 4706.0, 4707.0, 4709.0, 4714.0, 4715.0, 4717.0, 4718.0, 4725.0, 4729.0, 4731.0, 51103.0, 57017.0 
GO:0007156 BP 1.21e-06 61/5238   166/29107 D05 homophilic cell adhesion via plasma membrane adhesion molecules 1001.0, 1002.0, 1823.0, 1824.0, 1826.0, 1828.0, 1829.0, 5797.0, 6091.0, 7216.0, 8641.0, 9620.0, 9708.0, 9752.0, 26025.0, 26167.0, 54660.0, 56099.0, 56100.0, 56101.0, 56102.0, 56103.0, 56104.0, 56105.0, 56106.0, 56107.0, 56108.0, 56109.0, 56110.0, 56111.0, 56113.0, 56114.0, 56121.0, 56124.0, 56125.0, 56126.0, 56127.0, 56128.0, 56129.0, 56131.0, 56132.0, 56133.0, 56135.0, 56136.0, 56137.0, 56140.0, 56141.0, 56142.0, 56143.0, 56144.0, 56145.0, 56146.0, 56147.0, 57717.0, 64072.0, 64403.0, 64881.0, 65217.0, 91156.0, 91624.0, 133418.0 
GO:0002181 BP 1.42e-06 41/5238    85/29107 D08 cytoplasmic translation                  3921.0, 4733.0, 4736.0, 6122.0, 6133.0, 6134.0, 6136.0, 6137.0, 6139.0, 6143.0, 6155.0, 6157.0, 6159.0, 6160.0, 6164.0, 6171.0, 6175.0, 6188.0, 6193.0, 6201.0, 6202.0, 6203.0, 6204.0, 6205.0, 6208.0, 6210.0, 6218.0, 6222.0, 6223.0, 6224.0, 6227.0, 6228.0, 6229.0, 6230.0, 6231.0, 6232.0, 6234.0, 6235.0, 11224.0, 51121.0, 200916.0 
GO:0006412 BP 2.13e-06 68/5238   195/29107 D07 translation                              1915.0, 3921.0, 4736.0, 6122.0, 6133.0, 6134.0, 6136.0, 6137.0, 6139.0, 6143.0, 6150.0, 6155.0, 6157.0, 6159.0, 6160.0, 6164.0, 6166.0, 6171.0, 6175.0, 6188.0, 6192.0, 6193.0, 6201.0, 6202.0, 6203.0, 6204.0, 6205.0, 6208.0, 6210.0, 6218.0, 6222.0, 6223.0, 6224.0, 6227.0, 6228.0, 6229.0, 6230.0, 6231.0, 6232.0, 6234.0, 6235.0, 7965.0, 10643.0, 11224.0, 23438.0, 28973.0, 51067.0, 51081.0, 51258.0, 51264.0, 51649.0, 55052.0, 64928.0, 64963.0, 64965.0, 64983.0, 65003.0, 65005.0, 79590.0, 116832.0, 118672.0, 124995.0, 219927.0, 284029.0, 388692.0, 100132147.0, 112267871.0, 113219467.0 
GO:0006396 BP 2.80e-06 123/5238   423/29107 D07 RNA processing                           105.0, 1659.0, 1736.0, 5936.0, 6041.0, 9128.0, 10978.0, 11218.0, 22803.0, 23642.0, 24144.0, 26767.0, 26768.0, 26773.0, 26775.0, 26782.0, 26785.0, 26821.0, 26822.0, 79707.0, 85028.0, 130951.0, 161931.0, 319103.0, 319139.0, 594839.0, 619383.0, 654319.0, 677679.0, 677767.0, 677768.0, 677769.0, 677772.0, 677774.0, 677775.0, 677793.0, 677796.0, 677797.0, 677799.0, 677800.0, 677801.0, 677802.0, 677806.0, 677807.0, 677808.0, 677811.0, 677819.0, 677820.0, 677828.0, 677832.0, 677833.0, 677841.0, 677843.0, 677846.0, 677882.0, 692053.0, 692058.0, 692084.0, 692086.0, 692108.0, 692111.0, 692225.0, 767563.0, 767565.0, 767566.0, 767567.0, 767568.0, 767569.0, 767578.0, 767579.0, 767582.0, 767583.0, 767585.0, 767588.0, 767589.0, 767590.0, 767591.0, 767592.0, 767593.0, 767594.0, 767595.0, 767596.0, 767597.0, 767598.0, 767599.0, 767603.0, 767604.0, 767605.0, 767609.0, 767610.0, 767611.0, 767612.0, 100033423.0, 100033437.0, 100033440.0, 100033441.0, 100033443.0, 100033445.0, 100033446.0, 100033451.0, 100033453.0, 100033800.0, 100033801.0, 100033805.0, 100033806.0, 100033807.0, 100033808.0, 100033809.0, 100033813.0, 100033815.0, 100124536.0, 100158262.0, 100506409.0, 100873856.0, 109616965.0, 109616967.0, 109616970.0, 109616976.0, 109616978.0, 109616999.0, 109617000.0, 109617004.0, 109617020.0 
GO:0034587 BP 4.23e-06 11/5238    15/29107 D08 piRNA metabolic process                  11022.0, 54456.0, 54514.0, 56165.0, 84944.0, 91646.0, 113802.0, 122402.0, 143689.0, 161829.0, 201164.0 
GO:0000028 BP 4.23e-06 11/5238    15/29107 D08 ribosomal small subunit assembly         3921.0, 5822.0, 6193.0, 6208.0, 6223.0, 6232.0, 6234.0, 27341.0, 51081.0, 64963.0, 102724159.0 
GO:0006364 BP 8.24e-06 41/5238   116/29107 D09 rRNA processing                          1736.0, 2091.0, 2483.0, 5036.0, 5393.0, 5394.0, 6041.0, 6155.0, 6201.0, 6218.0, 6223.0, 6229.0, 6230.0, 6232.0, 6234.0, 6839.0, 10360.0, 10436.0, 10557.0, 10775.0, 10813.0, 22803.0, 23016.0, 23195.0, 23378.0, 23404.0, 27341.0, 29960.0, 51013.0, 51096.0, 51118.0, 51202.0, 51367.0, 54059.0, 55272.0, 55646.0, 79863.0, 88745.0, 113510.0, 118460.0, 130916.0 
GO:0007155 BP 9.87e-06 128/5238   488/29107 D02 cell adhesion                            176.0, 390.0, 563.0, 948.0, 971.0, 1001.0, 1002.0, 1288.0, 1303.0, 1364.0, 1499.0, 1501.0, 1805.0, 1824.0, 1826.0, 1829.0, 1861.0, 2046.0, 2191.0, 3026.0, 3385.0, 3490.0, 3682.0, 3910.0, 3918.0, 3921.0, 4017.0, 4301.0, 4604.0, 4606.0, 4831.0, 4868.0, 4958.0, 5317.0, 5411.0, 5613.0, 5754.0, 5796.0, 5961.0, 6091.0, 6247.0, 6402.0, 6868.0, 7143.0, 7448.0, 8174.0, 8214.0, 8496.0, 8581.0, 8641.0, 8839.0, 8840.0, 9051.0, 9076.0, 9289.0, 9708.0, 9752.0, 10020.0, 10457.0, 10519.0, 10686.0, 22801.0, 23421.0, 23769.0, 25865.0, 25975.0, 26025.0, 26032.0, 26167.0, 26574.0, 27283.0, 50624.0, 50856.0, 50937.0, 54587.0, 54660.0, 55612.0, 56099.0, 56100.0, 56101.0, 56102.0, 56103.0, 56104.0, 56105.0, 56106.0, 56107.0, 56108.0, 56109.0, 56110.0, 56111.0, 56113.0, 56114.0, 56121.0, 56124.0, 56125.0, 56126.0, 56127.0, 56128.0, 56129.0, 56131.0, 56132.0, 56133.0, 56135.0, 56136.0, 56137.0, 56140.0, 56141.0, 56142.0, 56143.0, 56144.0, 56145.0, 56146.0, 56147.0, 57126.0, 57717.0, 63827.0, 64881.0, 65217.0, 79937.0, 80781.0, 84063.0, 91653.0, 129804.0, 196264.0, 284217.0, 284359.0, 340267.0, 728577.0 
GO:0003341 BP 1.05e-05 20/5238    42/29107 D04 cilium movement                          1767.0, 8701.0, 26074.0, 27019.0, 51364.0, 55036.0, 55130.0, 79819.0, 83538.0, 89876.0, 93233.0, 118491.0, 123872.0, 144406.0, 154313.0, 161582.0, 221421.0, 345895.0, 348807.0, 387885.0 
GO:0032259 BP 1.60e-05 23/5238    53/29107 D02 methylation                              639.0, 3176.0, 4507.0, 4837.0, 5409.0, 8623.0, 23378.0, 23743.0, 27232.0, 51805.0, 56980.0, 63977.0, 79730.0, 83640.0, 84274.0, 85002.0, 114826.0, 124512.0, 133383.0, 196410.0, 220074.0, 645332.0, 728464.0 
GO:0033617 BP 1.99e-05 13/5238    22/29107 D09 mitochondrial cytochrome c oxidase assembly 617.0, 5018.0, 6341.0, 6834.0, 10063.0, 28958.0, 51241.0, 55744.0, 84987.0, 90639.0, 389203.0, 100131801.0, 100303755.0 
GO:0003351 BP 2.68e-05 11/5238    17/29107 D05 epithelial cilium movement involved in extracellular fluid movement 1767.0, 8382.0, 26256.0, 27019.0, 27148.0, 53340.0, 55036.0, 79925.0, 83853.0, 161582.0, 200162.0 
GO:0032981 BP 3.17e-05 24/5238    57/29107 D08 mitochondrial respiratory chain complex I assembly 617.0, 4535.0, 4536.0, 4538.0, 4540.0, 4541.0, 4695.0, 4700.0, 4705.0, 4706.0, 4707.0, 4709.0, 4714.0, 4715.0, 4717.0, 4718.0, 4725.0, 5018.0, 51103.0, 55471.0, 55744.0, 90871.0, 137682.0, 284184.0 
GO:0006357 BP 3.24e-05 352/5238  1600/29107 D10 regulation of transcription by RNA polymerase II 367.0, 405.0, 466.0, 468.0, 639.0, 687.0, 1390.0, 1523.0, 1628.0, 1746.0, 1750.0, 1831.0, 1869.0, 1876.0, 2099.0, 2100.0, 2118.0, 2297.0, 2298.0, 2300.0, 2305.0, 2354.0, 2649.0, 2736.0, 2966.0, 3148.0, 3164.0, 3172.0, 3175.0, 3727.0, 4092.0, 4223.0, 4331.0, 4520.0, 4610.0, 4661.0, 4738.0, 4775.0, 4802.0, 4807.0, 4824.0, 4899.0, 4901.0, 5090.0, 5178.0, 5325.0, 5396.0, 5455.0, 5932.0, 6493.0, 6602.0, 6615.0, 6668.0, 6777.0, 6871.0, 6907.0, 6932.0, 6940.0, 6945.0, 7005.0, 7290.0, 7291.0, 7539.0, 7544.0, 7549.0, 7554.0, 7561.0, 7564.0, 7565.0, 7566.0, 7568.0, 7571.0, 7580.0, 7584.0, 7589.0, 7592.0, 7596.0, 7620.0, 7626.0, 7633.0, 7638.0, 7652.0, 7678.0, 7691.0, 7692.0, 7693.0, 7702.0, 7704.0, 7711.0, 7712.0, 7718.0, 7727.0, 7728.0, 7730.0, 7741.0, 7743.0, 7746.0, 7757.0, 7766.0, 7770.0, 7771.0, 7772.0, 7773.0, 7775.0, 7776.0, 7789.0, 7849.0, 8019.0, 8409.0, 8462.0, 8464.0, 8538.0, 8607.0, 9242.0, 9310.0, 9440.0, 9442.0, 9880.0, 10127.0, 10172.0, 10336.0, 10401.0, 10520.0, 10664.0, 10691.0, 10780.0, 10838.0, 10848.0, 11023.0, 22806.0, 22938.0, 23028.0, 23269.0, 26149.0, 26287.0, 26298.0, 26468.0, 26508.0, 26574.0, 26974.0, 27300.0, 27319.0, 27324.0, 28999.0, 29842.0, 29994.0, 30813.0, 30832.0, 50485.0, 51003.0, 51043.0, 51058.0, 51157.0, 51385.0, 51427.0, 51513.0, 51780.0, 54797.0, 54807.0, 54811.0, 54937.0, 54993.0, 55140.0, 55422.0, 55502.0, 55509.0, 55552.0, 55588.0, 55659.0, 55769.0, 55786.0, 55888.0, 55893.0, 57116.0, 57232.0, 57335.0, 57343.0, 57491.0, 57615.0, 57677.0, 57862.0, 58491.0, 58492.0, 58495.0, 58500.0, 58524.0, 63934.0, 63977.0, 64321.0, 64344.0, 64375.0, 65243.0, 79149.0, 79175.0, 79177.0, 79364.0, 79673.0, 79744.0, 79753.0, 79788.0, 79818.0, 79862.0, 79894.0, 79898.0, 79973.0, 80032.0, 80317.0, 80714.0, 80778.0, 83439.0, 83463.0, 83595.0, 83744.0, 84107.0, 84124.0, 84436.0, 84527.0, 84547.0, 84622.0, 84699.0, 84775.0, 84874.0, 84914.0, 89884.0, 90075.0, 90333.0, 90589.0, 90592.0, 90649.0, 91392.0, 91664.0, 91748.0, 92002.0, 93134.0, 93474.0, 94039.0, 112950.0, 112970.0, 113835.0, 115509.0, 115560.0, 116071.0, 124535.0, 125893.0, 125919.0, 126069.0, 126070.0, 126231.0, 126295.0, 126375.0, 127665.0, 138715.0, 145873.0, 146050.0, 146434.0, 147658.0, 147660.0, 147686.0, 147687.0, 147808.0, 147837.0, 147912.0, 147948.0, 148156.0, 148206.0, 148327.0, 154150.0, 155054.0, 157848.0, 158431.0, 159119.0, 162962.0, 162967.0, 162968.0, 162972.0, 162993.0, 163050.0, 163051.0, 163059.0, 163071.0, 163081.0, 163227.0, 163255.0, 166793.0, 168544.0, 169834.0, 169841.0, 170958.0, 197320.0, 199692.0, 201514.0, 220202.0, 220929.0, 220992.0, 221527.0, 252884.0, 253639.0, 255403.0, 283248.0, 283337.0, 284346.0, 284390.0, 284459.0, 285349.0, 285676.0, 339488.0, 339559.0, 342132.0, 342908.0, 342909.0, 342926.0, 342945.0, 344787.0, 345462.0, 349075.0, 349334.0, 353274.0, 359948.0, 374928.0, 387032.0, 388523.0, 388536.0, 388559.0, 388561.0, 389114.0, 389493.0, 390010.0, 390980.0, 400713.0, 403341.0, 404281.0, 440519.0, 442319.0, 641339.0, 642280.0, 642819.0, 644168.0, 646915.0, 654254.0, 728116.0, 728340.0, 729288.0, 730087.0, 731220.0, 100128927.0, 100129543.0, 100130086.0, 100132074.0, 100293516.0, 100506164.0, 100529215.0, 110116772.0 
GO:0050911 BP 2.88e-06 18/5238   401/29107 D05 detection of chemical stimulus involved in sensory perception of smell 4992.0, 4993.0, 4995.0, 8590.0, 26245.0, 26246.0, 81466.0, 120776.0, 127059.0, 127062.0, 138799.0, 284521.0, 338755.0, 343171.0, 391190.0, 391191.0, 391192.0, 401994.0 
GO:0035195 BP 3.41e-06 39/5238   557/29107 D10 gene silencing by miRNA                  8994.0, 84981.0, 400765.0, 406908.0, 406911.0, 406916.0, 406924.0, 406929.0, 407011.0, 407019.0, 407029.0, 407975.0, 442904.0, 442915.0, 574435.0, 574444.0, 574454.0, 664613.0, 693121.0, 693127.0, 693148.0, 693160.0, 693161.0, 693163.0, 693166.0, 693175.0, 693206.0, 693229.0, 693233.0, 724025.0, 768214.0, 100126297.0, 100126313.0, 100126317.0, 100126343.0, 100302150.0, 100423036.0, 100500828.0, 100616354.0 
GO:0007186 BP 4.17e-06 89/5238   880/29107 D05 G protein-coupled receptor signaling pathway 146.0, 151.0, 552.0, 624.0, 1238.0, 1646.0, 2150.0, 2492.0, 2535.0, 2768.0, 2784.0, 2790.0, 2830.0, 2844.0, 2863.0, 3062.0, 4889.0, 4923.0, 4992.0, 4993.0, 4995.0, 5021.0, 5157.0, 5733.0, 5995.0, 6010.0, 6349.0, 6608.0, 6754.0, 7852.0, 8322.0, 8324.0, 8326.0, 8490.0, 8590.0, 8787.0, 9170.0, 9289.0, 9290.0, 9294.0, 9607.0, 9620.0, 10692.0, 10874.0, 11250.0, 23432.0, 23596.0, 26245.0, 26246.0, 50835.0, 50836.0, 50837.0, 50838.0, 50839.0, 51289.0, 51738.0, 54429.0, 55890.0, 57191.0, 59352.0, 64106.0, 80045.0, 81466.0, 94233.0, 115330.0, 120776.0, 127059.0, 127062.0, 134391.0, 138799.0, 165829.0, 256933.0, 259289.0, 259291.0, 259292.0, 259296.0, 283383.0, 284521.0, 285601.0, 338755.0, 343171.0, 388372.0, 388531.0, 391190.0, 391191.0, 391192.0, 401994.0, 414062.0, 440435.0 
GO:0022627 CC 2.75e-07 26/5238    41/29107 D05 cytosolic small ribosomal subunit        3039.0, 3040.0, 3921.0, 6188.0, 6192.0, 6193.0, 6201.0, 6202.0, 6203.0, 6204.0, 6205.0, 6208.0, 6210.0, 6218.0, 6222.0, 6223.0, 6224.0, 6227.0, 6228.0, 6229.0, 6230.0, 6231.0, 6232.0, 6234.0, 6235.0, 64963.0 
GO:0022626 CC 1.14e-06 34/5238    76/29107 D06 cytosolic ribosome                       3921.0, 4736.0, 6122.0, 6133.0, 6134.0, 6136.0, 6137.0, 6139.0, 6143.0, 6155.0, 6157.0, 6159.0, 6160.0, 6164.0, 6175.0, 6188.0, 6193.0, 6201.0, 6202.0, 6203.0, 6204.0, 6205.0, 6208.0, 6210.0, 6218.0, 6222.0, 6223.0, 6224.0, 6227.0, 6228.0, 6229.0, 6230.0, 6232.0, 11224.0 
GO:0005930 CC 1.59e-06 43/5238   113/29107 D02 axoneme                                  1063.0, 1641.0, 1767.0, 1769.0, 2736.0, 5576.0, 6101.0, 7802.0, 8701.0, 9576.0, 23322.0, 26074.0, 55036.0, 55054.0, 55130.0, 55259.0, 55329.0, 79819.0, 80217.0, 80258.0, 83450.0, 83538.0, 85478.0, 89876.0, 92749.0, 93233.0, 114327.0, 118491.0, 123872.0, 132851.0, 144406.0, 144535.0, 146754.0, 150082.0, 154313.0, 158067.0, 196385.0, 199221.0, 221421.0, 255758.0, 257236.0, 345895.0, 374407.0 
GO:0031514 CC 2.13e-06 44/5238    99/29107 D05 motile cilium                            585.0, 1767.0, 2736.0, 6652.0, 7802.0, 8701.0, 8751.0, 26074.0, 26256.0, 26762.0, 27285.0, 29105.0, 53340.0, 55329.0, 57728.0, 64064.0, 79819.0, 83450.0, 83659.0, 83853.0, 84223.0, 84288.0, 84902.0, 85016.0, 85478.0, 89765.0, 89876.0, 92749.0, 115811.0, 117155.0, 122481.0, 144406.0, 146754.0, 152015.0, 154313.0, 154865.0, 200162.0, 221421.0, 259289.0, 345895.0, 348807.0, 374407.0, 387885.0, 402160.0 
GO:0005759 CC 2.20e-06 123/5238   381/29107 D05 mitochondrial matrix                     33.0, 212.0, 219.0, 275.0, 318.0, 506.0, 549.0, 593.0, 686.0, 844.0, 983.0, 1583.0, 1716.0, 1737.0, 1743.0, 1757.0, 1841.0, 1892.0, 2109.0, 2232.0, 2395.0, 2647.0, 2731.0, 2747.0, 3028.0, 3033.0, 3155.0, 3396.0, 3419.0, 3420.0, 3712.0, 4285.0, 4521.0, 4705.0, 4706.0, 4714.0, 5018.0, 5106.0, 5625.0, 6041.0, 6188.0, 6821.0, 6832.0, 7084.0, 7263.0, 7923.0, 8659.0, 9054.0, 9692.0, 10102.0, 10202.0, 10531.0, 10588.0, 10667.0, 10965.0, 11019.0, 23395.0, 23409.0, 23417.0, 23438.0, 23479.0, 23597.0, 25828.0, 25973.0, 26024.0, 27292.0, 29960.0, 51025.0, 51067.0, 51103.0, 51106.0, 51110.0, 51166.0, 51218.0, 51250.0, 51601.0, 51805.0, 54516.0, 54931.0, 54949.0, 54988.0, 55006.0, 55066.0, 55157.0, 55217.0, 55471.0, 55526.0, 55856.0, 56922.0, 57107.0, 63970.0, 64064.0, 79568.0, 79587.0, 79731.0, 79736.0, 80273.0, 80298.0, 81889.0, 84274.0, 84706.0, 84881.0, 85476.0, 91689.0, 92935.0, 117145.0, 120892.0, 123688.0, 128240.0, 130916.0, 135154.0, 140886.0, 160428.0, 162417.0, 200205.0, 200895.0, 201973.0, 254013.0, 285367.0, 373156.0, 387338.0, 387787.0, 109703458.0 
GO:0005743 CC 3.20e-06 142/5238   404/29107 D05 mitochondrial inner membrane             22.0, 212.0, 516.0, 521.0, 539.0, 617.0, 1159.0, 1160.0, 1329.0, 1337.0, 1345.0, 1350.0, 1352.0, 1355.0, 1376.0, 1543.0, 1571.0, 1583.0, 1591.0, 2232.0, 3396.0, 3945.0, 4508.0, 4509.0, 4512.0, 4513.0, 4514.0, 4519.0, 4535.0, 4536.0, 4537.0, 4538.0, 4539.0, 4540.0, 4541.0, 4695.0, 4697.0, 4700.0, 4705.0, 4706.0, 4707.0, 4709.0, 4714.0, 4715.0, 4717.0, 4718.0, 4725.0, 4729.0, 4731.0, 5625.0, 6150.0, 6188.0, 6389.0, 6390.0, 7352.0, 7385.0, 7388.0, 7818.0, 8604.0, 9131.0, 9377.0, 9481.0, 9551.0, 9941.0, 10229.0, 10440.0, 10476.0, 10632.0, 10939.0, 10975.0, 10989.0, 11331.0, 23107.0, 23409.0, 25880.0, 26515.0, 26519.0, 26589.0, 27089.0, 28957.0, 28973.0, 29796.0, 29957.0, 51081.0, 51103.0, 51258.0, 51264.0, 51300.0, 51522.0, 51649.0, 54148.0, 54948.0, 54968.0, 54977.0, 55013.0, 55052.0, 55245.0, 55744.0, 56945.0, 57017.0, 60386.0, 64928.0, 64951.0, 64963.0, 64965.0, 64976.0, 64983.0, 65003.0, 65005.0, 79568.0, 79590.0, 81894.0, 84129.0, 84274.0, 84277.0, 84311.0, 84769.0, 89874.0, 90871.0, 91689.0, 92014.0, 114971.0, 115209.0, 115286.0, 116540.0, 117145.0, 118487.0, 120892.0, 124995.0, 132001.0, 137682.0, 137994.0, 147015.0, 153328.0, 157739.0, 200895.0, 203427.0, 219927.0, 284723.0, 389203.0, 401612.0, 728568.0 
GO:0005730 CC 5.08e-06 308/5238  1187/29107 D05 nucleolus                                105.0, 142.0, 641.0, 1019.0, 1352.0, 1376.0, 1663.0, 1736.0, 1915.0, 2074.0, 2091.0, 2118.0, 2130.0, 2189.0, 2237.0, 2483.0, 2733.0, 2736.0, 3148.0, 4288.0, 5036.0, 5393.0, 5394.0, 5936.0, 6122.0, 6137.0, 6143.0, 6155.0, 6160.0, 6188.0, 6201.0, 6203.0, 6204.0, 6205.0, 6208.0, 6223.0, 6230.0, 6389.0, 6502.0, 6838.0, 6902.0, 6940.0, 7270.0, 7468.0, 7515.0, 7544.0, 7564.0, 7993.0, 8161.0, 8479.0, 8487.0, 8683.0, 8817.0, 8895.0, 8996.0, 9191.0, 9442.0, 9555.0, 9587.0, 9732.0, 9790.0, 9816.0, 9933.0, 10038.0, 10171.0, 10270.0, 10293.0, 10302.0, 10360.0, 10412.0, 10436.0, 10557.0, 10664.0, 10775.0, 10813.0, 10916.0, 10940.0, 11066.0, 11102.0, 11157.0, 11224.0, 22803.0, 22927.0, 23016.0, 23029.0, 23107.0, 23195.0, 23378.0, 23404.0, 23560.0, 23583.0, 23642.0, 24144.0, 25828.0, 25917.0, 25946.0, 25983.0, 26354.0, 26574.0, 26767.0, 26768.0, 26773.0, 26775.0, 26782.0, 26785.0, 26821.0, 26822.0, 27000.0, 27292.0, 27342.0, 29063.0, 29777.0, 29889.0, 29960.0, 50507.0, 51013.0, 51042.0, 51096.0, 51118.0, 51199.0, 51202.0, 51203.0, 51329.0, 51367.0, 51388.0, 51514.0, 51529.0, 51538.0, 51667.0, 51728.0, 54552.0, 54840.0, 54881.0, 54888.0, 54949.0, 54955.0, 54984.0, 55131.0, 55140.0, 55143.0, 55170.0, 55272.0, 55509.0, 55646.0, 55720.0, 55794.0, 56254.0, 56902.0, 57673.0, 57696.0, 57707.0, 64425.0, 64434.0, 64768.0, 64794.0, 64852.0, 64924.0, 64946.0, 64965.0, 64976.0, 65095.0, 65109.0, 65110.0, 65243.0, 79685.0, 79707.0, 79858.0, 79932.0, 79954.0, 79980.0, 80746.0, 80854.0, 81691.0, 83444.0, 84172.0, 84240.0, 84305.0, 85028.0, 85457.0, 88745.0, 89958.0, 90441.0, 92342.0, 114034.0, 115560.0, 116092.0, 117246.0, 118460.0, 126393.0, 126520.0, 147841.0, 161424.0, 161931.0, 202051.0, 253725.0, 254225.0, 283807.0, 319103.0, 319139.0, 342371.0, 345895.0, 387103.0, 387496.0, 387680.0, 401541.0, 404672.0, 441518.0, 493861.0, 594839.0, 619383.0, 654319.0, 677679.0, 677767.0, 677768.0, 677769.0, 677772.0, 677774.0, 677775.0, 677793.0, 677796.0, 677797.0, 677799.0, 677800.0, 677801.0, 677802.0, 677806.0, 677807.0, 677808.0, 677811.0, 677819.0, 677820.0, 677828.0, 677832.0, 677833.0, 677841.0, 677843.0, 677846.0, 677882.0, 692053.0, 692058.0, 692084.0, 692086.0, 692108.0, 692111.0, 692225.0, 767563.0, 767565.0, 767566.0, 767567.0, 767568.0, 767569.0, 767578.0, 767579.0, 767582.0, 767583.0, 767585.0, 767588.0, 767589.0, 767590.0, 767591.0, 767592.0, 767593.0, 767594.0, 767595.0, 767596.0, 767597.0, 767598.0, 767599.0, 767603.0, 767604.0, 767605.0, 767609.0, 767610.0, 767611.0, 767612.0, 100033423.0, 100033437.0, 100033440.0, 100033441.0, 100033443.0, 100033445.0, 100033446.0, 100033451.0, 100033453.0, 100033800.0, 100033801.0, 100033805.0, 100033806.0, 100033807.0, 100033808.0, 100033809.0, 100033813.0, 100033815.0, 100124536.0, 100144748.0, 100158262.0, 100506409.0, 100873856.0, 109616965.0, 109616967.0, 109616970.0, 109616976.0, 109616978.0, 109616999.0, 109617000.0, 109617004.0, 109617020.0, 109703458.0 
GO:0005739 CC 6.59e-06 366/5238  1305/29107 D05 mitochondrion                            22.0, 32.0, 33.0, 48.0, 142.0, 212.0, 219.0, 275.0, 411.0, 487.0, 506.0, 516.0, 521.0, 539.0, 540.0, 549.0, 593.0, 617.0, 637.0, 670.0, 844.0, 983.0, 1159.0, 1160.0, 1329.0, 1337.0, 1345.0, 1346.0, 1350.0, 1352.0, 1355.0, 1376.0, 1407.0, 1408.0, 1565.0, 1583.0, 1591.0, 1716.0, 1719.0, 1737.0, 1743.0, 1757.0, 1841.0, 1854.0, 1891.0, 1892.0, 2081.0, 2100.0, 2109.0, 2189.0, 2232.0, 2237.0, 2395.0, 2645.0, 2646.0, 2731.0, 2747.0, 2796.0, 2950.0, 3028.0, 3033.0, 3141.0, 3155.0, 3164.0, 3396.0, 3419.0, 3420.0, 3720.0, 3980.0, 4007.0, 4285.0, 4513.0, 4514.0, 4519.0, 4521.0, 4528.0, 4541.0, 4697.0, 4705.0, 4706.0, 4707.0, 4714.0, 4715.0, 4718.0, 4725.0, 4729.0, 4731.0, 4923.0, 5018.0, 5071.0, 5106.0, 5202.0, 5264.0, 5366.0, 5580.0, 5625.0, 5692.0, 5827.0, 5889.0, 5894.0, 6150.0, 6341.0, 6389.0, 6390.0, 6583.0, 6659.0, 6821.0, 6832.0, 7263.0, 7296.0, 7352.0, 7374.0, 7385.0, 7388.0, 7390.0, 7428.0, 7818.0, 8165.0, 8209.0, 8228.0, 8560.0, 8604.0, 8659.0, 8737.0, 8799.0, 8834.0, 8846.0, 8895.0, 8934.0, 8996.0, 9054.0, 9131.0, 9481.0, 9551.0, 9673.0, 9692.0, 9941.0, 10018.0, 10102.0, 10201.0, 10202.0, 10270.0, 10440.0, 10455.0, 10476.0, 10531.0, 10588.0, 10632.0, 10667.0, 10899.0, 10901.0, 10902.0, 10928.0, 10939.0, 10965.0, 10989.0, 10993.0, 11019.0, 11022.0, 11162.0, 11331.0, 22921.0, 23078.0, 23107.0, 23395.0, 23409.0, 23417.0, 23438.0, 23479.0, 23564.0, 23593.0, 23597.0, 23600.0, 23645.0, 25821.0, 25828.0, 25880.0, 25934.0, 25973.0, 25983.0, 26024.0, 26292.0, 26519.0, 26589.0, 27089.0, 27113.0, 27301.0, 28957.0, 28958.0, 28973.0, 29957.0, 29960.0, 50507.0, 51031.0, 51067.0, 51075.0, 51097.0, 51099.0, 51103.0, 51107.0, 51142.0, 51218.0, 51250.0, 51258.0, 51264.0, 51300.0, 51601.0, 51649.0, 51651.0, 51654.0, 51741.0, 51751.0, 51805.0, 54148.0, 54470.0, 54516.0, 54543.0, 54881.0, 54888.0, 54931.0, 54948.0, 54949.0, 54968.0, 54974.0, 54977.0, 54978.0, 54984.0, 54995.0, 54996.0, 55006.0, 55013.0, 55052.0, 55066.0, 55149.0, 55157.0, 55217.0, 55245.0, 55278.0, 55471.0, 55526.0, 55744.0, 55794.0, 55825.0, 56616.0, 56624.0, 56658.0, 56922.0, 56945.0, 57017.0, 57110.0, 57153.0, 60491.0, 60492.0, 63874.0, 63970.0, 64064.0, 64344.0, 64928.0, 64963.0, 64965.0, 64976.0, 64983.0, 65003.0, 65005.0, 65991.0, 79077.0, 79441.0, 79590.0, 79594.0, 79691.0, 79693.0, 79731.0, 79736.0, 79746.0, 79814.0, 79843.0, 79863.0, 80025.0, 80119.0, 80273.0, 80298.0, 80726.0, 81889.0, 83787.0, 83982.0, 84129.0, 84269.0, 84273.0, 84311.0, 84649.0, 84709.0, 84769.0, 84816.0, 84833.0, 84881.0, 84883.0, 84947.0, 84987.0, 85476.0, 89876.0, 90639.0, 91689.0, 92014.0, 92292.0, 92667.0, 93974.0, 94081.0, 114294.0, 114971.0, 115286.0, 116540.0, 117145.0, 118487.0, 118980.0, 119559.0, 120892.0, 122509.0, 123263.0, 124995.0, 128240.0, 130916.0, 131076.0, 131474.0, 132001.0, 132671.0, 135154.0, 137682.0, 137835.0, 148327.0, 150274.0, 150763.0, 152100.0, 154791.0, 160428.0, 162417.0, 166378.0, 171425.0, 200205.0, 200895.0, 203245.0, 219293.0, 219402.0, 219927.0, 219970.0, 254042.0, 254552.0, 256815.0, 282808.0, 283459.0, 284184.0, 285367.0, 339761.0, 353322.0, 373156.0, 387787.0, 388753.0, 388962.0, 401505.0, 440574.0, 728489.0, 728568.0, 729533.0, 751071.0, 100303755.0, 102724023.0, 109703458.0 
GO:0005747 CC 8.37e-06 22/5238    48/29107 D06 mitochondrial respiratory chain complex I 4535.0, 4536.0, 4537.0, 4538.0, 4539.0, 4540.0, 4695.0, 4697.0, 4700.0, 4705.0, 4706.0, 4707.0, 4709.0, 4714.0, 4715.0, 4717.0, 4718.0, 4725.0, 4729.0, 4731.0, 51103.0, 56964.0 
GO:0005654 CC 1.01e-05 840/5238  3805/29107 D02 nucleoplasm                              60.0, 118.0, 125.0, 142.0, 190.0, 219.0, 231.0, 275.0, 360.0, 367.0, 368.0, 405.0, 466.0, 468.0, 595.0, 639.0, 641.0, 687.0, 699.0, 836.0, 839.0, 874.0, 898.0, 983.0, 993.0, 1019.0, 1027.0, 1062.0, 1063.0, 1111.0, 1163.0, 1193.0, 1238.0, 1355.0, 1376.0, 1382.0, 1460.0, 1464.0, 1478.0, 1499.0, 1513.0, 1523.0, 1591.0, 1642.0, 1659.0, 1663.0, 1736.0, 1743.0, 1789.0, 1844.0, 1854.0, 1869.0, 1876.0, 1911.0, 2071.0, 2072.0, 2074.0, 2091.0, 2099.0, 2100.0, 2118.0, 2130.0, 2146.0, 2175.0, 2176.0, 2178.0, 2188.0, 2189.0, 2224.0, 2237.0, 2289.0, 2305.0, 2354.0, 2553.0, 2645.0, 2646.0, 2649.0, 2731.0, 2736.0, 2966.0, 2968.0, 2969.0, 3005.0, 3018.0, 3020.0, 3033.0, 3094.0, 3148.0, 3164.0, 3172.0, 3176.0, 3182.0, 3248.0, 3397.0, 3550.0, 3575.0, 3600.0, 3642.0, 3720.0, 3727.0, 3838.0, 3921.0, 3980.0, 4001.0, 4004.0, 4017.0, 4092.0, 4171.0, 4172.0, 4173.0, 4210.0, 4255.0, 4288.0, 4292.0, 4301.0, 4331.0, 4353.0, 4507.0, 4520.0, 4528.0, 4602.0, 4610.0, 4661.0, 4692.0, 4706.0, 4729.0, 4738.0, 4775.0, 4798.0, 4802.0, 4824.0, 4835.0, 4841.0, 4899.0, 4901.0, 4927.0, 4998.0, 5111.0, 5152.0, 5156.0, 5205.0, 5317.0, 5325.0, 5347.0, 5356.0, 5373.0, 5393.0, 5394.0, 5395.0, 5396.0, 5423.0, 5426.0, 5427.0, 5429.0, 5432.0, 5433.0, 5437.0, 5439.0, 5455.0, 5511.0, 5557.0, 5558.0, 5571.0, 5580.0, 5613.0, 5625.0, 5683.0, 5685.0, 5687.0, 5689.0, 5690.0, 5692.0, 5693.0, 5694.0, 5710.0, 5719.0, 5783.0, 5784.0, 5822.0, 5824.0, 5889.0, 5893.0, 5896.0, 5932.0, 5936.0, 5947.0, 5982.0, 5985.0, 6118.0, 6119.0, 6155.0, 6160.0, 6188.0, 6192.0, 6193.0, 6201.0, 6202.0, 6203.0, 6204.0, 6205.0, 6208.0, 6210.0, 6218.0, 6222.0, 6223.0, 6224.0, 6227.0, 6228.0, 6229.0, 6230.0, 6231.0, 6232.0, 6234.0, 6235.0, 6390.0, 6399.0, 6421.0, 6429.0, 6434.0, 6493.0, 6502.0, 6591.0, 6602.0, 6606.0, 6607.0, 6612.0, 6615.0, 6631.0, 6634.0, 6635.0, 6636.0, 6638.0, 6659.0, 6668.0, 6675.0, 6744.0, 6777.0, 6790.0, 6827.0, 6838.0, 6839.0, 6874.0, 6877.0, 6881.0, 6882.0, 6907.0, 6932.0, 6940.0, 6945.0, 7005.0, 7175.0, 7268.0, 7270.0, 7290.0, 7291.0, 7296.0, 7307.0, 7316.0, 7374.0, 7385.0, 7428.0, 7468.0, 7515.0, 7516.0, 7518.0, 7544.0, 7564.0, 7596.0, 7693.0, 7702.0, 7727.0, 7728.0, 7741.0, 7775.0, 7818.0, 7849.0, 7922.0, 7984.0, 7993.0, 8161.0, 8208.0, 8233.0, 8284.0, 8294.0, 8317.0, 8334.0, 8339.0, 8340.0, 8341.0, 8342.0, 8343.0, 8344.0, 8346.0, 8347.0, 8350.0, 8353.0, 8359.0, 8361.0, 8362.0, 8363.0, 8367.0, 8409.0, 8436.0, 8438.0, 8462.0, 8464.0, 8479.0, 8487.0, 8517.0, 8533.0, 8538.0, 8544.0, 8607.0, 8621.0, 8624.0, 8653.0, 8683.0, 8799.0, 8814.0, 8819.0, 8846.0, 8895.0, 8896.0, 8930.0, 8970.0, 8994.0, 8999.0, 9015.0, 9054.0, 9055.0, 9070.0, 9128.0, 9129.0, 9219.0, 9242.0, 9252.0, 9284.0, 9325.0, 9440.0, 9442.0, 9446.0, 9493.0, 9555.0, 9572.0, 9587.0, 9620.0, 9682.0, 9692.0, 9733.0, 9790.0, 9815.0, 9830.0, 9837.0, 9848.0, 9866.0, 9880.0, 9889.0, 9913.0, 9933.0, 9939.0, 9967.0, 10011.0, 10038.0, 10081.0, 10100.0, 10102.0, 10103.0, 10171.0, 10172.0, 10202.0, 10220.0, 10228.0, 10270.0, 10293.0, 10302.0, 10324.0, 10336.0, 10360.0, 10370.0, 10401.0, 10436.0, 10440.0, 10450.0, 10465.0, 10477.0, 10519.0, 10535.0, 10557.0, 10597.0, 10622.0, 10635.0, 10658.0, 10664.0, 10691.0, 10721.0, 10739.0, 10775.0, 10813.0, 10848.0, 10902.0, 10907.0, 10916.0, 10926.0, 10940.0, 10974.0, 10978.0, 11066.0, 11102.0, 11130.0, 11157.0, 11169.0, 11187.0, 11200.0, 11218.0, 11266.0, 11269.0, 22803.0, 22806.0, 22888.0, 22889.0, 22927.0, 22932.0, 22938.0, 22944.0, 22950.0, 22976.0, 23016.0, 23026.0, 23028.0, 23029.0, 23117.0, 23175.0, 23177.0, 23195.0, 23269.0, 23283.0, 23294.0, 23310.0, 23322.0, 23378.0, 23392.0, 23397.0, 23404.0, 23421.0, 23460.0, 23514.0, 23560.0, 23569.0, 23582.0, 23583.0, 23594.0, 23649.0, 23742.0, 24137.0, 24144.0, 25764.0, 25776.0, 25865.0, 25885.0, 25895.0, 25906.0, 25946.0, 25957.0, 25983.0, 26039.0, 26094.0, 26095.0, 26256.0, 26271.0, 26277.0, 26292.0, 26298.0, 26508.0, 26574.0, 26589.0, 27000.0, 27129.0, 27292.0, 27297.0, 27301.0, 27324.0, 27341.0, 28227.0, 28973.0, 28999.0, 29028.0, 29080.0, 29098.0, 29099.0, 29105.0, 29127.0, 29843.0, 29935.0, 30832.0, 30834.0, 50485.0, 50507.0, 51003.0, 51013.0, 51042.0, 51043.0, 51053.0, 51096.0, 51099.0, 51118.0, 51131.0, 51147.0, 51157.0, 51174.0, 51199.0, 51202.0, 51244.0, 51300.0, 51317.0, 51367.0, 51385.0, 51386.0, 51388.0, 51434.0, 51451.0, 51460.0, 51493.0, 51501.0, 51513.0, 51514.0, 51523.0, 51529.0, 51530.0, 51574.0, 51659.0, 51667.0, 51686.0, 51690.0, 51720.0, 51728.0, 51741.0, 51759.0, 51780.0, 54069.0, 54107.0, 54221.0, 54433.0, 54458.0, 54466.0, 54552.0, 54617.0, 54623.0, 54840.0, 54845.0, 54855.0, 54856.0, 54870.0, 54875.0, 54880.0, 54881.0, 54883.0, 54888.0, 54892.0, 54897.0, 54931.0, 54934.0, 54935.0, 54955.0, 54957.0, 54962.0, 54968.0, 54978.0, 54980.0, 54984.0, 54994.0, 55008.0, 55013.0, 55038.0, 55107.0, 55135.0, 55143.0, 55149.0, 55157.0, 55164.0, 55170.0, 55174.0, 55215.0, 55272.0, 55286.0, 55290.0, 55352.0, 55509.0, 55534.0, 55588.0, 55616.0, 55646.0, 55696.0, 55718.0, 55720.0, 55756.0, 55794.0, 55835.0, 55839.0, 55840.0, 55869.0, 55893.0, 55915.0, 55971.0, 56254.0, 56259.0, 56271.0, 56311.0, 56413.0, 56655.0, 56902.0, 57082.0, 57228.0, 57332.0, 57480.0, 57491.0, 57510.0, 57673.0, 57696.0, 57707.0, 57761.0, 57804.0, 57819.0, 58490.0, 63906.0, 63967.0, 63977.0, 64105.0, 64321.0, 64344.0, 64375.0, 64421.0, 64425.0, 64708.0, 64768.0, 64776.0, 64783.0, 64785.0, 64789.0, 64800.0, 64802.0, 64852.0, 64858.0, 64924.0, 64946.0, 65109.0, 65110.0, 65258.0, 79031.0, 79075.0, 79172.0, 79228.0, 79441.0, 79576.0, 79648.0, 79650.0, 79682.0, 79685.0, 79707.0, 79731.0, 79753.0, 79823.0, 79831.0, 79843.0, 79858.0, 79869.0, 79894.0, 79897.0, 79902.0, 79913.0, 79918.0, 79960.0, 79980.0, 79991.0, 80119.0, 80174.0, 80185.0, 80196.0, 80263.0, 80273.0, 80317.0, 80746.0, 80778.0, 80854.0, 81620.0, 81889.0, 83439.0, 83444.0, 83540.0, 83595.0, 83640.0, 83695.0, 83879.0, 83892.0, 83987.0, 84060.0, 84101.0, 84126.0, 84132.0, 84164.0, 84172.0, 84174.0, 84240.0, 84265.0, 84305.0, 84321.0, 84324.0, 84515.0, 84622.0, 84660.0, 84699.0, 84733.0, 84811.0, 84844.0, 84881.0, 84957.0, 84964.0, 84991.0, 85236.0, 85403.0, 85457.0, 88745.0, 89797.0, 89958.0, 90390.0, 90441.0, 91442.0, 91687.0, 91689.0, 91748.0, 91750.0, 91875.0, 92521.0, 93426.0, 93973.0, 112858.0, 112950.0, 113174.0, 114034.0, 114907.0, 116028.0, 116092.0, 117246.0, 118460.0, 118487.0, 120425.0, 121642.0, 123775.0, 124739.0, 124944.0, 124995.0, 125476.0, 126382.0, 129401.0, 129685.0, 129831.0, 130271.0, 133383.0, 134359.0, 135295.0, 143098.0, 143570.0, 144100.0, 144233.0, 144715.0, 147645.0, 147841.0, 148327.0, 150274.0, 150684.0, 151246.0, 152189.0, 152206.0, 155054.0, 157570.0, 159963.0, 160428.0, 163126.0, 163255.0, 165918.0, 166793.0, 197370.0, 199746.0, 200403.0, 200558.0, 201161.0, 201254.0, 202051.0, 203245.0, 220929.0, 221527.0, 221711.0, 245711.0, 246184.0, 253769.0, 254225.0, 257218.0, 283383.0, 284058.0, 285643.0, 339448.0, 339487.0, 340152.0, 340602.0, 342371.0, 345895.0, 353322.0, 353497.0, 359948.0, 378708.0, 387032.0, 387103.0, 388324.0, 388695.0, 388753.0, 401541.0, 403341.0, 404672.0, 440345.0, 440348.0, 440353.0, 474343.0, 493861.0, 606495.0, 613037.0, 642778.0, 642799.0, 653604.0, 653689.0, 728489.0, 728734.0, 728741.0, 728888.0, 729978.0, 100128927.0, 100144748.0, 100288332.0, 101059938.0, 101059953.0, 102724159.0, 102724594.0 
GO:0005634 CC 1.14e-05 1181/5238  5368/29107 D05 nucleus                                  32.0, 60.0, 71.0, 118.0, 142.0, 165.0, 190.0, 247.0, 267.0, 326.0, 367.0, 383.0, 405.0, 466.0, 468.0, 506.0, 539.0, 563.0, 573.0, 585.0, 595.0, 639.0, 641.0, 642.0, 687.0, 824.0, 836.0, 858.0, 875.0, 881.0, 898.0, 983.0, 993.0, 1019.0, 1027.0, 1029.0, 1030.0, 1031.0, 1062.0, 1063.0, 1111.0, 1193.0, 1382.0, 1390.0, 1407.0, 1408.0, 1460.0, 1466.0, 1488.0, 1499.0, 1500.0, 1501.0, 1523.0, 1628.0, 1642.0, 1659.0, 1663.0, 1716.0, 1718.0, 1736.0, 1743.0, 1746.0, 1750.0, 1789.0, 1831.0, 1838.0, 1841.0, 1844.0, 1852.0, 1854.0, 1869.0, 1876.0, 1911.0, 1915.0, 1978.0, 2023.0, 2064.0, 2070.0, 2071.0, 2072.0, 2074.0, 2091.0, 2099.0, 2100.0, 2118.0, 2130.0, 2146.0, 2175.0, 2176.0, 2178.0, 2237.0, 2256.0, 2275.0, 2297.0, 2298.0, 2300.0, 2305.0, 2322.0, 2354.0, 2553.0, 2736.0, 2947.0, 2950.0, 2966.0, 2968.0, 2969.0, 3005.0, 3007.0, 3012.0, 3015.0, 3018.0, 3020.0, 3038.0, 3094.0, 3148.0, 3151.0, 3164.0, 3172.0, 3175.0, 3182.0, 3397.0, 3419.0, 3420.0, 3486.0, 3550.0, 3615.0, 3642.0, 3702.0, 3716.0, 3720.0, 3832.0, 3838.0, 3852.0, 3858.0, 3921.0, 4001.0, 4004.0, 4015.0, 4017.0, 4092.0, 4160.0, 4171.0, 4172.0, 4173.0, 4188.0, 4210.0, 4223.0, 4255.0, 4288.0, 4292.0, 4353.0, 4493.0, 4494.0, 4495.0, 4496.0, 4502.0, 4504.0, 4520.0, 4521.0, 4582.0, 4602.0, 4661.0, 4676.0, 4682.0, 4692.0, 4733.0, 4736.0, 4738.0, 4775.0, 4798.0, 4802.0, 4807.0, 4824.0, 4830.0, 4831.0, 4841.0, 4878.0, 4899.0, 4901.0, 4947.0, 4998.0, 5036.0, 5037.0, 5042.0, 5071.0, 5090.0, 5111.0, 5121.0, 5130.0, 5134.0, 5156.0, 5178.0, 5202.0, 5204.0, 5226.0, 5314.0, 5317.0, 5347.0, 5356.0, 5366.0, 5393.0, 5394.0, 5395.0, 5396.0, 5423.0, 5426.0, 5429.0, 5432.0, 5433.0, 5437.0, 5439.0, 5455.0, 5475.0, 5478.0, 5511.0, 5525.0, 5570.0, 5571.0, 5580.0, 5613.0, 5683.0, 5685.0, 5687.0, 5689.0, 5690.0, 5692.0, 5693.0, 5694.0, 5710.0, 5719.0, 5783.0, 5784.0, 5791.0, 5816.0, 5889.0, 5893.0, 5896.0, 5902.0, 5932.0, 5936.0, 5982.0, 5985.0, 6014.0, 6100.0, 6118.0, 6122.0, 6133.0, 6134.0, 6137.0, 6139.0, 6155.0, 6166.0, 6175.0, 6188.0, 6192.0, 6201.0, 6202.0, 6203.0, 6222.0, 6229.0, 6230.0, 6232.0, 6399.0, 6421.0, 6429.0, 6434.0, 6502.0, 6591.0, 6602.0, 6606.0, 6607.0, 6612.0, 6615.0, 6634.0, 6635.0, 6636.0, 6649.0, 6659.0, 6777.0, 6790.0, 6795.0, 6832.0, 6839.0, 6870.0, 6871.0, 6877.0, 6881.0, 6907.0, 6920.0, 6932.0, 6940.0, 6941.0, 6945.0, 7074.0, 7175.0, 7200.0, 7216.0, 7268.0, 7270.0, 7290.0, 7291.0, 7294.0, 7316.0, 7372.0, 7374.0, 7375.0, 7428.0, 7468.0, 7515.0, 7518.0, 7539.0, 7544.0, 7549.0, 7554.0, 7561.0, 7564.0, 7565.0, 7566.0, 7568.0, 7571.0, 7580.0, 7584.0, 7589.0, 7592.0, 7596.0, 7620.0, 7626.0, 7633.0, 7638.0, 7652.0, 7678.0, 7691.0, 7692.0, 7704.0, 7711.0, 7712.0, 7718.0, 7726.0, 7727.0, 7728.0, 7730.0, 7741.0, 7743.0, 7746.0, 7752.0, 7757.0, 7766.0, 7770.0, 7771.0, 7772.0, 7773.0, 7776.0, 7789.0, 7849.0, 7852.0, 7965.0, 7984.0, 8019.0, 8161.0, 8208.0, 8214.0, 8284.0, 8287.0, 8293.0, 8294.0, 8317.0, 8330.0, 8334.0, 8335.0, 8339.0, 8340.0, 8341.0, 8342.0, 8343.0, 8344.0, 8346.0, 8347.0, 8350.0, 8353.0, 8359.0, 8361.0, 8362.0, 8363.0, 8367.0, 8409.0, 8438.0, 8462.0, 8464.0, 8479.0, 8487.0, 8517.0, 8538.0, 8544.0, 8559.0, 8607.0, 8621.0, 8624.0, 8653.0, 8717.0, 8728.0, 8772.0, 8787.0, 8798.0, 8814.0, 8836.0, 8839.0, 8846.0, 8895.0, 8896.0, 8915.0, 8930.0, 8969.0, 8970.0, 8988.0, 8994.0, 8999.0, 9054.0, 9055.0, 9070.0, 9087.0, 9104.0, 9125.0, 9128.0, 9129.0, 9131.0, 9133.0, 9139.0, 9232.0, 9242.0, 9252.0, 9310.0, 9325.0, 9326.0, 9425.0, 9440.0, 9442.0, 9475.0, 9493.0, 9555.0, 9572.0, 9576.0, 9587.0, 9633.0, 9682.0, 9690.0, 9733.0, 9782.0, 9824.0, 9837.0, 9848.0, 9889.0, 9913.0, 9939.0, 9941.0, 9967.0, 10011.0, 10036.0, 10038.0, 10094.0, 10127.0, 10140.0, 10172.0, 10202.0, 10229.0, 10270.0, 10302.0, 10311.0, 10336.0, 10370.0, 10389.0, 10436.0, 10450.0, 10464.0, 10477.0, 10519.0, 10520.0, 10549.0, 10590.0, 10591.0, 10597.0, 10622.0, 10635.0, 10643.0, 10644.0, 10658.0, 10664.0, 10691.0, 10744.0, 10780.0, 10838.0, 10848.0, 10901.0, 10907.0, 10912.0, 10916.0, 10926.0, 10928.0, 10950.0, 10974.0, 10978.0, 11004.0, 11023.0, 11066.0, 11098.0, 11108.0, 11157.0, 11162.0, 11163.0, 11170.0, 11186.0, 11187.0, 11200.0, 11218.0, 11259.0, 11261.0, 11266.0, 11269.0, 11331.0, 22803.0, 22806.0, 22888.0, 22889.0, 22903.0, 22927.0, 22938.0, 22944.0, 22976.0, 23028.0, 23075.0, 23087.0, 23175.0, 23195.0, 23216.0, 23392.0, 23404.0, 23421.0, 23479.0, 23560.0, 23569.0, 23582.0, 23676.0, 25764.0, 25776.0, 25798.0, 25865.0, 25904.0, 25934.0, 25946.0, 25950.0, 25976.0, 26007.0, 26039.0, 26098.0, 26112.0, 26123.0, 26149.0, 26150.0, 26191.0, 26256.0, 26271.0, 26287.0, 26292.0, 26298.0, 26354.0, 26468.0, 26508.0, 26574.0, 26974.0, 27000.0, 27013.0, 27018.0, 27098.0, 27129.0, 27148.0, 27285.0, 27300.0, 27301.0, 27319.0, 27324.0, 27335.0, 28227.0, 28986.0, 28999.0, 29028.0, 29082.0, 29098.0, 29127.0, 29777.0, 29842.0, 29843.0, 29889.0, 29914.0, 29935.0, 29946.0, 29980.0, 29994.0, 30813.0, 30832.0, 30833.0, 50485.0, 50507.0, 50511.0, 51002.0, 51053.0, 51058.0, 51066.0, 51096.0, 51097.0, 51126.0, 51131.0, 51142.0, 51147.0, 51157.0, 51188.0, 51202.0, 51218.0, 51244.0, 51265.0, 51277.0, 51298.0, 51329.0, 51385.0, 51427.0, 51434.0, 51460.0, 51493.0, 51501.0, 51507.0, 51513.0, 51514.0, 51523.0, 51529.0, 51530.0, 51550.0, 51574.0, 51619.0, 51634.0, 51686.0, 51690.0, 51720.0, 51734.0, 51741.0, 53918.0, 54039.0, 54059.0, 54069.0, 54107.0, 54206.0, 54345.0, 54442.0, 54514.0, 54522.0, 54583.0, 54587.0, 54617.0, 54807.0, 54811.0, 54823.0, 54840.0, 54845.0, 54851.0, 54855.0, 54856.0, 54870.0, 54880.0, 54881.0, 54883.0, 54888.0, 54892.0, 54897.0, 54931.0, 54937.0, 54955.0, 54962.0, 54969.0, 54980.0, 54993.0, 54994.0, 55038.0, 55070.0, 55094.0, 55100.0, 55140.0, 55147.0, 55170.0, 55174.0, 55208.0, 55234.0, 55256.0, 55272.0, 55290.0, 55352.0, 55422.0, 55502.0, 55509.0, 55534.0, 55552.0, 55571.0, 55628.0, 55635.0, 55646.0, 55659.0, 55696.0, 55734.0, 55742.0, 55756.0, 55765.0, 55768.0, 55769.0, 55771.0, 55783.0, 55786.0, 55833.0, 55835.0, 55856.0, 55859.0, 55869.0, 55888.0, 55893.0, 55906.0, 55915.0, 55998.0, 56146.0, 56163.0, 56254.0, 56259.0, 56271.0, 56655.0, 56658.0, 56890.0, 56903.0, 56911.0, 56948.0, 56980.0, 56984.0, 57082.0, 57095.0, 57110.0, 57116.0, 57158.0, 57232.0, 57325.0, 57332.0, 57335.0, 57343.0, 57396.0, 57405.0, 57491.0, 57510.0, 57523.0, 57615.0, 57677.0, 57761.0, 57819.0, 57862.0, 58490.0, 58491.0, 58492.0, 58495.0, 58500.0, 58524.0, 58529.0, 59286.0, 60386.0, 60491.0, 60509.0, 60677.0, 63906.0, 63932.0, 63934.0, 63967.0, 63977.0, 63979.0, 64080.0, 64110.0, 64151.0, 64321.0, 64375.0, 64518.0, 64768.0, 64783.0, 64789.0, 64794.0, 64802.0, 64900.0, 64940.0, 64946.0, 64976.0, 65109.0, 65110.0, 65243.0, 65991.0, 78995.0, 79000.0, 79003.0, 79005.0, 79026.0, 79075.0, 79077.0, 79149.0, 79175.0, 79177.0, 79228.0, 79364.0, 79576.0, 79616.0, 79650.0, 79673.0, 79682.0, 79707.0, 79711.0, 79717.0, 79744.0, 79753.0, 79788.0, 79816.0, 79818.0, 79831.0, 79858.0, 79862.0, 79866.0, 79869.0, 79879.0, 79894.0, 79898.0, 79913.0, 79918.0, 79921.0, 79960.0, 79968.0, 79973.0, 79986.0, 79991.0, 80011.0, 80025.0, 80032.0, 80063.0, 80174.0, 80196.0, 80317.0, 80336.0, 80714.0, 80726.0, 80778.0, 81557.0, 81620.0, 81691.0, 81789.0, 83439.0, 83463.0, 83473.0, 83479.0, 83593.0, 83595.0, 83596.0, 83640.0, 83659.0, 83695.0, 83744.0, 83879.0, 83983.0, 84072.0, 84084.0, 84101.0, 84107.0, 84124.0, 84129.0, 84132.0, 84164.0, 84226.0, 84265.0, 84324.0, 84436.0, 84515.0, 84517.0, 84519.0, 84527.0, 84529.0, 84552.0, 84622.0, 84660.0, 84684.0, 84699.0, 84700.0, 84707.0, 84733.0, 84775.0, 84790.0, 84807.0, 84811.0, 84812.0, 84844.0, 84874.0, 84883.0, 84914.0, 84944.0, 85012.0, 85236.0, 85376.0, 85457.0, 85508.0, 89765.0, 89884.0, 90025.0, 90075.0, 90121.0, 90321.0, 90333.0, 90390.0, 90417.0, 90589.0, 90592.0, 90649.0, 91107.0, 91156.0, 91392.0, 91664.0, 92002.0, 92342.0, 92675.0, 92806.0, 93134.0, 93166.0, 93474.0, 93492.0, 93649.0, 93973.0, 94039.0, 112770.0, 112858.0, 113174.0, 113177.0, 113510.0, 113802.0, 113835.0, 114826.0, 114907.0, 114971.0, 115509.0, 115560.0, 115677.0, 116071.0, 116092.0, 116224.0, 118924.0, 119016.0, 122402.0, 123036.0, 123803.0, 123879.0, 124512.0, 124535.0, 125150.0, 125893.0, 125919.0, 126069.0, 126070.0, 126074.0, 126231.0, 126295.0, 126375.0, 126393.0, 126520.0, 127665.0, 128344.0, 129685.0, 129831.0, 131375.0, 132430.0, 132851.0, 132884.0, 135138.0, 137682.0, 138162.0, 138715.0, 139599.0, 140739.0, 140886.0, 143570.0, 143689.0, 144195.0, 144715.0, 145873.0, 146050.0, 146434.0, 147658.0, 147660.0, 147686.0, 147687.0, 147699.0, 147808.0, 147837.0, 147912.0, 147948.0, 148156.0, 148206.0, 148327.0, 148398.0, 148418.0, 148523.0, 149428.0, 150094.0, 150684.0, 152098.0, 154150.0, 155054.0, 157695.0, 157848.0, 158431.0, 159119.0, 161582.0, 162394.0, 162962.0, 162967.0, 162968.0, 162972.0, 162993.0, 163050.0, 163051.0, 163059.0, 163071.0, 163081.0, 163115.0, 163126.0, 163227.0, 163255.0, 164684.0, 165324.0, 165918.0, 166793.0, 166815.0, 168544.0, 168850.0, 169834.0, 169841.0, 170082.0, 170958.0, 171222.0, 196446.0, 196513.0, 196541.0, 197135.0, 197320.0, 197370.0, 199692.0, 200316.0, 200424.0, 200558.0, 200765.0, 201161.0, 201181.0, 201514.0, 201973.0, 202051.0, 203068.0, 203245.0, 219771.0, 220042.0, 220202.0, 220359.0, 220388.0, 220929.0, 220992.0, 221481.0, 222698.0, 225689.0, 245711.0, 252884.0, 253639.0, 254225.0, 254528.0, 255119.0, 255239.0, 255403.0, 256006.0, 256380.0, 259266.0, 260434.0, 283337.0, 283385.0, 283417.0, 283807.0, 284058.0, 284086.0, 284346.0, 284390.0, 284403.0, 284459.0, 285349.0, 285676.0, 286430.0, 317772.0, 339488.0, 339559.0, 340152.0, 340602.0, 342132.0, 342371.0, 342538.0, 342908.0, 342909.0, 342926.0, 342945.0, 344387.0, 344787.0, 345462.0, 347733.0, 349075.0, 349334.0, 353274.0, 353497.0, 359948.0, 374928.0, 375307.0, 375757.0, 378884.0, 387082.0, 387751.0, 388324.0, 388523.0, 388536.0, 388559.0, 388561.0, 389114.0, 389119.0, 389493.0, 390010.0, 390598.0, 390980.0, 400713.0, 401265.0, 401541.0, 402055.0, 402573.0, 404281.0, 406929.0, 440093.0, 440498.0, 440519.0, 440672.0, 442319.0, 474384.0, 493861.0, 494470.0, 552900.0, 641339.0, 642280.0, 642517.0, 642574.0, 642636.0, 642819.0, 644168.0, 644353.0, 644815.0, 645996.0, 646915.0, 647309.0, 653604.0, 654231.0, 654254.0, 654483.0, 728116.0, 728492.0, 728642.0, 729092.0, 729288.0, 730087.0, 731220.0, 100128927.0, 100129543.0, 100129583.0, 100130086.0, 100132074.0, 100137047.0, 100293516.0, 100506164.0, 100529215.0, 100885848.0, 102724560.0, 110116772.0, 111064647.0 
GO:0043240 CC 1.64e-04  9/5238    14/29107 D03 Fanconi anaemia nuclear complex          1325.0, 2175.0, 2176.0, 2178.0, 2188.0, 2189.0, 91442.0, 201254.0, 378708.0 
GO:0005858 CC 1.64e-04  9/5238    14/29107 D04 axonemal dynein complex                  1768.0, 1769.0, 55259.0, 79819.0, 85478.0, 92749.0, 126820.0, 127602.0, 146754.0 
GO:0071547 CC 1.88e-04  5/5238     5/29107 D08 piP-body                                 11022.0, 54514.0, 84944.0, 122402.0, 143689.0 
GO:0098556 CC 1.88e-04  5/5238     5/29107 D05 cytoplasmic side of rough endoplasmic reticulum membrane 2796.0, 6155.0, 6231.0, 6234.0, 6235.0 
GO:0046540 CC 1.89e-04 17/5238    39/29107 D06 U4/U6 x U5 tri-snRNP complex             6634.0, 6635.0, 6636.0, 6638.0, 8559.0, 9128.0, 9129.0, 10465.0, 10907.0, 11157.0, 26831.0, 26832.0, 26834.0, 26835.0, 51690.0, 54957.0, 57819.0 
GO:0005753 CC 1.99e-04 10/5238    17/29107 D05 mitochondrial proton-transporting ATP synthase complex 506.0, 516.0, 521.0, 539.0, 4508.0, 4509.0, 9551.0, 10476.0, 10632.0, 84833.0 
GO:0005762 CC 2.69e-04 21/5238    54/29107 D06 mitochondrial large ribosomal subunit    3396.0, 6150.0, 26589.0, 51258.0, 51264.0, 54148.0, 54948.0, 55052.0, 64928.0, 64976.0, 64983.0, 65003.0, 65005.0, 79590.0, 84311.0, 84769.0, 116540.0, 124995.0, 130916.0, 219927.0, 387338.0 
GO:0031305 CC 3.89e-04 17/5238    41/29107 D06 integral component of mitochondrial inner membrane 4519.0, 5018.0, 6341.0, 8834.0, 10440.0, 28958.0, 51241.0, 55013.0, 55744.0, 60386.0, 80775.0, 91689.0, 94081.0, 118980.0, 119559.0, 100131801.0, 100652748.0 
GO:0000276 CC 4.38e-04  7/5238    10/29107 D05 mitochondrial proton-transporting ATP synthase complex, coupling factor F(o) 516.0, 517.0, 518.0, 521.0, 4509.0, 9551.0, 10632.0 
GO:0005750 CC 5.93e-04  8/5238    13/29107 D05 mitochondrial respiratory chain complex III 617.0, 4512.0, 4519.0, 7385.0, 7388.0, 10975.0, 27089.0, 29796.0 
GO:0015935 CC 6.64e-04 10/5238    19/29107 D04 small ribosomal subunit                  6203.0, 6222.0, 6224.0, 6227.0, 6229.0, 6230.0, 6231.0, 6234.0, 6235.0, 64965.0 
GO:0005751 CC 6.64e-04 10/5238    19/29107 D05 mitochondrial respiratory chain complex IV 1329.0, 1337.0, 1345.0, 1346.0, 1347.0, 1350.0, 4512.0, 4697.0, 7385.0, 9377.0 
GO:0005886 CC 1.62e-05 701/5238  4487/29107 D03 plasma membrane                          41.0, 60.0, 71.0, 90.0, 93.0, 118.0, 125.0, 135.0, 146.0, 151.0, 153.0, 177.0, 246.0, 247.0, 284.0, 338.0, 355.0, 360.0, 362.0, 363.0, 364.0, 367.0, 368.0, 390.0, 419.0, 433.0, 468.0, 479.0, 480.0, 483.0, 486.0, 506.0, 539.0, 552.0, 624.0, 631.0, 685.0, 687.0, 720.0, 721.0, 757.0, 771.0, 779.0, 799.0, 824.0, 858.0, 919.0, 927.0, 948.0, 971.0, 1001.0, 1002.0, 1133.0, 1134.0, 1136.0, 1138.0, 1139.0, 1145.0, 1193.0, 1211.0, 1238.0, 1261.0, 1305.0, 1308.0, 1364.0, 1460.0, 1464.0, 1499.0, 1500.0, 1501.0, 1630.0, 1636.0, 1638.0, 1687.0, 1813.0, 1815.0, 1823.0, 1824.0, 1826.0, 1828.0, 1829.0, 1838.0, 1896.0, 1915.0, 1950.0, 2023.0, 2027.0, 2028.0, 2035.0, 2038.0, 2046.0, 2057.0, 2064.0, 2099.0, 2130.0, 2150.0, 2153.0, 2155.0, 2157.0, 2160.0, 2161.0, 2189.0, 2191.0, 2215.0, 2264.0, 2322.0, 2492.0, 2535.0, 2559.0, 2619.0, 2706.0, 2719.0, 2731.0, 2768.0, 2769.0, 2790.0, 2830.0, 2844.0, 2846.0, 2863.0, 2886.0, 2894.0, 2895.0, 2900.0, 2950.0, 2979.0, 2996.0, 3028.0, 3038.0, 3062.0, 3094.0, 3119.0, 3127.0, 3140.0, 3161.0, 3352.0, 3385.0, 3455.0, 3556.0, 3575.0, 3588.0, 3594.0, 3601.0, 3682.0, 3700.0, 3702.0, 3741.0, 3753.0, 3770.0, 3775.0, 3779.0, 3783.0, 3790.0, 3818.0, 3821.0, 3822.0, 3824.0, 3827.0, 3921.0, 3949.0, 4007.0, 4023.0, 4046.0, 4072.0, 4074.0, 4092.0, 4160.0, 4218.0, 4233.0, 4241.0, 4258.0, 4267.0, 4284.0, 4301.0, 4308.0, 4311.0, 4352.0, 4359.0, 4486.0, 4504.0, 4521.0, 4582.0, 4640.0, 4682.0, 4718.0, 4734.0, 4868.0, 4887.0, 4889.0, 4919.0, 4920.0, 4923.0, 4982.0, 4987.0, 4988.0, 4992.0, 4993.0, 4995.0, 5002.0, 5021.0, 5025.0, 5029.0, 5130.0, 5152.0, 5156.0, 5173.0, 5174.0, 5205.0, 5251.0, 5288.0, 5317.0, 5333.0, 5348.0, 5349.0, 5358.0, 5395.0, 5411.0, 5426.0, 5551.0, 5576.0, 5580.0, 5654.0, 5733.0, 5754.0, 5783.0, 5791.0, 5796.0, 5797.0, 5878.0, 5894.0, 6006.0, 6010.0, 6014.0, 6091.0, 6166.0, 6188.0, 6236.0, 6307.0, 6345.0, 6390.0, 6402.0, 6445.0, 6519.0, 6527.0, 6533.0, 6542.0, 6549.0, 6557.0, 6563.0, 6566.0, 6574.0, 6575.0, 6580.0, 6583.0, 6584.0, 6608.0, 6610.0, 6675.0, 6692.0, 6744.0, 6754.0, 6764.0, 6768.0, 6863.0, 6865.0, 6868.0, 6870.0, 6997.0, 7006.0, 7007.0, 7037.0, 7051.0, 7074.0, 7200.0, 7225.0, 7270.0, 7292.0, 7294.0, 7316.0, 7375.0, 7410.0, 7473.0, 7476.0, 7535.0, 7704.0, 7727.0, 7779.0, 7784.0, 7852.0, 7881.0, 7923.0, 7984.0, 8029.0, 8170.0, 8174.0, 8322.0, 8324.0, 8326.0, 8436.0, 8471.0, 8490.0, 8496.0, 8501.0, 8516.0, 8560.0, 8581.0, 8590.0, 8611.0, 8714.0, 8717.0, 8728.0, 8737.0, 8744.0, 8747.0, 8748.0, 8751.0, 8772.0, 8777.0, 8787.0, 8792.0, 8808.0, 8809.0, 8895.0, 8934.0, 8970.0, 8972.0, 8987.0, 8989.0, 8994.0, 8995.0, 9019.0, 9033.0, 9051.0, 9055.0, 9057.0, 9076.0, 9077.0, 9098.0, 9170.0, 9173.0, 9187.0, 9294.0, 9365.0, 9390.0, 9398.0, 9427.0, 9455.0, 9475.0, 9620.0, 9649.0, 9721.0, 9732.0, 9747.0, 9848.0, 9886.0, 9914.0, 9962.0, 9966.0, 10003.0, 10011.0, 10060.0, 10089.0, 10103.0, 10156.0, 10228.0, 10256.0, 10324.0, 10326.0, 10345.0, 10384.0, 10385.0, 10457.0, 10519.0, 10560.0, 10626.0, 10686.0, 10699.0, 10791.0, 10825.0, 10841.0, 10861.0, 10928.0, 11086.0, 11118.0, 11119.0, 11136.0, 11187.0, 11250.0, 11261.0, 11331.0, 22801.0, 22844.0, 22925.0, 22943.0, 22950.0, 23007.0, 23026.0, 23075.0, 23171.0, 23251.0, 23322.0, 23378.0, 23415.0, 23460.0, 23596.0, 23600.0, 23630.0, 23769.0, 25798.0, 25865.0, 25957.0, 26154.0, 26245.0, 26246.0, 26503.0, 26504.0, 27092.0, 27094.0, 27202.0, 27293.0, 27297.0, 27345.0, 27346.0, 28965.0, 29082.0, 29098.0, 29990.0, 29992.0, 30815.0, 30835.0, 30851.0, 50507.0, 50617.0, 50801.0, 50835.0, 50836.0, 50837.0, 50838.0, 50839.0, 50856.0, 50937.0, 51097.0, 51107.0, 51199.0, 51206.0, 51289.0, 51374.0, 51390.0, 51393.0, 51458.0, 51573.0, 51741.0, 51744.0, 51752.0, 51768.0, 53833.0, 53834.0, 53916.0, 54221.0, 54361.0, 54407.0, 54413.0, 54429.0, 54536.0, 54847.0, 54857.0, 54870.0, 54934.0, 55004.0, 55038.0, 55080.0, 55107.0, 55113.0, 55117.0, 55129.0, 55146.0, 55244.0, 55256.0, 55273.0, 55352.0, 55353.0, 55504.0, 55620.0, 55630.0, 55742.0, 55835.0, 55869.0, 55890.0, 55915.0, 55959.0, 55971.0, 55997.0, 56413.0, 56606.0, 56624.0, 56659.0, 56899.0, 56940.0, 57126.0, 57153.0, 57158.0, 57191.0, 57228.0, 57393.0, 57761.0, 57864.0, 58515.0, 59272.0, 59307.0, 59352.0, 60412.0, 63826.0, 64106.0, 64130.0, 64167.0, 64215.0, 64218.0, 64240.0, 64241.0, 64283.0, 64284.0, 64344.0, 64403.0, 64411.0, 64787.0, 79026.0, 79400.0, 79465.0, 79570.0, 79674.0, 79713.0, 79820.0, 79850.0, 79932.0, 79937.0, 79960.0, 80031.0, 80036.0, 80144.0, 80196.0, 80328.0, 80731.0, 80975.0, 81466.0, 81501.0, 81543.0, 81796.0, 83959.0, 83987.0, 84063.0, 84079.0, 84106.0, 84174.0, 84210.0, 84329.0, 84418.0, 84513.0, 84539.0, 84552.0, 84628.0, 84632.0, 84660.0, 84766.0, 84812.0, 84876.0, 84883.0, 84889.0, 84902.0, 84957.0, 84958.0, 85315.0, 85320.0, 89122.0, 90102.0, 90417.0, 90668.0, 91419.0, 91624.0, 91653.0, 91947.0, 93492.0, 94121.0, 94233.0, 113026.0, 113235.0, 114609.0, 115111.0, 115330.0, 115677.0, 115752.0, 116369.0, 116372.0, 117145.0, 117155.0, 117247.0, 118429.0, 120425.0, 120776.0, 120892.0, 123872.0, 123879.0, 124446.0, 125875.0, 126014.0, 126969.0, 127059.0, 127062.0, 128414.0, 128853.0, 129401.0, 130271.0, 131450.0, 132014.0, 133418.0, 138799.0, 142684.0, 143458.0, 144195.0, 145567.0, 145957.0, 146183.0, 147166.0, 148229.0, 151056.0, 152579.0, 154810.0, 159371.0, 159963.0, 160728.0, 161253.0, 161291.0, 161582.0, 163702.0, 164633.0, 165829.0, 166929.0, 171177.0, 196264.0, 196740.0, 199920.0, 200958.0, 202374.0, 203245.0, 206338.0, 219595.0, 219771.0, 220074.0, 253725.0, 254428.0, 255101.0, 259289.0, 259291.0, 259292.0, 259296.0, 266675.0, 282679.0, 282808.0, 283349.0, 283383.0, 284359.0, 284521.0, 284525.0, 285601.0, 286046.0, 338755.0, 339390.0, 340348.0, 342372.0, 342979.0, 343171.0, 343450.0, 344805.0, 345274.0, 374868.0, 375307.0, 387680.0, 388419.0, 388753.0, 389668.0, 391190.0, 391191.0, 391192.0, 401994.0, 402415.0, 414194.0, 415117.0, 440435.0, 445815.0, 644139.0, 727910.0, 728233.0, 729359.0, 729873.0, 100128927.0, 100288413.0, 100506084.0, 100507050.0, 101060321.0, 101060376.0, 101060389.0, 102723859.0 
GO:0098978 CC 2.74e-05 32/5238   332/29107 D04 glutamatergic synapse                    60.0, 135.0, 869.0, 1488.0, 1500.0, 1813.0, 1815.0, 1978.0, 2894.0, 2895.0, 3556.0, 3838.0, 4218.0, 4885.0, 5533.0, 7074.0, 7143.0, 7476.0, 8322.0, 8326.0, 8499.0, 8787.0, 9455.0, 11331.0, 22885.0, 27091.0, 27092.0, 51738.0, 63827.0, 81873.0, 84628.0, 120892.0 
GO:0045095 CC 8.54e-05  4/5238    96/29107 D07 keratin filament                         3852.0, 3889.0, 83481.0, 440050.0 
GO:1903561 CC 1.02e-04 10/5238   150/29107 D05 extracellular vesicle                    1303.0, 2153.0, 5549.0, 7037.0, 91947.0, 406911.0, 407011.0, 407019.0, 407029.0, 693121.0 
GO:0030424 CC 7.06e-04 35/5238   318/29107 D05 axon                                     60.0, 720.0, 721.0, 799.0, 1270.0, 1630.0, 1813.0, 1826.0, 4308.0, 4311.0, 4504.0, 4803.0, 4988.0, 5816.0, 6091.0, 6332.0, 6335.0, 6606.0, 6607.0, 6863.0, 8499.0, 8747.0, 9637.0, 11331.0, 25983.0, 51738.0, 54407.0, 57053.0, 79594.0, 79969.0, 84628.0, 91624.0, 94233.0, 120892.0, 133418.0 
GO:0003735 MF 1.63e-06 64/5238   163/29107 D02 structural constituent of ribosome       3921.0, 4736.0, 6122.0, 6133.0, 6134.0, 6136.0, 6137.0, 6139.0, 6143.0, 6150.0, 6155.0, 6157.0, 6159.0, 6160.0, 6164.0, 6166.0, 6171.0, 6175.0, 6188.0, 6192.0, 6193.0, 6201.0, 6202.0, 6203.0, 6204.0, 6205.0, 6208.0, 6210.0, 6218.0, 6222.0, 6223.0, 6224.0, 6227.0, 6228.0, 6229.0, 6230.0, 6231.0, 6232.0, 6234.0, 6235.0, 7818.0, 11224.0, 26589.0, 28973.0, 51081.0, 51121.0, 51258.0, 51264.0, 51649.0, 54948.0, 55052.0, 56945.0, 64928.0, 64951.0, 64963.0, 64965.0, 64983.0, 65003.0, 65005.0, 79590.0, 116832.0, 124995.0, 200916.0, 219927.0 
GO:0003723 MF 6.21e-06 320/5238  1388/29107 D04 RNA binding                              48.0, 105.0, 118.0, 142.0, 190.0, 831.0, 1029.0, 1478.0, 1659.0, 1736.0, 1854.0, 1915.0, 1975.0, 2023.0, 2091.0, 2130.0, 2197.0, 2224.0, 2483.0, 2886.0, 3005.0, 3007.0, 3028.0, 3148.0, 3151.0, 3182.0, 3615.0, 3838.0, 3921.0, 4288.0, 4528.0, 4676.0, 4731.0, 4736.0, 4830.0, 4841.0, 5036.0, 5037.0, 5042.0, 5393.0, 5394.0, 5411.0, 5478.0, 5511.0, 5687.0, 5710.0, 5822.0, 5936.0, 6041.0, 6100.0, 6103.0, 6122.0, 6133.0, 6134.0, 6136.0, 6137.0, 6139.0, 6143.0, 6150.0, 6155.0, 6157.0, 6159.0, 6160.0, 6164.0, 6171.0, 6175.0, 6184.0, 6188.0, 6192.0, 6193.0, 6201.0, 6202.0, 6203.0, 6204.0, 6205.0, 6208.0, 6210.0, 6218.0, 6222.0, 6223.0, 6224.0, 6227.0, 6228.0, 6229.0, 6230.0, 6231.0, 6232.0, 6234.0, 6421.0, 6429.0, 6434.0, 6606.0, 6607.0, 6631.0, 6634.0, 6635.0, 6636.0, 6638.0, 6832.0, 6838.0, 6902.0, 7037.0, 7175.0, 7307.0, 7316.0, 7818.0, 8165.0, 8294.0, 8359.0, 8361.0, 8362.0, 8363.0, 8367.0, 8621.0, 8653.0, 8663.0, 8664.0, 8683.0, 8895.0, 8996.0, 9129.0, 9475.0, 9733.0, 9782.0, 9790.0, 9889.0, 9933.0, 9939.0, 9967.0, 10102.0, 10270.0, 10360.0, 10412.0, 10436.0, 10450.0, 10535.0, 10635.0, 10643.0, 10644.0, 10658.0, 10813.0, 10940.0, 10989.0, 11022.0, 11157.0, 11218.0, 11224.0, 11269.0, 22803.0, 22889.0, 22927.0, 22938.0, 22944.0, 23016.0, 23029.0, 23283.0, 23378.0, 23404.0, 23438.0, 23536.0, 23560.0, 23608.0, 23609.0, 25821.0, 25917.0, 25946.0, 25957.0, 25983.0, 26024.0, 26058.0, 26354.0, 26574.0, 27000.0, 27292.0, 27341.0, 28957.0, 29080.0, 29105.0, 29777.0, 29889.0, 51013.0, 51067.0, 51081.0, 51096.0, 51106.0, 51118.0, 51121.0, 51202.0, 51203.0, 51250.0, 51264.0, 51329.0, 51386.0, 51388.0, 51493.0, 51538.0, 51574.0, 51634.0, 51649.0, 51690.0, 54039.0, 54148.0, 54433.0, 54456.0, 54514.0, 54552.0, 54845.0, 54855.0, 54888.0, 54931.0, 55052.0, 55086.0, 55094.0, 55131.0, 55135.0, 55147.0, 55149.0, 55272.0, 55646.0, 55696.0, 55720.0, 55794.0, 55833.0, 55998.0, 56107.0, 56902.0, 56903.0, 57003.0, 57510.0, 57696.0, 57819.0, 60625.0, 60677.0, 64283.0, 64434.0, 64778.0, 64783.0, 64794.0, 64852.0, 64881.0, 64928.0, 64951.0, 64963.0, 64965.0, 64976.0, 64983.0, 65003.0, 65005.0, 65095.0, 65109.0, 65110.0, 79026.0, 79228.0, 79576.0, 79590.0, 79707.0, 79730.0, 79736.0, 79753.0, 79869.0, 79954.0, 80336.0, 80742.0, 81691.0, 83479.0, 83481.0, 83640.0, 84060.0, 84240.0, 84273.0, 84284.0, 84305.0, 84311.0, 84319.0, 84321.0, 84324.0, 84811.0, 84844.0, 84881.0, 84991.0, 85476.0, 88745.0, 90441.0, 113802.0, 114034.0, 115752.0, 117246.0, 118460.0, 118487.0, 122402.0, 124995.0, 126668.0, 128061.0, 129831.0, 132430.0, 135295.0, 140886.0, 144983.0, 150590.0, 154197.0, 161424.0, 161829.0, 165545.0, 197135.0, 200205.0, 200316.0, 200916.0, 219927.0, 219988.0, 246243.0, 255101.0, 257415.0, 284677.0, 285367.0, 342371.0, 375316.0, 388753.0, 440672.0, 100132406.0, 102724159.0 
GO:0046872 MF 7.66e-06 562/5238  2297/29107 D04 metal ion binding                        32.0, 48.0, 90.0, 93.0, 105.0, 176.0, 267.0, 411.0, 479.0, 480.0, 593.0, 639.0, 687.0, 779.0, 875.0, 1297.0, 1300.0, 1301.0, 1329.0, 1460.0, 1466.0, 1528.0, 1534.0, 1663.0, 1789.0, 1815.0, 2070.0, 2130.0, 2131.0, 2224.0, 2275.0, 2618.0, 2766.0, 2768.0, 2769.0, 2863.0, 3043.0, 3081.0, 3155.0, 3263.0, 3486.0, 3615.0, 3642.0, 3682.0, 3702.0, 3716.0, 4004.0, 4092.0, 4171.0, 4216.0, 4285.0, 4353.0, 4493.0, 4494.0, 4495.0, 4496.0, 4502.0, 4504.0, 4512.0, 4519.0, 4520.0, 4521.0, 4682.0, 4729.0, 4831.0, 4885.0, 4892.0, 4920.0, 4998.0, 5134.0, 5152.0, 5178.0, 5325.0, 5373.0, 5423.0, 5429.0, 5533.0, 5558.0, 5580.0, 5743.0, 5828.0, 5894.0, 5896.0, 6010.0, 6041.0, 6100.0, 6390.0, 6591.0, 6610.0, 6615.0, 6668.0, 6769.0, 6868.0, 6891.0, 6940.0, 6941.0, 6999.0, 7006.0, 7051.0, 7079.0, 7306.0, 7307.0, 7375.0, 7385.0, 7410.0, 7468.0, 7544.0, 7561.0, 7564.0, 7565.0, 7566.0, 7568.0, 7571.0, 7580.0, 7584.0, 7589.0, 7592.0, 7596.0, 7620.0, 7633.0, 7638.0, 7652.0, 7678.0, 7691.0, 7692.0, 7693.0, 7702.0, 7704.0, 7711.0, 7712.0, 7718.0, 7726.0, 7727.0, 7728.0, 7730.0, 7741.0, 7743.0, 7746.0, 7752.0, 7766.0, 7770.0, 7771.0, 7772.0, 7773.0, 7775.0, 7776.0, 7789.0, 7837.0, 8233.0, 8284.0, 8317.0, 8438.0, 8462.0, 8516.0, 8517.0, 8544.0, 8702.0, 8728.0, 8747.0, 8748.0, 8751.0, 8792.0, 8798.0, 8819.0, 8895.0, 8897.0, 8908.0, 8994.0, 9054.0, 9070.0, 9139.0, 9310.0, 9326.0, 9377.0, 9411.0, 9427.0, 9453.0, 9475.0, 9501.0, 9633.0, 9692.0, 9744.0, 9815.0, 9880.0, 9889.0, 9914.0, 9941.0, 10003.0, 10020.0, 10127.0, 10156.0, 10172.0, 10201.0, 10229.0, 10293.0, 10336.0, 10380.0, 10520.0, 10535.0, 10588.0, 10691.0, 10739.0, 10780.0, 10838.0, 11019.0, 11068.0, 11108.0, 11163.0, 11174.0, 11200.0, 22801.0, 22803.0, 22806.0, 22885.0, 22888.0, 22901.0, 22944.0, 23355.0, 23536.0, 23608.0, 23609.0, 24137.0, 25865.0, 25976.0, 26007.0, 26149.0, 26271.0, 26468.0, 26515.0, 26974.0, 27018.0, 27148.0, 27246.0, 27300.0, 27304.0, 28999.0, 29127.0, 29994.0, 30832.0, 30833.0, 30835.0, 51020.0, 51043.0, 51058.0, 51131.0, 51136.0, 51147.0, 51157.0, 51218.0, 51255.0, 51292.0, 51317.0, 51321.0, 51364.0, 51385.0, 51427.0, 51493.0, 51573.0, 51654.0, 51668.0, 51720.0, 51780.0, 53630.0, 53918.0, 54059.0, 54069.0, 54807.0, 54811.0, 54836.0, 54840.0, 54857.0, 54897.0, 54901.0, 54981.0, 54988.0, 54993.0, 55107.0, 55140.0, 55184.0, 55290.0, 55298.0, 55351.0, 55552.0, 55616.0, 55646.0, 55659.0, 55696.0, 55734.0, 55768.0, 55769.0, 55786.0, 55823.0, 55856.0, 55869.0, 55888.0, 55893.0, 55906.0, 56163.0, 56165.0, 56254.0, 56903.0, 56922.0, 56980.0, 57089.0, 57116.0, 57232.0, 57335.0, 57343.0, 57559.0, 57615.0, 57677.0, 57820.0, 57862.0, 58491.0, 58492.0, 58495.0, 58500.0, 58524.0, 63934.0, 63977.0, 64080.0, 64131.0, 64174.0, 64240.0, 64241.0, 64283.0, 64411.0, 64789.0, 64852.0, 64943.0, 65243.0, 79005.0, 79149.0, 79175.0, 79177.0, 79364.0, 79587.0, 79594.0, 79673.0, 79691.0, 79695.0, 79744.0, 79788.0, 79814.0, 79818.0, 79831.0, 79858.0, 79862.0, 79894.0, 79897.0, 79898.0, 79960.0, 79973.0, 79986.0, 80032.0, 80144.0, 80196.0, 80230.0, 80317.0, 80742.0, 80778.0, 80781.0, 81889.0, 83444.0, 83479.0, 83593.0, 83744.0, 84107.0, 84124.0, 84172.0, 84436.0, 84527.0, 84622.0, 84684.0, 84775.0, 84874.0, 84890.0, 84914.0, 84964.0, 85508.0, 89884.0, 90075.0, 90321.0, 90333.0, 90589.0, 90592.0, 90649.0, 91392.0, 91419.0, 91445.0, 91664.0, 92675.0, 93134.0, 93166.0, 93474.0, 93589.0, 94039.0, 94059.0, 94121.0, 112885.0, 113026.0, 113802.0, 113835.0, 114034.0, 114805.0, 114826.0, 115209.0, 115509.0, 115560.0, 118429.0, 118490.0, 119016.0, 125893.0, 125919.0, 126069.0, 126070.0, 126231.0, 126295.0, 126375.0, 127665.0, 128240.0, 137902.0, 144193.0, 146050.0, 146434.0, 147658.0, 147660.0, 147686.0, 147687.0, 147808.0, 147837.0, 147948.0, 148156.0, 148206.0, 148811.0, 150274.0, 152100.0, 154197.0, 155054.0, 155185.0, 157570.0, 158326.0, 158431.0, 161823.0, 162962.0, 162967.0, 162968.0, 162972.0, 162993.0, 163050.0, 163051.0, 163059.0, 163071.0, 163081.0, 163115.0, 163227.0, 163255.0, 165918.0, 166793.0, 168391.0, 168433.0, 168544.0, 168850.0, 169834.0, 169841.0, 170690.0, 170691.0, 170692.0, 170958.0, 171019.0, 171177.0, 197320.0, 197370.0, 199221.0, 199692.0, 199745.0, 199746.0, 200035.0, 200558.0, 201161.0, 201164.0, 201514.0, 202374.0, 219595.0, 220441.0, 220929.0, 220992.0, 221527.0, 252884.0, 253639.0, 254042.0, 254225.0, 254295.0, 255403.0, 257218.0, 283337.0, 283755.0, 283933.0, 284023.0, 284086.0, 284161.0, 284346.0, 284390.0, 284459.0, 285349.0, 285498.0, 285643.0, 285676.0, 317671.0, 339487.0, 339559.0, 340152.0, 340485.0, 341676.0, 342132.0, 342908.0, 342909.0, 342926.0, 342945.0, 344787.0, 345462.0, 349075.0, 353274.0, 359948.0, 374928.0, 378884.0, 378925.0, 387032.0, 388523.0, 388536.0, 388559.0, 388561.0, 389114.0, 390980.0, 391059.0, 400713.0, 403341.0, 404281.0, 440519.0, 440672.0, 441250.0, 442319.0, 641339.0, 642280.0, 642517.0, 642819.0, 643136.0, 644353.0, 646915.0, 654254.0, 728116.0, 729092.0, 729288.0, 730087.0, 100128927.0, 100129543.0, 100137047.0, 100293516.0, 100529215.0, 102724560.0, 102724594.0, 110116772.0 
GO:0008137 MF 1.05e-05 20/5238    42/29107 D07 NADH dehydrogenase (ubiquinone) activity 4535.0, 4536.0, 4537.0, 4538.0, 4539.0, 4540.0, 4541.0, 4695.0, 4697.0, 4700.0, 4705.0, 4707.0, 4709.0, 4714.0, 4715.0, 4717.0, 4718.0, 4725.0, 4729.0, 4731.0 
GO:0005515 MF 1.46e-05 2580/5238 12418/29107 D02 protein binding                          22.0, 32.0, 33.0, 41.0, 48.0, 56.0, 58.0, 60.0, 71.0, 90.0, 93.0, 118.0, 135.0, 142.0, 146.0, 151.0, 153.0, 176.0, 177.0, 190.0, 212.0, 231.0, 246.0, 247.0, 267.0, 308.0, 318.0, 326.0, 338.0, 341.0, 355.0, 360.0, 362.0, 363.0, 364.0, 367.0, 383.0, 390.0, 405.0, 433.0, 440.0, 466.0, 468.0, 475.0, 480.0, 483.0, 487.0, 506.0, 516.0, 517.0, 521.0, 529.0, 539.0, 540.0, 552.0, 563.0, 566.0, 570.0, 573.0, 585.0, 593.0, 595.0, 599.0, 617.0, 624.0, 631.0, 633.0, 637.0, 639.0, 641.0, 642.0, 650.0, 652.0, 662.0, 685.0, 699.0, 701.0, 757.0, 761.0, 779.0, 797.0, 799.0, 819.0, 824.0, 831.0, 832.0, 836.0, 839.0, 844.0, 858.0, 869.0, 874.0, 875.0, 881.0, 898.0, 919.0, 923.0, 948.0, 971.0, 983.0, 993.0, 1019.0, 1027.0, 1029.0, 1030.0, 1031.0, 1033.0, 1039.0, 1062.0, 1063.0, 1111.0, 1133.0, 1136.0, 1138.0, 1139.0, 1140.0, 1159.0, 1160.0, 1163.0, 1193.0, 1211.0, 1238.0, 1261.0, 1270.0, 1288.0, 1297.0, 1300.0, 1305.0, 1308.0, 1329.0, 1337.0, 1345.0, 1346.0, 1347.0, 1350.0, 1355.0, 1364.0, 1376.0, 1381.0, 1382.0, 1390.0, 1407.0, 1408.0, 1414.0, 1415.0, 1417.0, 1460.0, 1466.0, 1478.0, 1488.0, 1489.0, 1491.0, 1499.0, 1500.0, 1501.0, 1503.0, 1513.0, 1528.0, 1534.0, 1543.0, 1558.0, 1577.0, 1583.0, 1628.0, 1630.0, 1635.0, 1638.0, 1641.0, 1642.0, 1645.0, 1659.0, 1663.0, 1687.0, 1690.0, 1718.0, 1731.0, 1736.0, 1737.0, 1743.0, 1746.0, 1756.0, 1789.0, 1805.0, 1807.0, 1813.0, 1815.0, 1823.0, 1824.0, 1826.0, 1828.0, 1831.0, 1838.0, 1844.0, 1852.0, 1854.0, 1861.0, 1869.0, 1876.0, 1891.0, 1892.0, 1896.0, 1911.0, 1915.0, 1950.0, 1975.0, 1978.0, 1992.0, 2009.0, 2023.0, 2035.0, 2038.0, 2052.0, 2057.0, 2064.0, 2070.0, 2071.0, 2072.0, 2074.0, 2081.0, 2091.0, 2099.0, 2100.0, 2109.0, 2118.0, 2130.0, 2146.0, 2150.0, 2153.0, 2155.0, 2157.0, 2160.0, 2161.0, 2175.0, 2176.0, 2188.0, 2189.0, 2191.0, 2201.0, 2224.0, 2237.0, 2252.0, 2256.0, 2264.0, 2267.0, 2275.0, 2277.0, 2289.0, 2298.0, 2305.0, 2322.0, 2328.0, 2354.0, 2395.0, 2483.0, 2492.0, 2535.0, 2553.0, 2619.0, 2629.0, 2645.0, 2646.0, 2647.0, 2650.0, 2660.0, 2701.0, 2706.0, 2707.0, 2719.0, 2720.0, 2733.0, 2736.0, 2762.0, 2768.0, 2784.0, 2790.0, 2863.0, 2882.0, 2886.0, 2895.0, 2922.0, 2937.0, 2947.0, 2948.0, 2949.0, 2950.0, 2966.0, 2968.0, 2969.0, 2978.0, 2979.0, 2992.0, 3005.0, 3012.0, 3015.0, 3018.0, 3020.0, 3028.0, 3037.0, 3038.0, 3039.0, 3040.0, 3043.0, 3062.0, 3074.0, 3081.0, 3082.0, 3094.0, 3119.0, 3140.0, 3141.0, 3145.0, 3148.0, 3151.0, 3156.0, 3161.0, 3164.0, 3172.0, 3182.0, 3263.0, 3270.0, 3385.0, 3397.0, 3419.0, 3455.0, 3485.0, 3486.0, 3490.0, 3550.0, 3575.0, 3588.0, 3589.0, 3592.0, 3598.0, 3600.0, 3601.0, 3615.0, 3700.0, 3702.0, 3712.0, 3716.0, 3727.0, 3741.0, 3753.0, 3775.0, 3783.0, 3818.0, 3821.0, 3822.0, 3824.0, 3827.0, 3831.0, 3832.0, 3838.0, 3852.0, 3858.0, 3881.0, 3889.0, 3914.0, 3921.0, 3931.0, 3945.0, 3949.0, 3953.0, 3980.0, 4001.0, 4004.0, 4007.0, 4015.0, 4016.0, 4017.0, 4018.0, 4023.0, 4072.0, 4074.0, 4092.0, 4146.0, 4160.0, 4171.0, 4172.0, 4173.0, 4188.0, 4190.0, 4192.0, 4210.0, 4216.0, 4218.0, 4223.0, 4233.0, 4241.0, 4253.0, 4258.0, 4259.0, 4267.0, 4284.0, 4288.0, 4292.0, 4299.0, 4301.0, 4311.0, 4331.0, 4352.0, 4353.0, 4356.0, 4439.0, 4485.0, 4486.0, 4493.0, 4494.0, 4495.0, 4496.0, 4502.0, 4504.0, 4507.0, 4508.0, 4509.0, 4512.0, 4513.0, 4514.0, 4520.0, 4521.0, 4535.0, 4537.0, 4547.0, 4580.0, 4582.0, 4602.0, 4604.0, 4606.0, 4637.0, 4645.0, 4647.0, 4676.0, 4682.0, 4692.0, 4697.0, 4703.0, 4706.0, 4715.0, 4725.0, 4729.0, 4731.0, 4733.0, 4734.0, 4736.0, 4738.0, 4775.0, 4798.0, 4802.0, 4803.0, 4807.0, 4824.0, 4828.0, 4830.0, 4831.0, 4835.0, 4841.0, 4868.0, 4878.0, 4885.0, 4887.0, 4892.0, 4899.0, 4901.0, 4919.0, 4920.0, 4923.0, 4927.0, 4947.0, 4948.0, 4982.0, 4987.0, 4988.0, 4998.0, 5002.0, 5018.0, 5025.0, 5029.0, 5036.0, 5037.0, 5042.0, 5071.0, 5106.0, 5111.0, 5121.0, 5130.0, 5134.0, 5147.0, 5149.0, 5152.0, 5156.0, 5174.0, 5184.0, 5199.0, 5202.0, 5204.0, 5205.0, 5207.0, 5223.0, 5251.0, 5264.0, 5271.0, 5276.0, 5279.0, 5283.0, 5313.0, 5314.0, 5317.0, 5325.0, 5333.0, 5345.0, 5346.0, 5347.0, 5356.0, 5366.0, 5373.0, 5393.0, 5394.0, 5395.0, 5396.0, 5409.0, 5411.0, 5423.0, 5426.0, 5427.0, 5429.0, 5432.0, 5433.0, 5439.0, 5443.0, 5475.0, 5478.0, 5480.0, 5502.0, 5509.0, 5511.0, 5525.0, 5533.0, 5535.0, 5551.0, 5554.0, 5557.0, 5558.0, 5571.0, 5576.0, 5580.0, 5613.0, 5635.0, 5646.0, 5654.0, 5683.0, 5685.0, 5687.0, 5689.0, 5690.0, 5692.0, 5693.0, 5694.0, 5710.0, 5743.0, 5754.0, 5783.0, 5784.0, 5791.0, 5796.0, 5797.0, 5806.0, 5824.0, 5827.0, 5828.0, 5830.0, 5834.0, 5873.0, 5878.0, 5889.0, 5893.0, 5894.0, 5896.0, 5902.0, 5918.0, 5919.0, 5932.0, 5936.0, 5947.0, 5961.0, 5982.0, 5985.0, 5995.0, 6010.0, 6014.0, 6041.0, 6048.0, 6091.0, 6098.0, 6100.0, 6101.0, 6103.0, 6118.0, 6119.0, 6122.0, 6133.0, 6134.0, 6136.0, 6137.0, 6139.0, 6143.0, 6150.0, 6155.0, 6157.0, 6160.0, 6164.0, 6166.0, 6171.0, 6175.0, 6184.0, 6188.0, 6192.0, 6193.0, 6201.0, 6202.0, 6203.0, 6204.0, 6205.0, 6208.0, 6210.0, 6222.0, 6223.0, 6224.0, 6227.0, 6228.0, 6230.0, 6231.0, 6232.0, 6234.0, 6236.0, 6251.0, 6302.0, 6307.0, 6341.0, 6349.0, 6374.0, 6389.0, 6390.0, 6399.0, 6402.0, 6421.0, 6429.0, 6434.0, 6440.0, 6441.0, 6445.0, 6462.0, 6491.0, 6502.0, 6519.0, 6527.0, 6566.0, 6580.0, 6583.0, 6584.0, 6588.0, 6591.0, 6602.0, 6606.0, 6607.0, 6608.0, 6610.0, 6612.0, 6615.0, 6631.0, 6634.0, 6635.0, 6636.0, 6638.0, 6641.0, 6649.0, 6659.0, 6668.0, 6764.0, 6769.0, 6777.0, 6790.0, 6795.0, 6799.0, 6811.0, 6817.0, 6819.0, 6821.0, 6827.0, 6832.0, 6834.0, 6838.0, 6839.0, 6865.0, 6868.0, 6870.0, 6871.0, 6874.0, 6877.0, 6881.0, 6882.0, 6891.0, 6902.0, 6907.0, 6920.0, 6932.0, 6941.0, 6945.0, 6988.0, 6991.0, 6997.0, 6999.0, 7005.0, 7006.0, 7037.0, 7038.0, 7051.0, 7060.0, 7074.0, 7077.0, 7083.0, 7125.0, 7138.0, 7175.0, 7188.0, 7200.0, 7216.0, 7225.0, 7268.0, 7270.0, 7273.0, 7290.0, 7291.0, 7292.0, 7294.0, 7296.0, 7306.0, 7307.0, 7316.0, 7327.0, 7352.0, 7374.0, 7375.0, 7385.0, 7388.0, 7399.0, 7410.0, 7422.0, 7424.0, 7428.0, 7448.0, 7464.0, 7468.0, 7473.0, 7476.0, 7483.0, 7515.0, 7516.0, 7518.0, 7535.0, 7544.0, 7549.0, 7554.0, 7564.0, 7565.0, 7566.0, 7568.0, 7571.0, 7580.0, 7584.0, 7589.0, 7592.0, 7620.0, 7633.0, 7638.0, 7678.0, 7692.0, 7693.0, 7702.0, 7704.0, 7711.0, 7718.0, 7726.0, 7728.0, 7730.0, 7739.0, 7741.0, 7746.0, 7752.0, 7766.0, 7770.0, 7772.0, 7773.0, 7775.0, 7776.0, 7779.0, 7784.0, 7789.0, 7802.0, 7818.0, 7849.0, 7852.0, 7920.0, 7922.0, 7923.0, 7965.0, 7984.0, 7993.0, 8019.0, 8029.0, 8161.0, 8165.0, 8170.0, 8208.0, 8214.0, 8233.0, 8269.0, 8284.0, 8293.0, 8294.0, 8317.0, 8322.0, 8324.0, 8330.0, 8334.0, 8335.0, 8339.0, 8340.0, 8343.0, 8344.0, 8346.0, 8347.0, 8350.0, 8353.0, 8359.0, 8361.0, 8362.0, 8363.0, 8367.0, 8382.0, 8409.0, 8436.0, 8438.0, 8462.0, 8471.0, 8479.0, 8487.0, 8490.0, 8496.0, 8499.0, 8501.0, 8503.0, 8517.0, 8533.0, 8538.0, 8544.0, 8559.0, 8560.0, 8574.0, 8581.0, 8604.0, 8607.0, 8611.0, 8621.0, 8623.0, 8624.0, 8659.0, 8663.0, 8664.0, 8665.0, 8683.0, 8693.0, 8711.0, 8717.0, 8728.0, 8737.0, 8747.0, 8751.0, 8772.0, 8777.0, 8792.0, 8798.0, 8799.0, 8800.0, 8809.0, 8819.0, 8834.0, 8836.0, 8839.0, 8840.0, 8874.0, 8879.0, 8891.0, 8892.0, 8895.0, 8896.0, 8897.0, 8915.0, 8930.0, 8934.0, 8969.0, 8970.0, 8972.0, 8987.0, 8994.0, 8995.0, 8996.0, 9015.0, 9019.0, 9033.0, 9048.0, 9051.0, 9054.0, 9055.0, 9057.0, 9060.0, 9070.0, 9076.0, 9077.0, 9086.0, 9087.0, 9098.0, 9120.0, 9125.0, 9128.0, 9129.0, 9131.0, 9133.0, 9139.0, 9170.0, 9173.0, 9182.0, 9187.0, 9191.0, 9200.0, 9219.0, 9227.0, 9232.0, 9241.0, 9242.0, 9252.0, 9289.0, 9294.0, 9317.0, 9325.0, 9326.0, 9368.0, 9377.0, 9382.0, 9425.0, 9440.0, 9442.0, 9446.0, 9451.0, 9453.0, 9455.0, 9475.0, 9476.0, 9482.0, 9493.0, 9501.0, 9526.0, 9555.0, 9562.0, 9570.0, 9572.0, 9587.0, 9607.0, 9626.0, 9637.0, 9662.0, 9682.0, 9690.0, 9697.0, 9709.0, 9721.0, 9729.0, 9732.0, 9733.0, 9744.0, 9747.0, 9748.0, 9782.0, 9784.0, 9815.0, 9830.0, 9836.0, 9848.0, 9870.0, 9880.0, 9882.0, 9885.0, 9886.0, 9889.0, 9906.0, 9913.0, 9914.0, 9933.0, 9939.0, 9940.0, 9943.0, 9945.0, 9966.0, 9967.0, 9980.0, 10003.0, 10011.0, 10018.0, 10020.0, 10023.0, 10036.0, 10038.0, 10063.0, 10069.0, 10073.0, 10094.0, 10100.0, 10102.0, 10103.0, 10127.0, 10140.0, 10171.0, 10172.0, 10201.0, 10202.0, 10220.0, 10228.0, 10229.0, 10237.0, 10244.0, 10251.0, 10256.0, 10270.0, 10293.0, 10302.0, 10311.0, 10317.0, 10324.0, 10326.0, 10328.0, 10335.0, 10336.0, 10345.0, 10360.0, 10370.0, 10376.0, 10385.0, 10389.0, 10401.0, 10436.0, 10450.0, 10455.0, 10457.0, 10464.0, 10465.0, 10476.0, 10477.0, 10483.0, 10518.0, 10519.0, 10540.0, 10549.0, 10557.0, 10558.0, 10560.0, 10578.0, 10590.0, 10591.0, 10615.0, 10622.0, 10626.0, 10632.0, 10635.0, 10643.0, 10644.0, 10650.0, 10654.0, 10658.0, 10664.0, 10667.0, 10678.0, 10682.0, 10686.0, 10691.0, 10692.0, 10699.0, 10717.0, 10721.0, 10758.0, 10775.0, 10791.0, 10806.0, 10813.0, 10825.0, 10838.0, 10841.0, 10848.0, 10874.0, 10882.0, 10897.0, 10902.0, 10907.0, 10912.0, 10916.0, 10926.0, 10928.0, 10939.0, 10940.0, 10950.0, 10954.0, 10965.0, 10974.0, 10978.0, 10989.0, 10993.0, 11004.0, 11022.0, 11068.0, 11098.0, 11099.0, 11102.0, 11108.0, 11118.0, 11119.0, 11130.0, 11136.0, 11153.0, 11157.0, 11158.0, 11161.0, 11163.0, 11167.0, 11169.0, 11170.0, 11184.0, 11186.0, 11187.0, 11200.0, 11218.0, 11237.0, 11250.0, 11261.0, 11264.0, 11266.0, 11269.0, 11270.0, 11331.0, 11341.0, 22803.0, 22806.0, 22844.0, 22845.0, 22879.0, 22885.0, 22888.0, 22889.0, 22903.0, 22921.0, 22927.0, 22934.0, 22938.0, 22943.0, 22944.0, 22950.0, 22976.0, 22977.0, 23016.0, 23026.0, 23028.0, 23075.0, 23078.0, 23085.0, 23102.0, 23107.0, 23117.0, 23141.0, 23143.0, 23165.0, 23175.0, 23177.0, 23195.0, 23197.0, 23216.0, 23251.0, 23252.0, 23268.0, 23269.0, 23283.0, 23294.0, 23310.0, 23315.0, 23322.0, 23328.0, 23355.0, 23378.0, 23392.0, 23397.0, 23404.0, 23409.0, 23421.0, 23432.0, 23438.0, 23475.0, 23479.0, 23483.0, 23498.0, 23514.0, 23557.0, 23560.0, 23564.0, 23569.0, 23582.0, 23583.0, 23593.0, 23594.0, 23596.0, 23608.0, 23609.0, 23630.0, 23645.0, 23649.0, 23650.0, 24137.0, 24144.0, 25764.0, 25776.0, 25794.0, 25797.0, 25798.0, 25818.0, 25828.0, 25839.0, 25853.0, 25865.0, 25880.0, 25885.0, 25886.0, 25895.0, 25904.0, 25906.0, 25917.0, 25934.0, 25950.0, 25974.0, 25975.0, 25983.0, 26002.0, 26007.0, 26024.0, 26039.0, 26058.0, 26063.0, 26094.0, 26098.0, 26123.0, 26150.0, 26154.0, 26191.0, 26261.0, 26271.0, 26277.0, 26287.0, 26292.0, 26354.0, 26468.0, 26504.0, 26508.0, 26515.0, 26519.0, 26548.0, 26574.0, 26578.0, 26750.0, 26821.0, 26974.0, 27000.0, 27018.0, 27019.0, 27113.0, 27123.0, 27129.0, 27141.0, 27148.0, 27202.0, 27232.0, 27237.0, 27241.0, 27243.0, 27246.0, 27284.0, 27297.0, 27300.0, 27301.0, 27304.0, 27324.0, 27335.0, 27341.0, 27342.0, 27345.0, 27346.0, 28227.0, 28958.0, 28959.0, 28969.0, 28972.0, 28973.0, 28986.0, 28999.0, 29028.0, 29062.0, 29080.0, 29082.0, 29095.0, 29097.0, 29099.0, 29105.0, 29127.0, 29777.0, 29785.0, 29843.0, 29914.0, 29916.0, 29919.0, 29934.0, 29935.0, 29946.0, 29948.0, 29980.0, 29990.0, 29992.0, 29994.0, 30813.0, 30815.0, 30834.0, 30835.0, 30851.0, 50485.0, 50507.0, 50511.0, 50617.0, 50814.0, 50836.0, 50839.0, 50937.0, 51002.0, 51003.0, 51013.0, 51020.0, 51025.0, 51030.0, 51042.0, 51043.0, 51053.0, 51058.0, 51061.0, 51067.0, 51074.0, 51075.0, 51099.0, 51103.0, 51106.0, 51107.0, 51109.0, 51110.0, 51118.0, 51121.0, 51126.0, 51129.0, 51131.0, 51142.0, 51147.0, 51157.0, 51171.0, 51188.0, 51192.0, 51199.0, 51202.0, 51203.0, 51206.0, 51218.0, 51233.0, 51234.0, 51241.0, 51244.0, 51249.0, 51250.0, 51255.0, 51256.0, 51258.0, 51264.0, 51265.0, 51277.0, 51292.0, 51298.0, 51300.0, 51317.0, 51324.0, 51329.0, 51334.0, 51364.0, 51367.0, 51374.0, 51386.0, 51388.0, 51390.0, 51398.0, 51399.0, 51427.0, 51435.0, 51451.0, 51458.0, 51460.0, 51463.0, 51493.0, 51501.0, 51507.0, 51513.0, 51514.0, 51522.0, 51529.0, 51530.0, 51538.0, 51550.0, 51573.0, 51574.0, 51601.0, 51614.0, 51619.0, 51622.0, 51634.0, 51649.0, 51651.0, 51659.0, 51661.0, 51665.0, 51667.0, 51668.0, 51686.0, 51690.0, 51720.0, 51728.0, 51734.0, 51738.0, 51741.0, 51744.0, 51752.0, 51759.0, 51765.0, 51778.0, 51805.0, 53340.0, 53405.0, 53407.0, 53833.0, 53904.0, 53916.0, 53918.0, 53938.0, 54065.0, 54069.0, 54107.0, 54206.0, 54221.0, 54344.0, 54407.0, 54413.0, 54429.0, 54433.0, 54442.0, 54455.0, 54458.0, 54466.0, 54520.0, 54536.0, 54543.0, 54552.0, 54583.0, 54587.0, 54617.0, 54623.0, 54797.0, 54810.0, 54838.0, 54840.0, 54845.0, 54851.0, 54855.0, 54870.0, 54880.0, 54881.0, 54883.0, 54892.0, 54901.0, 54930.0, 54931.0, 54934.0, 54935.0, 54943.0, 54949.0, 54955.0, 54956.0, 54957.0, 54962.0, 54964.0, 54968.0, 54969.0, 54974.0, 54978.0, 54980.0, 54981.0, 54984.0, 54994.0, 55004.0, 55006.0, 55007.0, 55024.0, 55034.0, 55038.0, 55052.0, 55054.0, 55062.0, 55070.0, 55076.0, 55080.0, 55086.0, 55092.0, 55107.0, 55112.0, 55117.0, 55130.0, 55135.0, 55138.0, 55140.0, 55143.0, 55146.0, 55147.0, 55149.0, 55150.0, 55157.0, 55163.0, 55164.0, 55170.0, 55171.0, 55174.0, 55179.0, 55181.0, 55194.0, 55208.0, 55215.0, 55220.0, 55231.0, 55234.0, 55244.0, 55245.0, 55251.0, 55256.0, 55259.0, 55272.0, 55273.0, 55278.0, 55280.0, 55282.0, 55286.0, 55296.0, 55328.0, 55329.0, 55330.0, 55352.0, 55353.0, 55365.0, 55374.0, 55471.0, 55502.0, 55504.0, 55509.0, 55526.0, 55559.0, 55571.0, 55588.0, 55592.0, 55613.0, 55616.0, 55620.0, 55635.0, 55646.0, 55650.0, 55655.0, 55672.0, 55689.0, 55696.0, 55698.0, 55720.0, 55722.0, 55733.0, 55734.0, 55742.0, 55756.0, 55764.0, 55765.0, 55768.0, 55769.0, 55786.0, 55798.0, 55805.0, 55823.0, 55831.0, 55833.0, 55835.0, 55840.0, 55844.0, 55845.0, 55848.0, 55856.0, 55859.0, 55869.0, 55871.0, 55888.0, 55906.0, 55915.0, 55969.0, 55971.0, 55998.0, 56111.0, 56124.0, 56132.0, 56144.0, 56203.0, 56254.0, 56259.0, 56270.0, 56271.0, 56603.0, 56616.0, 56655.0, 56658.0, 56890.0, 56898.0, 56902.0, 56910.0, 56911.0, 56922.0, 56925.0, 56927.0, 56935.0, 56941.0, 56955.0, 56971.0, 56980.0, 56984.0, 56992.0, 57003.0, 57017.0, 57035.0, 57082.0, 57099.0, 57107.0, 57110.0, 57116.0, 57126.0, 57146.0, 57158.0, 57159.0, 57161.0, 57228.0, 57325.0, 57332.0, 57333.0, 57335.0, 57343.0, 57393.0, 57396.0, 57405.0, 57482.0, 57488.0, 57491.0, 57493.0, 57510.0, 57520.0, 57559.0, 57626.0, 57639.0, 57673.0, 57677.0, 57696.0, 57707.0, 57715.0, 57728.0, 57730.0, 57758.0, 57761.0, 57804.0, 57819.0, 57820.0, 57827.0, 57862.0, 58488.0, 58490.0, 58491.0, 58492.0, 58495.0, 58515.0, 58524.0, 58529.0, 58538.0, 59272.0, 59274.0, 59286.0, 59307.0, 59344.0, 59352.0, 60412.0, 60491.0, 60492.0, 60494.0, 60685.0, 63826.0, 63827.0, 63874.0, 63894.0, 63898.0, 63906.0, 63915.0, 63916.0, 63932.0, 63934.0, 63967.0, 63979.0, 64072.0, 64080.0, 64094.0, 64105.0, 64106.0, 64110.0, 64130.0, 64151.0, 64215.0, 64218.0, 64240.0, 64241.0, 64284.0, 64321.0, 64375.0, 64411.0, 64419.0, 64421.0, 64425.0, 64434.0, 64518.0, 64708.0, 64768.0, 64776.0, 64783.0, 64785.0, 64787.0, 64794.0, 64802.0, 64852.0, 64858.0, 64927.0, 64946.0, 64963.0, 64965.0, 64976.0, 64983.0, 65003.0, 65005.0, 65082.0, 65109.0, 65110.0, 65243.0, 65258.0, 65265.0, 65988.0, 65991.0, 65997.0, 66002.0, 78989.0, 78995.0, 78998.0, 79000.0, 79001.0, 79003.0, 79005.0, 79020.0, 79026.0, 79031.0, 79053.0, 79073.0, 79075.0, 79077.0, 79078.0, 79090.0, 79149.0, 79161.0, 79172.0, 79175.0, 79177.0, 79364.0, 79441.0, 79446.0, 79465.0, 79568.0, 79571.0, 79576.0, 79583.0, 79591.0, 79594.0, 79609.0, 79616.0, 79635.0, 79648.0, 79650.0, 79673.0, 79674.0, 79682.0, 79685.0, 79693.0, 79707.0, 79711.0, 79713.0, 79736.0, 79744.0, 79753.0, 79754.0, 79767.0, 79770.0, 79794.0, 79805.0, 79816.0, 79818.0, 79831.0, 79843.0, 79844.0, 79850.0, 79858.0, 79862.0, 79863.0, 79866.0, 79869.0, 79879.0, 79894.0, 79898.0, 79902.0, 79913.0, 79918.0, 79921.0, 79932.0, 79953.0, 79959.0, 79960.0, 79968.0, 79979.0, 79980.0, 79986.0, 79991.0, 80011.0, 80129.0, 80174.0, 80178.0, 80195.0, 80196.0, 80230.0, 80258.0, 80270.0, 80273.0, 80298.0, 80317.0, 80323.0, 80328.0, 80350.0, 80714.0, 80726.0, 80742.0, 80746.0, 80775.0, 80778.0, 80854.0, 80864.0, 80896.0, 81493.0, 81501.0, 81543.0, 81557.0, 81567.0, 81610.0, 81617.0, 81620.0, 81629.0, 81873.0, 83444.0, 83450.0, 83461.0, 83463.0, 83473.0, 83538.0, 83540.0, 83593.0, 83595.0, 83640.0, 83650.0, 83659.0, 83695.0, 83734.0, 83853.0, 83879.0, 83892.0, 83983.0, 83987.0, 84060.0, 84063.0, 84072.0, 84073.0, 84079.0, 84084.0, 84101.0, 84106.0, 84124.0, 84126.0, 84129.0, 84132.0, 84140.0, 84164.0, 84167.0, 84171.0, 84172.0, 84174.0, 84221.0, 84265.0, 84267.0, 84269.0, 84273.0, 84274.0, 84277.0, 84278.0, 84283.0, 84305.0, 84306.0, 84311.0, 84317.0, 84319.0, 84320.0, 84324.0, 84332.0, 84417.0, 84418.0, 84440.0, 84465.0, 84513.0, 84515.0, 84522.0, 84527.0, 84529.0, 84547.0, 84548.0, 84552.0, 84628.0, 84645.0, 84649.0, 84660.0, 84690.0, 84696.0, 84699.0, 84707.0, 84709.0, 84727.0, 84733.0, 84766.0, 84775.0, 84790.0, 84807.0, 84811.0, 84812.0, 84816.0, 84844.0, 84876.0, 84881.0, 84883.0, 84889.0, 84890.0, 84902.0, 84912.0, 84914.0, 84923.0, 84935.0, 84957.0, 84958.0, 84964.0, 84976.0, 84987.0, 84991.0, 84996.0, 85016.0, 85019.0, 85025.0, 85236.0, 85315.0, 85376.0, 85403.0, 85457.0, 85476.0, 87769.0, 89765.0, 89797.0, 89832.0, 89866.0, 89876.0, 89884.0, 89944.0, 89958.0, 90025.0, 90102.0, 90121.0, 90187.0, 90293.0, 90321.0, 90390.0, 90411.0, 90416.0, 90417.0, 90423.0, 90441.0, 90589.0, 90639.0, 90701.0, 90826.0, 91156.0, 91319.0, 91392.0, 91419.0, 91442.0, 91445.0, 91523.0, 91612.0, 91653.0, 91687.0, 91689.0, 91749.0, 91750.0, 91869.0, 91875.0, 91893.0, 91947.0, 91977.0, 92002.0, 92106.0, 92342.0, 92667.0, 93010.0, 93099.0, 93166.0, 93233.0, 93273.0, 93323.0, 93426.0, 93474.0, 93649.0, 93973.0, 93974.0, 94039.0, 94081.0, 94121.0, 94233.0, 112611.0, 112752.0, 112858.0, 112950.0, 112970.0, 113510.0, 113802.0, 113828.0, 113829.0, 114034.0, 114327.0, 114609.0, 114826.0, 114907.0, 114926.0, 114932.0, 114971.0, 115106.0, 115290.0, 115362.0, 115560.0, 115677.0, 115752.0, 115817.0, 116028.0, 116071.0, 116092.0, 116143.0, 116224.0, 116236.0, 116369.0, 116540.0, 116832.0, 117145.0, 117155.0, 117166.0, 117246.0, 117247.0, 118429.0, 118487.0, 118490.0, 118924.0, 118980.0, 119391.0, 120224.0, 120406.0, 120892.0, 121457.0, 121642.0, 121793.0, 122509.0, 122769.0, 123803.0, 123879.0, 124446.0, 124491.0, 124512.0, 124751.0, 124801.0, 124857.0, 124936.0, 124944.0, 124995.0, 125150.0, 125476.0, 125875.0, 125919.0, 126069.0, 126070.0, 126074.0, 126295.0, 126326.0, 126375.0, 126382.0, 126820.0, 126868.0, 126969.0, 127255.0, 127665.0, 127845.0, 128239.0, 128240.0, 128272.0, 128344.0, 128414.0, 128637.0, 128853.0, 129401.0, 129530.0, 129685.0, 129831.0, 130162.0, 130271.0, 130340.0, 130540.0, 130827.0, 130916.0, 130940.0, 130951.0, 131450.0, 131474.0, 131965.0, 132001.0, 132014.0, 132321.0, 132671.0, 132851.0, 133022.0, 134121.0, 134359.0, 134391.0, 134429.0, 134492.0, 135154.0, 136332.0, 136895.0, 138162.0, 138715.0, 139341.0, 140461.0, 140578.0, 140686.0, 140739.0, 140886.0, 143098.0, 143162.0, 144100.0, 144110.0, 144233.0, 144608.0, 144715.0, 145482.0, 145501.0, 145567.0, 145788.0, 145957.0, 146434.0, 146439.0, 147007.0, 147111.0, 147372.0, 147463.0, 147658.0, 147660.0, 147686.0, 147687.0, 147808.0, 147837.0, 147841.0, 147912.0, 148156.0, 148304.0, 148327.0, 148398.0, 148523.0, 148789.0, 149345.0, 149428.0, 149840.0, 150082.0, 150094.0, 150274.0, 150368.0, 150383.0, 150590.0, 150684.0, 150696.0, 150771.0, 151246.0, 151258.0, 151531.0, 151647.0, 151651.0, 152015.0, 152098.0, 152185.0, 152189.0, 152206.0, 152217.0, 152756.0, 152940.0, 153328.0, 153478.0, 153657.0, 153743.0, 154075.0, 154313.0, 154467.0, 154791.0, 154810.0, 154865.0, 155054.0, 155368.0, 157310.0, 157506.0, 157570.0, 157697.0, 157753.0, 157777.0, 158067.0, 158293.0, 158326.0, 158787.0, 158866.0, 159119.0, 159371.0, 159686.0, 160428.0, 161253.0, 161291.0, 161502.0, 161582.0, 161829.0, 162333.0, 162967.0, 162968.0, 162972.0, 162993.0, 163050.0, 163059.0, 163071.0, 163081.0, 163126.0, 163183.0, 163227.0, 163255.0, 163702.0, 164633.0, 164684.0, 164781.0, 165324.0, 165918.0, 166793.0, 166929.0, 167555.0, 167838.0, 168507.0, 168544.0, 169834.0, 169841.0, 170082.0, 170384.0, 171177.0, 196264.0, 196483.0, 196513.0, 196541.0, 196740.0, 196792.0, 196996.0, 197135.0, 197320.0, 197358.0, 197370.0, 199221.0, 199692.0, 199745.0, 199786.0, 199920.0, 200132.0, 200205.0, 200316.0, 200424.0, 200558.0, 200634.0, 200728.0, 200765.0, 200916.0, 201161.0, 201164.0, 201181.0, 201232.0, 201254.0, 201456.0, 201973.0, 202051.0, 202243.0, 203068.0, 203111.0, 203245.0, 204219.0, 207063.0, 219402.0, 219541.0, 219771.0, 219854.0, 219988.0, 220202.0, 220359.0, 220388.0, 220441.0, 220929.0, 220992.0, 221150.0, 221421.0, 221496.0, 221527.0, 222234.0, 222389.0, 222698.0, 225689.0, 245711.0, 246184.0, 246243.0, 252839.0, 252983.0, 253639.0, 253725.0, 253769.0, 253935.0, 254225.0, 254295.0, 254427.0, 254428.0, 254956.0, 255104.0, 255119.0, 255239.0, 255631.0, 255758.0, 256691.0, 256815.0, 256933.0, 257019.0, 257169.0, 257218.0, 257236.0, 260434.0, 283152.0, 283212.0, 283232.0, 283237.0, 283248.0, 283310.0, 283337.0, 283349.0, 283383.0, 283385.0, 283459.0, 283726.0, 283807.0, 283933.0, 284040.0, 284058.0, 284086.0, 284184.0, 284217.0, 284297.0, 284346.0, 284359.0, 284390.0, 284403.0, 284521.0, 284618.0, 285016.0, 285141.0, 285315.0, 285331.0, 285349.0, 285367.0, 285386.0, 285596.0, 285600.0, 286006.0, 286343.0, 317671.0, 317772.0, 337867.0, 338382.0, 339122.0, 339175.0, 339231.0, 339390.0, 339448.0, 339487.0, 339804.0, 339834.0, 340152.0, 340156.0, 340348.0, 340547.0, 340602.0, 340706.0, 340719.0, 341019.0, 342132.0, 342371.0, 342372.0, 342908.0, 342945.0, 342979.0, 343263.0, 343637.0, 344787.0, 345079.0, 345274.0, 345275.0, 345757.0, 347733.0, 348093.0, 348110.0, 348174.0, 349334.0, 353322.0, 353497.0, 373156.0, 374407.0, 374569.0, 374928.0, 374969.0, 375057.0, 375307.0, 375341.0, 375346.0, 375757.0, 375791.0, 377677.0, 378708.0, 378884.0, 386618.0, 387032.0, 387103.0, 387338.0, 387496.0, 387521.0, 387680.0, 388324.0, 388372.0, 388695.0, 388753.0, 388962.0, 389119.0, 389203.0, 389791.0, 389812.0, 391356.0, 399979.0, 400120.0, 400831.0, 401067.0, 401541.0, 401994.0, 402682.0, 403341.0, 404550.0, 404672.0, 408050.0, 414062.0, 415117.0, 440050.0, 440093.0, 440295.0, 440400.0, 440498.0, 440574.0, 441150.0, 441168.0, 441250.0, 441376.0, 441478.0, 441518.0, 445571.0, 445815.0, 474343.0, 474384.0, 493829.0, 493861.0, 494470.0, 497661.0, 541466.0, 552900.0, 554249.0, 642597.0, 643394.0, 644815.0, 647087.0, 647309.0, 652968.0, 653140.0, 653247.0, 653604.0, 654231.0, 654483.0, 728047.0, 728116.0, 728340.0, 728492.0, 728568.0, 729025.0, 729238.0, 729475.0, 729533.0, 751071.0, 100048912.0, 100128927.0, 100129583.0, 100129792.0, 100130086.0, 100131997.0, 100132074.0, 100133941.0, 100137047.0, 100287171.0, 100289187.0, 100505879.0, 100506164.0, 100529215.0, 100820829.0, 101059938.0, 101060321.0, 101928527.0, 101928601.0, 102724023.0, 102724428.0, 102724560.0, 102724594.0, 107080638.0, 111240474.0, 118142757.0 
GO:0016491 MF 5.73e-05 38/5238   112/29107 D02 oxidoreductase activity                  316.0, 1534.0, 1543.0, 1565.0, 1571.0, 1577.0, 1595.0, 1638.0, 1757.0, 2157.0, 2232.0, 4835.0, 6307.0, 7306.0, 9446.0, 10954.0, 11068.0, 23028.0, 25974.0, 51097.0, 51741.0, 55066.0, 55256.0, 55711.0, 56603.0, 56948.0, 83592.0, 84816.0, 92106.0, 115817.0, 119391.0, 207063.0, 285362.0, 317749.0, 340665.0, 387521.0, 399671.0, 728635.0 
GO:0000978 MF 1.24e-04 263/5238  1178/29107 D09 RNA polymerase II cis-regulatory region sequence-specific DNA binding 367.0, 405.0, 466.0, 468.0, 639.0, 687.0, 1390.0, 1628.0, 1746.0, 1750.0, 1869.0, 1876.0, 2099.0, 2100.0, 2118.0, 2146.0, 2297.0, 2298.0, 2300.0, 2354.0, 2649.0, 2736.0, 3015.0, 3020.0, 3164.0, 3172.0, 3175.0, 3642.0, 3727.0, 4223.0, 4520.0, 4582.0, 4602.0, 4610.0, 4661.0, 4692.0, 4775.0, 4802.0, 4807.0, 4824.0, 4899.0, 4901.0, 5090.0, 5325.0, 5396.0, 5455.0, 6591.0, 6615.0, 6659.0, 6668.0, 6777.0, 6932.0, 6940.0, 6945.0, 7005.0, 7549.0, 7554.0, 7564.0, 7565.0, 7566.0, 7571.0, 7580.0, 7589.0, 7592.0, 7596.0, 7626.0, 7638.0, 7652.0, 7691.0, 7693.0, 7702.0, 7704.0, 7711.0, 7712.0, 7718.0, 7727.0, 7728.0, 7741.0, 7743.0, 7746.0, 7757.0, 7766.0, 7770.0, 7771.0, 7772.0, 7773.0, 7775.0, 7776.0, 7849.0, 8462.0, 9242.0, 9310.0, 9572.0, 9880.0, 9967.0, 10127.0, 10172.0, 10520.0, 10664.0, 10691.0, 10780.0, 10838.0, 11023.0, 11108.0, 22806.0, 23269.0, 26149.0, 26298.0, 26508.0, 26974.0, 27300.0, 27319.0, 28999.0, 29842.0, 30832.0, 51043.0, 51058.0, 51157.0, 51427.0, 54345.0, 54807.0, 54811.0, 54937.0, 55422.0, 55502.0, 55509.0, 55659.0, 55769.0, 55786.0, 55888.0, 55893.0, 57116.0, 57232.0, 57335.0, 57343.0, 57615.0, 57677.0, 58491.0, 58495.0, 58500.0, 58524.0, 63934.0, 63977.0, 64321.0, 64344.0, 64375.0, 79149.0, 79744.0, 79788.0, 79818.0, 79898.0, 80317.0, 80714.0, 80778.0, 83439.0, 83463.0, 83595.0, 83744.0, 84107.0, 84124.0, 84436.0, 84547.0, 84622.0, 84684.0, 84699.0, 84775.0, 84874.0, 84914.0, 85508.0, 90075.0, 90333.0, 90649.0, 91392.0, 91664.0, 93134.0, 93474.0, 112950.0, 113835.0, 115509.0, 115560.0, 116071.0, 124535.0, 125893.0, 125919.0, 126231.0, 126375.0, 127665.0, 145873.0, 146050.0, 146434.0, 147658.0, 147660.0, 147686.0, 147687.0, 147808.0, 147912.0, 148206.0, 148327.0, 148523.0, 157848.0, 158431.0, 159119.0, 162962.0, 162967.0, 162968.0, 163050.0, 163071.0, 163081.0, 163227.0, 163255.0, 166793.0, 168544.0, 169834.0, 170958.0, 201514.0, 220202.0, 220929.0, 220992.0, 221527.0, 252884.0, 255403.0, 283337.0, 284346.0, 284390.0, 285349.0, 285676.0, 339488.0, 342132.0, 342909.0, 342926.0, 342945.0, 344787.0, 345462.0, 349075.0, 349334.0, 353274.0, 374928.0, 387032.0, 388523.0, 388536.0, 388559.0, 388561.0, 389114.0, 390010.0, 390598.0, 390980.0, 400713.0, 403341.0, 404281.0, 440519.0, 442319.0, 642280.0, 646915.0, 654254.0, 729288.0, 730087.0, 731220.0, 100128927.0, 100129543.0, 100130086.0, 100132074.0, 100506164.0, 110116772.0 
GO:0005549 MF 2.17e-06  2/5238   110/29107 D02 odorant binding                          4993.0, 401994.0 
GO:0004984 MF 2.73e-06 18/5238   399/29107 D04 olfactory receptor activity              4992.0, 4993.0, 4995.0, 8590.0, 26245.0, 26246.0, 81466.0, 120776.0, 127059.0, 127062.0, 138799.0, 284521.0, 338755.0, 343171.0, 391190.0, 391191.0, 391192.0, 401994.0 
GO:1903231 MF 3.23e-06 13/5238   253/29107 D06 mRNA binding involved in posttranscriptional gene silencing 406911.0, 406924.0, 406929.0, 407019.0, 407029.0, 407975.0, 574444.0, 693121.0, 693175.0, 693229.0, 100126317.0, 100423036.0, 100500828.0 
GO:0004930 MF 4.16e-06 73/5238   683/29107 D04 G protein-coupled receptor activity      146.0, 151.0, 153.0, 552.0, 624.0, 1813.0, 2150.0, 2535.0, 2830.0, 2844.0, 2846.0, 2863.0, 3062.0, 4160.0, 4923.0, 4987.0, 4988.0, 4992.0, 4993.0, 4995.0, 5021.0, 5995.0, 6010.0, 6608.0, 6754.0, 7852.0, 8322.0, 8324.0, 8326.0, 8590.0, 9170.0, 9289.0, 9290.0, 9294.0, 9620.0, 10692.0, 11250.0, 23432.0, 23596.0, 26245.0, 26246.0, 27202.0, 50835.0, 50836.0, 50837.0, 50838.0, 50839.0, 51289.0, 54429.0, 55890.0, 64106.0, 80045.0, 81466.0, 115330.0, 120776.0, 127059.0, 127062.0, 134391.0, 138799.0, 259289.0, 259291.0, 259292.0, 259296.0, 283383.0, 284521.0, 285601.0, 338755.0, 343171.0, 391190.0, 391191.0, 391192.0, 401994.0, 440435.0 
