GO:0006886 BP 7.35e-07  20/567   280/29107 D06 intracellular protein transport          373.0, 400.0, 1176.0, 4869.0, 8774.0, 9364.0, 10484.0, 10490.0, 10569.0, 10959.0, 22931.0, 23161.0, 25782.0, 26225.0, 29887.0, 51699.0, 51715.0, 55973.0, 56681.0, 221079.0 
GO:0016567 BP 7.38e-07  28/567   471/29107 D09 protein ubiquitination                   331.0, 373.0, 7334.0, 7336.0, 8065.0, 8139.0, 9412.0, 9655.0, 9867.0, 10001.0, 10116.0, 23008.0, 26260.0, 26273.0, 51132.0, 53339.0, 55148.0, 55632.0, 55832.0, 55958.0, 57092.0, 57531.0, 57534.0, 57563.0, 64839.0, 80311.0, 122809.0, 200933.0 
GO:0032436 BP 2.19e-06  10/567    76/29107 D11 positive regulation of proteasomal ubiquitin-dependent protein catabolic process 6613.0, 7336.0, 7341.0, 8554.0, 9655.0, 55212.0, 79699.0, 122809.0, 154214.0, 285671.0 
GO:0006511 BP 2.61e-06  18/567   252/29107 D08 ubiquitin-dependent protein catabolic process 5684.0, 6921.0, 7267.0, 7334.0, 9101.0, 9958.0, 26269.0, 26994.0, 29761.0, 51132.0, 54542.0, 57531.0, 57534.0, 57563.0, 80311.0, 85015.0, 154214.0, 200933.0 
GO:0007049 BP 6.60e-06  19/567   296/29107 D02 cell cycle                               2079.0, 2908.0, 5289.0, 5500.0, 6197.0, 6990.0, 9937.0, 9994.0, 10668.0, 25847.0, 25909.0, 28985.0, 51143.0, 55958.0, 57092.0, 57531.0, 79723.0, 84897.0, 205564.0 
GO:0005794 CC 1.54e-06  50/567   988/29107 D05 Golgi apparatus                          400.0, 688.0, 1176.0, 2181.0, 2776.0, 2804.0, 4925.0, 5527.0, 5563.0, 5862.0, 7267.0, 7707.0, 8674.0, 9213.0, 9321.0, 9375.0, 9581.0, 9648.0, 9832.0, 10490.0, 10959.0, 22871.0, 22930.0, 22931.0, 23271.0, 25843.0, 26511.0, 51062.0, 51201.0, 51290.0, 55632.0, 55681.0, 55754.0, 55832.0, 56681.0, 56900.0, 60592.0, 64801.0, 65977.0, 79876.0, 84333.0, 84541.0, 92344.0, 93380.0, 94056.0, 152559.0, 153339.0, 201475.0, 340481.0, 730094.0 
GO:0005739 CC 1.55e-06  64/567  1305/29107 D05 mitochondrion                            515.0, 586.0, 664.0, 2230.0, 2710.0, 4199.0, 4711.0, 4712.0, 4719.0, 4976.0, 5203.0, 5515.0, 5599.0, 5601.0, 5728.0, 6391.0, 6782.0, 7019.0, 7419.0, 8774.0, 8803.0, 9167.0, 9529.0, 9804.0, 9868.0, 9958.0, 9994.0, 10128.0, 10730.0, 10935.0, 22868.0, 26278.0, 27069.0, 28977.0, 29078.0, 50640.0, 51108.0, 51503.0, 51650.0, 54205.0, 54332.0, 55173.0, 55312.0, 55333.0, 55335.0, 55847.0, 55967.0, 56993.0, 57380.0, 60558.0, 80219.0, 81034.0, 81689.0, 83693.0, 85865.0, 91137.0, 92259.0, 125228.0, 142940.0, 152926.0, 201626.0, 205327.0, 282991.0, 493753.0 
GO:0005743 CC 1.64e-06  24/567   404/29107 D05 mitochondrial inner membrane             515.0, 1349.0, 4711.0, 4712.0, 4976.0, 6391.0, 7381.0, 9167.0, 10730.0, 28977.0, 29078.0, 51023.0, 51650.0, 54205.0, 55173.0, 55967.0, 55972.0, 57380.0, 60558.0, 65008.0, 80219.0, 81034.0, 92259.0, 286097.0 
GO:0005813 CC 2.12e-06  28/567   528/29107 D03 centrosome                               805.0, 4869.0, 5324.0, 5567.0, 10286.0, 11051.0, 11127.0, 23172.0, 23271.0, 26586.0, 29789.0, 29887.0, 51143.0, 51382.0, 51715.0, 55212.0, 57534.0, 57606.0, 80321.0, 84056.0, 84333.0, 85459.0, 123811.0, 151987.0, 204851.0, 205564.0, 440145.0, 102157402.0 
GO:0016607 CC 2.21e-06  24/567   411/29107 D03 nuclear speck                            1859.0, 2908.0, 3091.0, 4338.0, 4869.0, 5324.0, 5563.0, 7341.0, 8204.0, 8554.0, 9321.0, 9360.0, 10286.0, 10569.0, 10929.0, 11052.0, 29883.0, 51138.0, 51503.0, 57703.0, 79882.0, 80145.0, 204851.0, 102157402.0 
GO:0005789 CC 2.34e-06  43/567   973/29107 D04 endoplasmic reticulum membrane           2181.0, 4189.0, 5862.0, 6009.0, 6309.0, 9218.0, 9554.0, 9867.0, 10159.0, 10479.0, 10484.0, 10490.0, 10959.0, 22930.0, 22931.0, 23204.0, 23507.0, 25782.0, 28978.0, 30001.0, 50640.0, 51062.0, 51201.0, 51290.0, 51465.0, 51714.0, 54495.0, 55973.0, 56180.0, 56648.0, 57515.0, 57665.0, 60559.0, 64801.0, 79876.0, 79982.0, 80856.0, 84920.0, 114882.0, 116150.0, 163590.0, 203547.0, 286144.0 
GO:0016020 CC 2.55e-06  78/567  2120/29107 D02 membrane                                 515.0, 805.0, 830.0, 1965.0, 2181.0, 2804.0, 3188.0, 4869.0, 4976.0, 5194.0, 5289.0, 5290.0, 5295.0, 5494.0, 5515.0, 5707.0, 6009.0, 6124.0, 6309.0, 7095.0, 7357.0, 7419.0, 9107.0, 9375.0, 9474.0, 9497.0, 9529.0, 9530.0, 9648.0, 9716.0, 9868.0, 10001.0, 10128.0, 10569.0, 10730.0, 11052.0, 11056.0, 22800.0, 23012.0, 23204.0, 23592.0, 27067.0, 29789.0, 29883.0, 30001.0, 50640.0, 51143.0, 51290.0, 51382.0, 54332.0, 54542.0, 54557.0, 55212.0, 55266.0, 55754.0, 55832.0, 55973.0, 56993.0, 57515.0, 57665.0, 65062.0, 65977.0, 66036.0, 79009.0, 79572.0, 79982.0, 80777.0, 81614.0, 84162.0, 84945.0, 90693.0, 92255.0, 92906.0, 93380.0, 114882.0, 115294.0, 163590.0, 102157402.0 
GO:0005654 CC 2.80e-06 163/567  3805/29107 D02 nucleoplasm                              331.0, 515.0, 546.0, 664.0, 688.0, 1386.0, 1859.0, 1894.0, 2739.0, 2908.0, 2957.0, 2960.0, 3091.0, 3188.0, 3841.0, 4205.0, 4289.0, 4338.0, 4711.0, 4712.0, 4869.0, 4976.0, 5324.0, 5440.0, 5494.0, 5500.0, 5527.0, 5563.0, 5567.0, 5584.0, 5599.0, 5601.0, 5684.0, 5707.0, 5711.0, 5728.0, 5775.0, 5814.0, 5887.0, 5926.0, 6197.0, 6498.0, 6594.0, 6613.0, 6671.0, 6880.0, 6884.0, 6921.0, 7267.0, 7295.0, 7334.0, 7336.0, 7341.0, 7690.0, 7707.0, 8204.0, 8445.0, 8505.0, 8554.0, 8732.0, 9014.0, 9194.0, 9318.0, 9321.0, 9360.0, 9575.0, 9648.0, 9716.0, 9937.0, 9975.0, 9994.0, 10001.0, 10009.0, 10054.0, 10116.0, 10128.0, 10137.0, 10138.0, 10286.0, 10499.0, 10569.0, 10668.0, 10762.0, 10920.0, 10927.0, 10929.0, 11051.0, 11052.0, 11056.0, 11168.0, 11244.0, 22826.0, 22841.0, 22916.0, 23008.0, 23253.0, 23379.0, 25842.0, 25909.0, 26273.0, 26747.0, 29110.0, 51132.0, 51138.0, 51187.0, 51503.0, 51562.0, 51575.0, 51639.0, 51773.0, 53339.0, 54468.0, 54629.0, 54764.0, 54951.0, 55197.0, 55284.0, 55832.0, 56907.0, 57092.0, 57132.0, 57563.0, 57665.0, 57703.0, 60592.0, 64121.0, 64168.0, 64393.0, 64426.0, 64769.0, 64839.0, 65986.0, 79074.0, 79647.0, 79718.0, 79723.0, 80013.0, 80145.0, 80205.0, 80818.0, 80856.0, 84333.0, 84897.0, 85015.0, 92344.0, 92597.0, 94056.0, 96764.0, 123811.0, 133746.0, 134430.0, 135293.0, 149420.0, 151987.0, 153222.0, 167227.0, 201931.0, 204851.0, 205564.0, 221037.0, 253430.0, 401466.0, 102157402.0 
GO:0005737 CC 3.48e-06 153/567  4681/29107 D02 cytoplasm                                52.0, 92.0, 331.0, 373.0, 400.0, 664.0, 805.0, 901.0, 1121.0, 1386.0, 1456.0, 1859.0, 1894.0, 1964.0, 1977.0, 1983.0, 2739.0, 2776.0, 2908.0, 3091.0, 4189.0, 4289.0, 4591.0, 4677.0, 4690.0, 4869.0, 4976.0, 5110.0, 5203.0, 5217.0, 5289.0, 5290.0, 5295.0, 5500.0, 5569.0, 5599.0, 5601.0, 5684.0, 5728.0, 5775.0, 6124.0, 6146.0, 6197.0, 6782.0, 6990.0, 7163.0, 7295.0, 7334.0, 7336.0, 8139.0, 8445.0, 8505.0, 9101.0, 9107.0, 9213.0, 9318.0, 9352.0, 9360.0, 9364.0, 9474.0, 9529.0, 9530.0, 9805.0, 9867.0, 9908.0, 9958.0, 9975.0, 9994.0, 10054.0, 10116.0, 10499.0, 10569.0, 10640.0, 10929.0, 10935.0, 10988.0, 11051.0, 11052.0, 22911.0, 22916.0, 23008.0, 23012.0, 23172.0, 23507.0, 23635.0, 25843.0, 26225.0, 26258.0, 26260.0, 26278.0, 29110.0, 29789.0, 29883.0, 51132.0, 51290.0, 51582.0, 51715.0, 54468.0, 54499.0, 54764.0, 55103.0, 55109.0, 55148.0, 55312.0, 55327.0, 55832.0, 56180.0, 57531.0, 57534.0, 60682.0, 64121.0, 64168.0, 64839.0, 65267.0, 66036.0, 79752.0, 79876.0, 79882.0, 79884.0, 80145.0, 80218.0, 80315.0, 81689.0, 83939.0, 84056.0, 84259.0, 85015.0, 85459.0, 89890.0, 90355.0, 92181.0, 92344.0, 92597.0, 96764.0, 115294.0, 122830.0, 123811.0, 125228.0, 132789.0, 133746.0, 136319.0, 151987.0, 154214.0, 157657.0, 167227.0, 204851.0, 221079.0, 221302.0, 246175.0, 253430.0, 255919.0, 345778.0, 102157402.0 
GO:0005634 CC 3.94e-06 206/567  5368/29107 D05 nucleus                                  331.0, 373.0, 515.0, 546.0, 664.0, 689.0, 805.0, 901.0, 1121.0, 1386.0, 1456.0, 1859.0, 1894.0, 1965.0, 1977.0, 2079.0, 2908.0, 2960.0, 3091.0, 3188.0, 3841.0, 4205.0, 4690.0, 4869.0, 5203.0, 5295.0, 5378.0, 5440.0, 5494.0, 5500.0, 5515.0, 5527.0, 5563.0, 5567.0, 5569.0, 5584.0, 5599.0, 5601.0, 5684.0, 5707.0, 5728.0, 5814.0, 5862.0, 5887.0, 5926.0, 6018.0, 6124.0, 6146.0, 6498.0, 6594.0, 6613.0, 6880.0, 6925.0, 6990.0, 7019.0, 7267.0, 7295.0, 7334.0, 7336.0, 7341.0, 7419.0, 7644.0, 7675.0, 7697.0, 8204.0, 8445.0, 8505.0, 8554.0, 8732.0, 9014.0, 9101.0, 9204.0, 9352.0, 9360.0, 9529.0, 9530.0, 9575.0, 9581.0, 9716.0, 9805.0, 9958.0, 9975.0, 9991.0, 9994.0, 10001.0, 10009.0, 10116.0, 10128.0, 10138.0, 10168.0, 10286.0, 10499.0, 10569.0, 10920.0, 10927.0, 11051.0, 11052.0, 11168.0, 11244.0, 22826.0, 22916.0, 23172.0, 23635.0, 25842.0, 25909.0, 26260.0, 26278.0, 26747.0, 26994.0, 27430.0, 29761.0, 29883.0, 29887.0, 51028.0, 51132.0, 51138.0, 51290.0, 51465.0, 51503.0, 51582.0, 51639.0, 51773.0, 54205.0, 54332.0, 54665.0, 54764.0, 55212.0, 55279.0, 55284.0, 55632.0, 55832.0, 55900.0, 56180.0, 57092.0, 57209.0, 57531.0, 57665.0, 57703.0, 64121.0, 64426.0, 64839.0, 65986.0, 79074.0, 79646.0, 79647.0, 79718.0, 79723.0, 79876.0, 79882.0, 80145.0, 80218.0, 80311.0, 80315.0, 83448.0, 83989.0, 84056.0, 84162.0, 84259.0, 84333.0, 84437.0, 84450.0, 84612.0, 84792.0, 84897.0, 84924.0, 85015.0, 89890.0, 90843.0, 92283.0, 92597.0, 92906.0, 94239.0, 96764.0, 112942.0, 122830.0, 132789.0, 133746.0, 136319.0, 138199.0, 139324.0, 142940.0, 147947.0, 148213.0, 148266.0, 148268.0, 149420.0, 151987.0, 153222.0, 162239.0, 162655.0, 163131.0, 199777.0, 204851.0, 205564.0, 221302.0, 221336.0, 222194.0, 246175.0, 253430.0, 266812.0, 284309.0, 340252.0, 360023.0, 400720.0, 102157402.0, 110354863.0 
GO:0005829 CC 4.56e-06 220/567  5295/29107 D02 cytosol                                  52.0, 331.0, 400.0, 586.0, 689.0, 830.0, 1121.0, 1894.0, 1964.0, 1965.0, 1977.0, 1983.0, 2098.0, 2673.0, 2710.0, 2730.0, 2739.0, 2804.0, 2908.0, 2957.0, 2960.0, 3091.0, 3188.0, 3267.0, 3841.0, 4199.0, 4205.0, 4289.0, 4338.0, 4591.0, 4677.0, 4690.0, 4869.0, 4925.0, 4976.0, 5110.0, 5194.0, 5203.0, 5257.0, 5289.0, 5290.0, 5295.0, 5324.0, 5440.0, 5471.0, 5494.0, 5500.0, 5515.0, 5527.0, 5563.0, 5567.0, 5584.0, 5599.0, 5601.0, 5684.0, 5707.0, 5711.0, 5728.0, 5775.0, 5862.0, 5867.0, 5876.0, 5887.0, 5911.0, 5926.0, 6009.0, 6124.0, 6146.0, 6170.0, 6197.0, 6671.0, 6726.0, 6921.0, 7019.0, 7170.0, 7172.0, 7267.0, 7295.0, 7334.0, 7341.0, 8065.0, 8139.0, 8204.0, 8445.0, 8505.0, 9101.0, 9107.0, 9218.0, 9318.0, 9352.0, 9360.0, 9474.0, 9529.0, 9530.0, 9575.0, 9581.0, 9648.0, 9655.0, 9908.0, 9958.0, 10009.0, 10116.0, 10138.0, 10480.0, 10484.0, 10490.0, 10569.0, 10640.0, 10787.0, 10920.0, 10927.0, 10929.0, 10935.0, 10988.0, 11127.0, 11168.0, 22826.0, 22916.0, 22930.0, 22931.0, 23012.0, 23074.0, 23172.0, 23253.0, 23271.0, 25782.0, 25909.0, 26258.0, 26273.0, 26586.0, 27430.0, 28512.0, 28985.0, 29110.0, 29761.0, 29789.0, 29883.0, 51028.0, 51132.0, 51138.0, 51143.0, 51382.0, 51562.0, 51582.0, 51699.0, 51715.0, 53339.0, 54205.0, 54332.0, 54468.0, 54629.0, 54764.0, 54951.0, 55212.0, 55270.0, 55312.0, 55605.0, 55632.0, 55728.0, 55832.0, 55958.0, 55967.0, 56648.0, 56907.0, 57132.0, 57534.0, 57606.0, 57665.0, 57703.0, 60496.0, 60592.0, 64121.0, 64168.0, 64426.0, 64839.0, 65267.0, 65977.0, 66036.0, 79646.0, 79657.0, 79876.0, 80145.0, 80205.0, 80218.0, 80321.0, 80818.0, 84541.0, 84612.0, 84817.0, 85459.0, 89890.0, 92344.0, 92597.0, 94056.0, 96764.0, 114882.0, 119710.0, 122553.0, 122830.0, 123228.0, 124808.0, 132789.0, 136319.0, 138199.0, 142940.0, 154214.0, 157657.0, 167227.0, 201475.0, 201626.0, 204851.0, 205564.0, 246175.0, 255919.0, 261726.0, 285172.0, 317649.0, 401466.0, 440145.0, 102157402.0 
GO:0005783 CC 5.20e-06  43/567  1040/29107 D05 endoplasmic reticulum                    664.0, 2181.0, 4189.0, 4690.0, 4925.0, 6782.0, 7095.0, 7163.0, 9107.0, 9218.0, 10668.0, 10959.0, 11320.0, 22800.0, 27067.0, 28512.0, 29761.0, 29887.0, 30001.0, 51062.0, 51108.0, 51201.0, 51290.0, 51669.0, 51714.0, 54495.0, 54499.0, 55754.0, 57531.0, 57665.0, 60526.0, 60559.0, 66036.0, 79982.0, 80315.0, 80856.0, 83989.0, 84920.0, 122553.0, 148534.0, 160418.0, 163590.0, 340481.0 
GO:0000139 CC 5.55e-06  29/567   587/29107 D05 Golgi membrane                           373.0, 2804.0, 5584.0, 5862.0, 6009.0, 7357.0, 8674.0, 9321.0, 9554.0, 9867.0, 10484.0, 10959.0, 11320.0, 22800.0, 27314.0, 51062.0, 51201.0, 54499.0, 56180.0, 56900.0, 57511.0, 57531.0, 60592.0, 65977.0, 93380.0, 152559.0, 153339.0, 201475.0, 340481.0 
GO:0000151 CC 9.54e-06  11/567   109/29107 D04 ubiquitin ligase complex                 4289.0, 7334.0, 8445.0, 9412.0, 10001.0, 26260.0, 26269.0, 26994.0, 55832.0, 84259.0, 154214.0 
GO:1904115 CC 2.98e-05   8/567    63/29107 D06 axon cytoplasm                           1176.0, 3091.0, 4976.0, 5874.0, 11127.0, 26258.0, 79882.0, 282991.0 
GO:0055038 CC 6.04e-05   9/567    89/29107 D07 recycling endosome membrane              5867.0, 5911.0, 9522.0, 10479.0, 10490.0, 22841.0, 51201.0, 79572.0, 201475.0 
GO:0031307 CC 6.93e-05   5/567    23/29107 D06 integral component of mitochondrial outer membrane 664.0, 9804.0, 54332.0, 55333.0, 56907.0 
GO:0005763 CC 1.87e-04   5/567    28/29107 D06 mitochondrial small ribosomal subunit    28977.0, 51023.0, 51650.0, 55173.0, 92259.0 
GO:0031965 CC 2.11e-04  14/567   233/29107 D04 nuclear membrane                         2776.0, 7341.0, 9218.0, 9805.0, 10762.0, 10927.0, 23592.0, 25909.0, 79647.0, 79982.0, 80013.0, 114882.0, 163590.0, 255919.0 
GO:0071782 CC 2.15e-04   4/567    16/29107 D04 endoplasmic reticulum tubular network    22930.0, 22931.0, 51062.0, 80856.0 
GO:1990904 CC 2.15e-04  11/567   153/29107 D02 ribonucleoprotein complex                1859.0, 3188.0, 4869.0, 6124.0, 6146.0, 8445.0, 9908.0, 10128.0, 10137.0, 11052.0, 79882.0 
GO:0005741 CC 2.29e-04  12/567   180/29107 D06 mitochondrial outer membrane             664.0, 1386.0, 2181.0, 2710.0, 4976.0, 7419.0, 9804.0, 9868.0, 55847.0, 56993.0, 80777.0, 91137.0 
GO:0031372 CC 3.79e-04   2/567     2/29107 D05 UBC13-MMS2 complex                       7334.0, 7336.0 
GO:0005742 CC 5.66e-04   3/567     9/29107 D04 mitochondrial outer membrane translocase complex 9804.0, 9868.0, 56993.0 
GO:0031463 CC 6.31e-04   5/567    36/29107 D06 Cul3-RING ubiquitin ligase complex       8139.0, 55958.0, 57563.0, 84541.0, 89890.0 
GO:0005793 CC 7.60e-04   7/567    77/29107 D05 endoplasmic reticulum-Golgi intermediate compartment 2804.0, 4925.0, 9107.0, 9321.0, 9554.0, 10959.0, 11320.0 
GO:0005942 CC 7.88e-04   4/567    22/29107 D05 phosphatidylinositol 3-kinase complex    5290.0, 5295.0, 9655.0, 122809.0 
GO:0043231 CC 8.71e-04  31/567   846/29107 D04 intracellular membrane-bounded organelle 688.0, 1176.0, 3267.0, 6594.0, 6782.0, 8505.0, 9135.0, 9360.0, 9575.0, 10479.0, 10490.0, 10569.0, 10668.0, 10959.0, 22841.0, 26511.0, 27314.0, 29110.0, 30001.0, 51290.0, 51699.0, 54542.0, 54764.0, 55632.0, 56648.0, 64121.0, 79876.0, 80777.0, 83693.0, 84549.0, 114882.0 
GO:0005615 CC 1.84e-06   5/567  1693/29107 D02 extracellular space                      4925.0, 6170.0, 51575.0, 83939.0, 96764.0 
GO:0005576 CC 3.21e-06  11/567  1854/29107 D02 extracellular region                     830.0, 5707.0, 5728.0, 7295.0, 10490.0, 29789.0, 55109.0, 55832.0, 90693.0, 205327.0, 387263.0 
GO:0005887 CC 6.18e-05   9/567  1403/29107 D04 integral component of plasma membrane    92.0, 961.0, 9194.0, 9375.0, 22871.0, 23507.0, 51201.0, 64327.0, 131566.0 
GO:0019003 MF 1.92e-07  12/567    74/29107 D08 GDP binding                              373.0, 5862.0, 5867.0, 5874.0, 5911.0, 6009.0, 9364.0, 22800.0, 22931.0, 51143.0, 64121.0, 201475.0 
GO:0005525 MF 3.98e-07  26/567   373/29107 D08 GTP binding                              373.0, 400.0, 1983.0, 2776.0, 4976.0, 5862.0, 5867.0, 5874.0, 5911.0, 6009.0, 8732.0, 9364.0, 22800.0, 22931.0, 26225.0, 27314.0, 28512.0, 29789.0, 51062.0, 51715.0, 56681.0, 60558.0, 64121.0, 85865.0, 201475.0, 221079.0 
GO:0003743 MF 5.57e-07   9/567    51/29107 D06 translation initiation factor activity   1964.0, 1965.0, 1977.0, 1983.0, 8562.0, 10480.0, 28985.0, 83939.0, 317649.0 
GO:0003924 MF 5.73e-07  23/567   327/29107 D07 GTPase activity                          373.0, 400.0, 2776.0, 4976.0, 5862.0, 5867.0, 5874.0, 5911.0, 6009.0, 9364.0, 22800.0, 22931.0, 26225.0, 27314.0, 28512.0, 51062.0, 51715.0, 56681.0, 60558.0, 64121.0, 85865.0, 201475.0, 221079.0 
GO:0046872 MF 1.84e-06  94/567  2297/29107 D04 metal ion binding                        92.0, 331.0, 400.0, 546.0, 657.0, 688.0, 1386.0, 2776.0, 2960.0, 3267.0, 4719.0, 5324.0, 5471.0, 5500.0, 5515.0, 5563.0, 5584.0, 6018.0, 6391.0, 6671.0, 7267.0, 7675.0, 7690.0, 7697.0, 7707.0, 9014.0, 9678.0, 9867.0, 9937.0, 10009.0, 10138.0, 10168.0, 10668.0, 10730.0, 10988.0, 11244.0, 11320.0, 25843.0, 26747.0, 29789.0, 29883.0, 51101.0, 51105.0, 51132.0, 51699.0, 51773.0, 54205.0, 54542.0, 54665.0, 54764.0, 55270.0, 55279.0, 55312.0, 55632.0, 55847.0, 55900.0, 57209.0, 60682.0, 65986.0, 79572.0, 79882.0, 80315.0, 80777.0, 80818.0, 80856.0, 81689.0, 84333.0, 84450.0, 84924.0, 92283.0, 92597.0, 116150.0, 147947.0, 148213.0, 148266.0, 148268.0, 152926.0, 154214.0, 162239.0, 162655.0, 163131.0, 199777.0, 201626.0, 221037.0, 221302.0, 222194.0, 246175.0, 253430.0, 284309.0, 285671.0, 340252.0, 360023.0, 400720.0, 110354863.0 
GO:0003723 MF 1.93e-06  59/567  1388/29107 D04 RNA binding                              689.0, 1964.0, 1965.0, 1977.0, 1983.0, 2079.0, 2804.0, 2908.0, 3188.0, 3267.0, 4869.0, 5814.0, 6124.0, 6146.0, 6170.0, 6613.0, 6726.0, 7019.0, 7295.0, 7334.0, 7341.0, 9360.0, 9530.0, 9716.0, 9908.0, 9991.0, 10128.0, 10137.0, 10929.0, 10988.0, 11051.0, 11052.0, 11056.0, 11168.0, 22868.0, 22916.0, 26747.0, 27067.0, 28977.0, 29883.0, 51143.0, 51503.0, 51575.0, 51639.0, 54542.0, 57703.0, 64393.0, 65008.0, 79009.0, 79882.0, 80145.0, 80315.0, 83448.0, 84294.0, 84549.0, 85865.0, 92906.0, 134430.0, 142940.0 
GO:0005515 MF 5.18e-06 426/567 12418/29107 D02 protein binding                          52.0, 92.0, 331.0, 373.0, 400.0, 515.0, 546.0, 657.0, 664.0, 688.0, 689.0, 805.0, 830.0, 961.0, 1121.0, 1176.0, 1349.0, 1386.0, 1859.0, 1894.0, 1964.0, 1965.0, 1977.0, 1983.0, 2079.0, 2098.0, 2181.0, 2710.0, 2730.0, 2739.0, 2776.0, 2804.0, 2908.0, 2957.0, 2960.0, 3091.0, 3188.0, 3267.0, 3841.0, 4189.0, 4205.0, 4289.0, 4338.0, 4591.0, 4677.0, 4690.0, 4711.0, 4712.0, 4719.0, 4869.0, 4925.0, 4976.0, 5110.0, 5194.0, 5203.0, 5217.0, 5257.0, 5289.0, 5290.0, 5295.0, 5378.0, 5440.0, 5494.0, 5500.0, 5515.0, 5527.0, 5563.0, 5567.0, 5569.0, 5584.0, 5599.0, 5601.0, 5684.0, 5707.0, 5711.0, 5728.0, 5775.0, 5814.0, 5862.0, 5867.0, 5874.0, 5876.0, 5887.0, 5911.0, 6009.0, 6018.0, 6124.0, 6146.0, 6197.0, 6391.0, 6498.0, 6594.0, 6613.0, 6671.0, 6726.0, 6782.0, 6880.0, 6884.0, 6921.0, 6925.0, 6990.0, 7019.0, 7163.0, 7170.0, 7172.0, 7267.0, 7295.0, 7334.0, 7336.0, 7341.0, 7357.0, 7381.0, 7675.0, 7697.0, 7707.0, 8065.0, 8139.0, 8204.0, 8445.0, 8505.0, 8554.0, 8562.0, 8649.0, 8674.0, 8732.0, 8774.0, 8803.0, 9014.0, 9069.0, 9101.0, 9107.0, 9135.0, 9194.0, 9202.0, 9218.0, 9318.0, 9321.0, 9360.0, 9364.0, 9412.0, 9474.0, 9497.0, 9522.0, 9529.0, 9530.0, 9554.0, 9575.0, 9648.0, 9655.0, 9678.0, 9716.0, 9804.0, 9805.0, 9832.0, 9867.0, 9868.0, 9908.0, 9958.0, 9975.0, 9994.0, 10001.0, 10009.0, 10054.0, 10116.0, 10128.0, 10137.0, 10138.0, 10159.0, 10286.0, 10480.0, 10484.0, 10490.0, 10499.0, 10569.0, 10640.0, 10668.0, 10730.0, 10762.0, 10787.0, 10920.0, 10927.0, 10929.0, 10935.0, 10959.0, 10988.0, 11051.0, 11052.0, 11127.0, 11168.0, 11244.0, 22800.0, 22826.0, 22841.0, 22868.0, 22911.0, 22916.0, 22930.0, 22931.0, 23008.0, 23012.0, 23074.0, 23172.0, 23204.0, 23271.0, 23379.0, 23431.0, 23507.0, 23548.0, 23592.0, 25782.0, 25842.0, 25843.0, 25847.0, 26049.0, 26258.0, 26273.0, 26511.0, 26747.0, 26994.0, 27067.0, 27069.0, 27314.0, 27430.0, 28978.0, 28985.0, 29078.0, 29110.0, 29761.0, 29789.0, 29883.0, 29887.0, 30001.0, 51028.0, 51062.0, 51101.0, 51105.0, 51108.0, 51138.0, 51143.0, 51187.0, 51290.0, 51382.0, 51465.0, 51503.0, 51562.0, 51582.0, 51639.0, 51669.0, 51699.0, 51715.0, 51773.0, 53339.0, 54205.0, 54332.0, 54468.0, 54495.0, 54499.0, 54557.0, 54664.0, 54764.0, 54819.0, 54951.0, 55069.0, 55103.0, 55109.0, 55197.0, 55212.0, 55216.0, 55266.0, 55270.0, 55284.0, 55312.0, 55327.0, 55333.0, 55605.0, 55632.0, 55681.0, 55728.0, 55754.0, 55832.0, 55900.0, 55967.0, 56180.0, 56648.0, 56681.0, 56900.0, 56907.0, 56993.0, 57092.0, 57132.0, 57209.0, 57213.0, 57511.0, 57515.0, 57531.0, 57534.0, 57606.0, 57631.0, 57703.0, 60496.0, 60559.0, 60592.0, 64121.0, 64168.0, 64327.0, 64393.0, 64417.0, 64426.0, 64769.0, 64801.0, 64839.0, 65008.0, 65062.0, 65267.0, 65977.0, 65986.0, 66036.0, 79074.0, 79647.0, 79657.0, 79699.0, 79718.0, 79723.0, 79752.0, 79876.0, 79882.0, 80013.0, 80145.0, 80218.0, 80311.0, 80315.0, 80321.0, 80777.0, 80818.0, 83448.0, 83693.0, 83939.0, 83989.0, 84056.0, 84162.0, 84259.0, 84294.0, 84333.0, 84437.0, 84450.0, 84541.0, 84549.0, 84612.0, 84792.0, 84817.0, 84897.0, 84920.0, 84924.0, 85015.0, 85865.0, 89890.0, 90355.0, 90624.0, 90843.0, 91137.0, 92181.0, 92283.0, 92344.0, 92597.0, 92906.0, 93380.0, 94056.0, 96764.0, 112942.0, 114882.0, 115294.0, 116150.0, 119710.0, 122553.0, 122809.0, 122830.0, 123228.0, 123811.0, 124808.0, 131566.0, 132789.0, 133746.0, 135293.0, 138199.0, 139231.0, 139324.0, 148266.0, 148534.0, 149420.0, 151230.0, 151987.0, 152559.0, 152926.0, 153222.0, 153339.0, 157657.0, 160418.0, 162239.0, 163590.0, 167227.0, 200933.0, 201475.0, 203102.0, 203547.0, 204851.0, 205564.0, 221037.0, 221079.0, 221302.0, 246175.0, 253430.0, 255919.0, 261726.0, 266812.0, 282991.0, 284309.0, 285172.0, 285672.0, 340481.0, 400720.0, 440145.0, 493753.0, 642938.0, 729852.0, 100113407.0, 102157402.0 
GO:0004842 MF 1.30e-05  16/567   230/29107 D04 ubiquitin-protein transferase activity   331.0, 373.0, 4591.0, 7267.0, 7334.0, 8065.0, 9867.0, 26260.0, 26273.0, 51132.0, 55284.0, 55632.0, 55958.0, 57531.0, 57534.0, 154214.0 
GO:0030234 MF 8.62e-05   5/567    24/29107 D02 enzyme regulator activity                805.0, 2730.0, 5707.0, 25782.0, 66036.0 
GO:0004930 MF 3.28e-05   1/567   683/29107 D04 G protein-coupled receptor activity      9213.0 
