GO:0048167 BP 1.63e-07 13/1054    50/29107 D07 regulation of synaptic plasticity        575.0, 1020.0, 2185.0, 2906.0, 3706.0, 5914.0, 7425.0, 9783.0, 10755.0, 11178.0, 57338.0, 84446.0, 84502.0 
GO:0006468 BP 3.02e-06 39/1054   459/29107 D07 protein phosphorylation                  156.0, 207.0, 613.0, 815.0, 816.0, 1020.0, 1455.0, 1487.0, 2185.0, 2870.0, 3654.0, 3706.0, 3984.0, 4145.0, 5127.0, 5170.0, 5575.0, 5590.0, 5600.0, 5871.0, 5891.0, 5914.0, 6794.0, 7786.0, 8536.0, 8986.0, 9024.0, 9344.0, 10290.0, 10494.0, 10922.0, 11040.0, 23552.0, 56924.0, 84033.0, 84254.0, 84446.0, 84687.0, 203054.0 
GO:0071805 BP 8.80e-06 16/1054   122/29107 D08 potassium ion transmembrane transport    610.0, 3749.0, 3754.0, 3757.0, 3767.0, 3780.0, 3785.0, 6553.0, 8514.0, 9132.0, 23416.0, 30818.0, 51305.0, 56660.0, 57582.0, 79041.0 
GO:0030036 BP 1.27e-05 18/1054   154/29107 D06 actin cytoskeleton organization          2039.0, 2245.0, 3706.0, 3984.0, 4771.0, 5170.0, 5881.0, 6722.0, 7016.0, 9260.0, 9344.0, 11151.0, 23396.0, 84448.0, 84501.0, 116986.0, 339451.0, 440073.0 
GO:0016192 BP 2.14e-05 18/1054   160/29107 D04 vesicle-mediated transport               381.0, 1174.0, 5119.0, 6712.0, 9066.0, 9479.0, 9727.0, 10121.0, 27183.0, 57576.0, 57731.0, 78992.0, 84315.0, 84501.0, 91683.0, 118813.0, 254263.0, 780776.0 
GO:2000463 BP 2.17e-05  7/1054    25/29107 D08 positive regulation of excitatory postsynaptic potential 784.0, 1855.0, 2185.0, 5590.0, 6804.0, 50944.0, 85358.0 
GO:0031175 BP 2.19e-05 15/1054   117/29107 D06 neuron projection development            1020.0, 2185.0, 5127.0, 5662.0, 5881.0, 6722.0, 11021.0, 50861.0, 57465.0, 57662.0, 84687.0, 90249.0, 92558.0, 118813.0, 201191.0 
GO:0007166 BP 2.57e-05 22/1054   225/29107 D05 cell surface receptor signaling pathway  575.0, 576.0, 682.0, 887.0, 1132.0, 1394.0, 1840.0, 2185.0, 3265.0, 4061.0, 4282.0, 5590.0, 7433.0, 7434.0, 8396.0, 8718.0, 8764.0, 10188.0, 11033.0, 25960.0, 65078.0, 84435.0 
GO:0016567 BP 2.85e-05 36/1054   471/29107 D09 protein ubiquitination                   207.0, 408.0, 997.0, 1840.0, 6923.0, 7126.0, 7260.0, 9040.0, 9820.0, 10273.0, 10422.0, 26232.0, 26262.0, 51127.0, 51257.0, 54461.0, 55527.0, 57799.0, 63891.0, 79176.0, 79786.0, 81559.0, 81786.0, 84231.0, 92305.0, 93611.0, 114804.0, 116138.0, 122416.0, 126433.0, 140459.0, 144699.0, 149603.0, 196403.0, 200312.0, 339451.0 
GO:0006464 BP 3.83e-05 12/1054    82/29107 D06 cellular protein modification process    997.0, 7329.0, 8266.0, 8314.0, 9040.0, 10445.0, 11285.0, 23170.0, 23463.0, 26232.0, 27338.0, 51172.0 
GO:0016079 BP 4.02e-05  6/1054    19/29107 D08 synaptic vesicle exocytosis              1020.0, 6804.0, 8448.0, 10815.0, 23396.0, 80331.0 
GO:0016480 BP 4.74e-05  3/1054     3/29107 D11 negative regulation of transcription by RNA polymerase III 4665.0, 25824.0, 84232.0 
GO:0018105 BP 4.83e-05 18/1054   170/29107 D09 peptidyl-serine phosphorylation          156.0, 207.0, 815.0, 1020.0, 1455.0, 1609.0, 4294.0, 5170.0, 5590.0, 7786.0, 8536.0, 8986.0, 9024.0, 25989.0, 84446.0, 139728.0, 282974.0, 388228.0 
GO:0007399 BP 6.36e-05 27/1054   324/29107 D04 nervous system development               321.0, 2675.0, 3785.0, 3984.0, 4062.0, 4681.0, 4900.0, 5986.0, 7301.0, 7975.0, 8193.0, 8448.0, 8536.0, 8861.0, 9094.0, 9148.0, 9542.0, 22997.0, 23138.0, 26086.0, 27111.0, 50861.0, 51195.0, 51412.0, 55715.0, 57801.0, 80023.0 
GO:0050911 BP 2.09e-06  0/1054   401/29107 D05 detection of chemical stimulus involved in sensory perception of smell  
GO:0006396 BP 4.80e-06  1/1054   423/29107 D07 RNA processing                           100033460.0 
GO:0035195 BP 2.65e-05  4/1054   557/29107 D10 gene silencing by miRNA                  3692.0, 55384.0, 126374.0, 106614088.0 
GO:0098978 CC 5.71e-07 44/1054   332/29107 D04 glutamatergic synapse                    152.0, 613.0, 1020.0, 1487.0, 1609.0, 1627.0, 1855.0, 2185.0, 2563.0, 3265.0, 4900.0, 5300.0, 5499.0, 5575.0, 5590.0, 6455.0, 6712.0, 6804.0, 8525.0, 8536.0, 8541.0, 9127.0, 9256.0, 10636.0, 10755.0, 10815.0, 11151.0, 23413.0, 50632.0, 50944.0, 56850.0, 58512.0, 59284.0, 64101.0, 65078.0, 78999.0, 80758.0, 80852.0, 81926.0, 84435.0, 94030.0, 112476.0, 160622.0, 254263.0 
GO:0045211 CC 6.88e-07 21/1054   139/29107 D05 postsynaptic membrane                    286.0, 408.0, 747.0, 1132.0, 1137.0, 1627.0, 3761.0, 4900.0, 9093.0, 11178.0, 22997.0, 23109.0, 50944.0, 80852.0, 83590.0, 84966.0, 85358.0, 160622.0, 254263.0, 375323.0, 440829.0 
GO:0043005 CC 8.47e-07 35/1054   338/29107 D04 neuron projection                        286.0, 815.0, 816.0, 1020.0, 1137.0, 1394.0, 1855.0, 2051.0, 2563.0, 3780.0, 3984.0, 4771.0, 4985.0, 5127.0, 5300.0, 5881.0, 6804.0, 7226.0, 7732.0, 8448.0, 8913.0, 9344.0, 9751.0, 22997.0, 25804.0, 26012.0, 50861.0, 50944.0, 55361.0, 57576.0, 65078.0, 80023.0, 85358.0, 114757.0, 284656.0 
GO:0043025 CC 8.65e-07 35/1054   355/29107 D03 neuronal cell body                       152.0, 1020.0, 1137.0, 1152.0, 1855.0, 2002.0, 2185.0, 2563.0, 3767.0, 3780.0, 4900.0, 5153.0, 5798.0, 5881.0, 5909.0, 6620.0, 6712.0, 9127.0, 9513.0, 9751.0, 10300.0, 23542.0, 55361.0, 57706.0, 57731.0, 57795.0, 59284.0, 65078.0, 80023.0, 83999.0, 84687.0, 85442.0, 114757.0, 153090.0, 339451.0 
GO:0030425 CC 9.58e-07 42/1054   422/29107 D05 dendrite                                 575.0, 885.0, 1020.0, 1132.0, 1137.0, 1152.0, 1627.0, 1762.0, 2002.0, 2185.0, 2563.0, 3274.0, 3632.0, 5909.0, 5914.0, 10445.0, 10636.0, 10815.0, 11255.0, 23138.0, 23413.0, 26012.0, 29888.0, 30818.0, 50944.0, 55361.0, 56850.0, 57706.0, 57795.0, 66004.0, 80758.0, 80852.0, 84232.0, 84687.0, 85442.0, 118813.0, 123591.0, 153090.0, 201191.0, 254263.0, 375323.0, 392617.0 
GO:0005743 CC 1.07e-06 37/1054   404/29107 D05 mitochondrial inner membrane             513.0, 1351.0, 1537.0, 3954.0, 4713.0, 4716.0, 4833.0, 5138.0, 6182.0, 7384.0, 10452.0, 10573.0, 23464.0, 51021.0, 51069.0, 51073.0, 51116.0, 51295.0, 51373.0, 54998.0, 55210.0, 56848.0, 64949.0, 64975.0, 65993.0, 79085.0, 79751.0, 84300.0, 84303.0, 90580.0, 92609.0, 114789.0, 125988.0, 128308.0, 192286.0, 197257.0, 284439.0 
GO:0043204 CC 1.22e-06 22/1054   158/29107 D02 perikaryon                               885.0, 1020.0, 1762.0, 5170.0, 5499.0, 5536.0, 5798.0, 6324.0, 7226.0, 7732.0, 9148.0, 10445.0, 10815.0, 11346.0, 23109.0, 26012.0, 55361.0, 58157.0, 65078.0, 85442.0, 123591.0, 146760.0 
GO:0043197 CC 1.22e-06 26/1054   158/29107 D06 dendritic spine                          321.0, 408.0, 575.0, 613.0, 815.0, 1855.0, 2185.0, 3706.0, 5499.0, 5662.0, 9127.0, 9148.0, 9513.0, 9762.0, 10636.0, 10755.0, 11178.0, 11346.0, 26232.0, 29888.0, 50944.0, 64101.0, 81926.0, 85358.0, 112476.0, 254263.0 
GO:0014069 CC 1.25e-06 43/1054   247/29107 D04 postsynaptic density                     408.0, 575.0, 815.0, 1020.0, 1627.0, 1855.0, 2039.0, 2185.0, 4900.0, 5064.0, 5170.0, 5590.0, 6804.0, 7732.0, 8525.0, 8536.0, 9127.0, 9148.0, 9478.0, 9513.0, 9762.0, 10636.0, 11178.0, 11346.0, 22997.0, 23413.0, 23542.0, 26012.0, 28964.0, 50944.0, 58512.0, 80852.0, 84435.0, 84687.0, 85358.0, 160622.0, 201191.0, 254263.0, 339451.0, 388135.0, 400745.0, 440073.0, 440829.0 
GO:0005768 CC 1.28e-06 30/1054   295/29107 D07 endosome                                 152.0, 408.0, 682.0, 1394.0, 1609.0, 3767.0, 5590.0, 5798.0, 7126.0, 7187.0, 7732.0, 9727.0, 10043.0, 10188.0, 25837.0, 27183.0, 29993.0, 50632.0, 51160.0, 55040.0, 55361.0, 57799.0, 79038.0, 80148.0, 80700.0, 83873.0, 116986.0, 200312.0, 326624.0, 376267.0 
GO:0045202 CC 2.49e-06 35/1054   405/29107 D03 synapse                                  156.0, 774.0, 782.0, 784.0, 816.0, 1132.0, 1137.0, 1621.0, 1855.0, 1938.0, 1947.0, 2563.0, 2767.0, 3274.0, 3749.0, 3780.0, 3785.0, 4061.0, 4062.0, 4524.0, 5798.0, 5881.0, 8497.0, 8514.0, 8913.0, 9094.0, 9479.0, 9762.0, 11255.0, 26012.0, 29993.0, 57596.0, 66004.0, 116225.0, 254263.0 
GO:0005739 CC 3.04e-06 95/1054  1305/29107 D05 mitochondrion                            207.0, 513.0, 572.0, 622.0, 682.0, 815.0, 1152.0, 1351.0, 1537.0, 2002.0, 2671.0, 2876.0, 2879.0, 3035.0, 3607.0, 3767.0, 3954.0, 4713.0, 4728.0, 4833.0, 4913.0, 5300.0, 5605.0, 6182.0, 6256.0, 6794.0, 7187.0, 7384.0, 7755.0, 9093.0, 9158.0, 9256.0, 9727.0, 9751.0, 10400.0, 10452.0, 10573.0, 10587.0, 10873.0, 11334.0, 23151.0, 23410.0, 23464.0, 23761.0, 23770.0, 25824.0, 26073.0, 27165.0, 27349.0, 28964.0, 51021.0, 51027.0, 51069.0, 51073.0, 51116.0, 51286.0, 51295.0, 51335.0, 54998.0, 55210.0, 55361.0, 55527.0, 55735.0, 55753.0, 56181.0, 56848.0, 56953.0, 58157.0, 60314.0, 64949.0, 64975.0, 65009.0, 65990.0, 65993.0, 79085.0, 79575.0, 80142.0, 80207.0, 80331.0, 83605.0, 84266.0, 84300.0, 84303.0, 84334.0, 84971.0, 92609.0, 125988.0, 128308.0, 148022.0, 192111.0, 192286.0, 197257.0, 284106.0, 284439.0, 339983.0 
GO:0016021 CC 4.70e-06 192/1054  3536/29107 D03 integral component of membrane           527.0, 533.0, 575.0, 576.0, 738.0, 887.0, 955.0, 1137.0, 1351.0, 1394.0, 1621.0, 1951.0, 2030.0, 2134.0, 2137.0, 3338.0, 3749.0, 3754.0, 3765.0, 3768.0, 3785.0, 3954.0, 4037.0, 4185.0, 4245.0, 5798.0, 6483.0, 6487.0, 6553.0, 6804.0, 7732.0, 8303.0, 8325.0, 8534.0, 8704.0, 8764.0, 9132.0, 9143.0, 9344.0, 9399.0, 9435.0, 9486.0, 9542.0, 9672.0, 9751.0, 9854.0, 10227.0, 10400.0, 10423.0, 10452.0, 10555.0, 10567.0, 10653.0, 10904.0, 11068.0, 11070.0, 11182.0, 11282.0, 11285.0, 22997.0, 23151.0, 23359.0, 23416.0, 23457.0, 23463.0, 25807.0, 25960.0, 27087.0, 27090.0, 27239.0, 29801.0, 29985.0, 30815.0, 50614.0, 50632.0, 51161.0, 51172.0, 51222.0, 51257.0, 51286.0, 51368.0, 53822.0, 54681.0, 54946.0, 54958.0, 54972.0, 55210.0, 55321.0, 56262.0, 56654.0, 56666.0, 56834.0, 56894.0, 57106.0, 57210.0, 57338.0, 57582.0, 57704.0, 64132.0, 64377.0, 64409.0, 64753.0, 64838.0, 65990.0, 78992.0, 79041.0, 79085.0, 79089.0, 79137.0, 79369.0, 79586.0, 79751.0, 79847.0, 79888.0, 80023.0, 80142.0, 80148.0, 80228.0, 80757.0, 80758.0, 83590.0, 83692.0, 83862.0, 83873.0, 83999.0, 84065.0, 84222.0, 84287.0, 84435.0, 84502.0, 84814.0, 84867.0, 84892.0, 85014.0, 85352.0, 89792.0, 89801.0, 90120.0, 90249.0, 90580.0, 91522.0, 91683.0, 92305.0, 92609.0, 92840.0, 94103.0, 113655.0, 114789.0, 114794.0, 118881.0, 130612.0, 138311.0, 146227.0, 146664.0, 154790.0, 155066.0, 161145.0, 162427.0, 162515.0, 192111.0, 192286.0, 200312.0, 203054.0, 221491.0, 253982.0, 254531.0, 255043.0, 255057.0, 283985.0, 284069.0, 284439.0, 285368.0, 285613.0, 338707.0, 339453.0, 339983.0, 374882.0, 375323.0, 387509.0, 388021.0, 392617.0, 401399.0, 404217.0, 441151.0, 441381.0, 642968.0, 643988.0, 645426.0, 646658.0, 654429.0, 100130519.0, 100507588.0 
GO:0005654 CC 4.80e-06 194/1054  3805/29107 D02 nucleoplasm                              207.0, 353.0, 408.0, 815.0, 816.0, 896.0, 997.0, 1020.0, 1032.0, 1487.0, 1840.0, 1845.0, 2002.0, 2063.0, 2067.0, 2101.0, 2114.0, 2962.0, 3159.0, 3265.0, 3607.0, 3654.0, 3692.0, 4097.0, 4282.0, 4298.0, 4350.0, 4665.0, 4796.0, 4913.0, 5064.0, 5300.0, 5361.0, 5434.0, 5499.0, 5524.0, 5536.0, 5600.0, 5914.0, 6256.0, 6604.0, 6722.0, 6794.0, 6919.0, 6923.0, 7030.0, 7067.0, 7089.0, 7329.0, 7376.0, 7378.0, 7625.0, 7732.0, 7975.0, 8266.0, 8270.0, 8314.0, 8396.0, 8448.0, 8566.0, 8704.0, 8861.0, 8971.0, 8986.0, 9040.0, 9260.0, 9265.0, 9277.0, 9344.0, 9435.0, 9715.0, 9727.0, 10014.0, 10248.0, 10273.0, 10361.0, 10445.0, 10474.0, 10522.0, 10572.0, 10608.0, 10921.0, 11047.0, 11343.0, 23119.0, 23246.0, 23396.0, 23410.0, 23464.0, 23466.0, 23492.0, 23541.0, 23552.0, 23567.0, 25804.0, 25920.0, 26012.0, 26017.0, 26038.0, 26145.0, 26168.0, 26205.0, 27111.0, 27338.0, 29085.0, 29086.0, 29803.0, 29890.0, 29903.0, 51069.0, 51222.0, 51295.0, 51335.0, 51548.0, 53615.0, 54475.0, 54815.0, 54998.0, 55040.0, 55257.0, 55337.0, 55611.0, 55658.0, 55735.0, 55806.0, 56623.0, 56672.0, 56848.0, 56850.0, 56924.0, 57222.0, 57418.0, 57455.0, 57461.0, 57473.0, 57662.0, 57706.0, 58525.0, 60314.0, 63876.0, 64061.0, 64223.0, 64743.0, 64855.0, 64949.0, 78986.0, 79016.0, 79035.0, 79622.0, 79729.0, 80097.0, 80115.0, 80758.0, 80764.0, 80774.0, 81532.0, 81559.0, 83746.0, 84148.0, 84232.0, 84254.0, 84256.0, 84304.0, 84316.0, 84446.0, 84662.0, 84687.0, 84867.0, 84934.0, 84971.0, 90120.0, 91582.0, 92609.0, 93624.0, 94032.0, 112939.0, 115708.0, 116138.0, 116986.0, 118813.0, 125988.0, 149603.0, 155061.0, 161882.0, 170394.0, 171568.0, 196403.0, 222229.0, 286257.0, 345630.0, 374875.0, 440073.0, 653784.0, 727800.0 
GO:0005886 CC 4.83e-06 256/1054  4487/29107 D03 plasma membrane                          147.0, 152.0, 156.0, 207.0, 249.0, 286.0, 321.0, 381.0, 398.0, 408.0, 432.0, 495.0, 527.0, 575.0, 576.0, 610.0, 682.0, 747.0, 752.0, 762.0, 774.0, 782.0, 887.0, 955.0, 1020.0, 1132.0, 1137.0, 1212.0, 1394.0, 1455.0, 1609.0, 1627.0, 1938.0, 1944.0, 1947.0, 1951.0, 2030.0, 2039.0, 2051.0, 2114.0, 2675.0, 2767.0, 2781.0, 2788.0, 2870.0, 2906.0, 3265.0, 3274.0, 3632.0, 3654.0, 3675.0, 3714.0, 3749.0, 3754.0, 3757.0, 3761.0, 3765.0, 3767.0, 3768.0, 3780.0, 3785.0, 4061.0, 4062.0, 4185.0, 4282.0, 4326.0, 4771.0, 4985.0, 5045.0, 5064.0, 5127.0, 5138.0, 5170.0, 5361.0, 5413.0, 5499.0, 5536.0, 5575.0, 5590.0, 5657.0, 5798.0, 5799.0, 5881.0, 6324.0, 6508.0, 6534.0, 6553.0, 6804.0, 7036.0, 7087.0, 7226.0, 7433.0, 7434.0, 7477.0, 7786.0, 8325.0, 8396.0, 8514.0, 8525.0, 8718.0, 8764.0, 8913.0, 9066.0, 9127.0, 9132.0, 9145.0, 9148.0, 9208.0, 9265.0, 9399.0, 9478.0, 9479.0, 9542.0, 9610.0, 9651.0, 9672.0, 9929.0, 10043.0, 10126.0, 10188.0, 10267.0, 10300.0, 10422.0, 10423.0, 10555.0, 10567.0, 10636.0, 10653.0, 10817.0, 10867.0, 10900.0, 11021.0, 11033.0, 11047.0, 11151.0, 11156.0, 11182.0, 11255.0, 11343.0, 23221.0, 23263.0, 23265.0, 23413.0, 23416.0, 23551.0, 25960.0, 26012.0, 26051.0, 26073.0, 26086.0, 27111.0, 27124.0, 27132.0, 27183.0, 27239.0, 29085.0, 29985.0, 29988.0, 29993.0, 30815.0, 30818.0, 50855.0, 50944.0, 51160.0, 51293.0, 51305.0, 53822.0, 54509.0, 54946.0, 55040.0, 55262.0, 55361.0, 55512.0, 56262.0, 56341.0, 56623.0, 56654.0, 56666.0, 56894.0, 57026.0, 57198.0, 57338.0, 57449.0, 57465.0, 57497.0, 57582.0, 57622.0, 57704.0, 57731.0, 57799.0, 58512.0, 58986.0, 59284.0, 64101.0, 64743.0, 64838.0, 64855.0, 65078.0, 66004.0, 78999.0, 79581.0, 79729.0, 79888.0, 80023.0, 80115.0, 80331.0, 80727.0, 80758.0, 80772.0, 80852.0, 81926.0, 83692.0, 83862.0, 83873.0, 83874.0, 83999.0, 84033.0, 84231.0, 84232.0, 84435.0, 84502.0, 84687.0, 84988.0, 85409.0, 90249.0, 91522.0, 91608.0, 91683.0, 94030.0, 94103.0, 112476.0, 114804.0, 115098.0, 116225.0, 116841.0, 123591.0, 124056.0, 128434.0, 130612.0, 136227.0, 146206.0, 146760.0, 153090.0, 160622.0, 162515.0, 205147.0, 255057.0, 284656.0, 285613.0, 326624.0, 338692.0, 375323.0, 376267.0, 387509.0, 389813.0, 503542.0 
GO:0005829 CC 4.97e-06 308/1054  5295/29107 D02 cytosol                                  156.0, 207.0, 230.0, 271.0, 286.0, 327.0, 353.0, 398.0, 408.0, 572.0, 613.0, 738.0, 752.0, 766.0, 784.0, 815.0, 816.0, 997.0, 1020.0, 1032.0, 1152.0, 1174.0, 1212.0, 1455.0, 1609.0, 1627.0, 1840.0, 1845.0, 1850.0, 1855.0, 1938.0, 2039.0, 2051.0, 2114.0, 2185.0, 2193.0, 2245.0, 2582.0, 2671.0, 2781.0, 2876.0, 2879.0, 2987.0, 3029.0, 3035.0, 3159.0, 3265.0, 3614.0, 3654.0, 3692.0, 3705.0, 3706.0, 3767.0, 3984.0, 4145.0, 4282.0, 4298.0, 4350.0, 4524.0, 4771.0, 4900.0, 4946.0, 5119.0, 5127.0, 5138.0, 5143.0, 5153.0, 5170.0, 5213.0, 5300.0, 5361.0, 5434.0, 5499.0, 5526.0, 5536.0, 5575.0, 5590.0, 5600.0, 5605.0, 5657.0, 5881.0, 5909.0, 5914.0, 6141.0, 6256.0, 6455.0, 6620.0, 6712.0, 6794.0, 6804.0, 6923.0, 7001.0, 7016.0, 7030.0, 7064.0, 7067.0, 7126.0, 7187.0, 7264.0, 7329.0, 7376.0, 7378.0, 7786.0, 8266.0, 8313.0, 8314.0, 8396.0, 8497.0, 8514.0, 8525.0, 8536.0, 8541.0, 8566.0, 8636.0, 8718.0, 8986.0, 9040.0, 9066.0, 9093.0, 9094.0, 9208.0, 9256.0, 9260.0, 9265.0, 9344.0, 9435.0, 9479.0, 9513.0, 9600.0, 9610.0, 9647.0, 9688.0, 9715.0, 9727.0, 9811.0, 9820.0, 9929.0, 10005.0, 10014.0, 10043.0, 10093.0, 10120.0, 10121.0, 10188.0, 10273.0, 10300.0, 10400.0, 10422.0, 10452.0, 10573.0, 10587.0, 10755.0, 10809.0, 10815.0, 10900.0, 10921.0, 11021.0, 11033.0, 11047.0, 11151.0, 11313.0, 11343.0, 11346.0, 22870.0, 23263.0, 23265.0, 23396.0, 23492.0, 23541.0, 23770.0, 25804.0, 25824.0, 26038.0, 26086.0, 26153.0, 26205.0, 26232.0, 27077.0, 27111.0, 27124.0, 27183.0, 27338.0, 27352.0, 28964.0, 29085.0, 29086.0, 29801.0, 29903.0, 29993.0, 30818.0, 50649.0, 50855.0, 50861.0, 50944.0, 51021.0, 51160.0, 51257.0, 51295.0, 51368.0, 54461.0, 54472.0, 54620.0, 55111.0, 55224.0, 55337.0, 55361.0, 55527.0, 55611.0, 55615.0, 55643.0, 55658.0, 55670.0, 55684.0, 55715.0, 56623.0, 56848.0, 56850.0, 56924.0, 57026.0, 57449.0, 57576.0, 57704.0, 57706.0, 57731.0, 57732.0, 58157.0, 63891.0, 64223.0, 64771.0, 64855.0, 65009.0, 65220.0, 65263.0, 79035.0, 79176.0, 79586.0, 79622.0, 80097.0, 80115.0, 80142.0, 80148.0, 80331.0, 80700.0, 80758.0, 80772.0, 80774.0, 80852.0, 81532.0, 81559.0, 83394.0, 83549.0, 83874.0, 84033.0, 84232.0, 84254.0, 84256.0, 84261.0, 84303.0, 84315.0, 84501.0, 84861.0, 84993.0, 85358.0, 89891.0, 90135.0, 91544.0, 91582.0, 93436.0, 93611.0, 94032.0, 112464.0, 114757.0, 115024.0, 115098.0, 115939.0, 116138.0, 116986.0, 118813.0, 122416.0, 123591.0, 125058.0, 126433.0, 126567.0, 127281.0, 129880.0, 140459.0, 140465.0, 144699.0, 148022.0, 149603.0, 150379.0, 150726.0, 153090.0, 155061.0, 171568.0, 192668.0, 200942.0, 221002.0, 246330.0, 256281.0, 257364.0, 348180.0, 440073.0, 503542.0, 653784.0, 727800.0, 729438.0, 100131187.0 
GO:0005737 CC 5.66e-06 283/1054  4681/29107 D02 cytoplasm                                147.0, 152.0, 156.0, 207.0, 321.0, 353.0, 381.0, 408.0, 815.0, 816.0, 896.0, 1020.0, 1032.0, 1455.0, 1609.0, 1621.0, 1627.0, 1840.0, 1850.0, 1938.0, 1947.0, 2016.0, 2067.0, 2101.0, 2185.0, 2193.0, 2245.0, 2767.0, 2870.0, 2876.0, 3035.0, 3265.0, 3614.0, 3654.0, 3692.0, 3705.0, 3706.0, 3984.0, 4282.0, 4294.0, 4771.0, 4796.0, 4946.0, 5127.0, 5138.0, 5170.0, 5300.0, 5499.0, 5524.0, 5526.0, 5575.0, 5590.0, 5600.0, 5891.0, 5909.0, 5914.0, 6320.0, 6455.0, 6620.0, 6650.0, 6722.0, 6794.0, 7001.0, 7016.0, 7030.0, 7126.0, 7329.0, 7376.0, 7732.0, 7786.0, 8045.0, 8079.0, 8193.0, 8266.0, 8270.0, 8303.0, 8313.0, 8314.0, 8525.0, 8913.0, 8986.0, 9024.0, 9127.0, 9208.0, 9256.0, 9344.0, 9391.0, 9401.0, 9479.0, 9513.0, 9600.0, 9610.0, 9651.0, 9684.0, 9751.0, 9755.0, 9762.0, 9764.0, 9820.0, 9905.0, 10014.0, 10043.0, 10120.0, 10121.0, 10126.0, 10188.0, 10248.0, 10273.0, 10300.0, 10309.0, 10361.0, 10445.0, 10494.0, 10522.0, 10572.0, 10587.0, 10634.0, 10636.0, 10653.0, 10755.0, 10801.0, 10817.0, 10921.0, 11007.0, 11033.0, 11040.0, 11054.0, 11142.0, 11151.0, 11156.0, 11178.0, 11189.0, 11313.0, 11344.0, 23109.0, 23170.0, 23255.0, 23386.0, 23413.0, 23541.0, 23542.0, 23552.0, 23567.0, 23625.0, 25817.0, 25824.0, 25876.0, 25920.0, 25989.0, 26012.0, 26168.0, 26232.0, 27111.0, 27124.0, 27132.0, 27183.0, 27254.0, 29086.0, 29888.0, 29993.0, 30000.0, 30815.0, 50853.0, 50861.0, 51016.0, 51127.0, 51154.0, 51160.0, 51177.0, 51295.0, 51548.0, 53615.0, 54461.0, 54472.0, 54776.0, 54784.0, 55011.0, 55337.0, 55512.0, 55658.0, 55684.0, 55715.0, 55815.0, 55909.0, 56666.0, 56848.0, 56924.0, 57026.0, 57449.0, 57465.0, 57524.0, 57596.0, 57662.0, 57731.0, 60314.0, 60680.0, 63876.0, 63891.0, 63941.0, 64061.0, 64147.0, 64223.0, 64771.0, 64855.0, 65009.0, 65992.0, 78986.0, 79007.0, 79176.0, 79363.0, 79734.0, 79763.0, 80700.0, 80851.0, 81559.0, 81786.0, 83394.0, 83549.0, 83605.0, 84232.0, 84254.0, 84316.0, 84331.0, 84446.0, 84448.0, 84662.0, 84687.0, 84861.0, 84922.0, 84934.0, 85409.0, 89891.0, 90120.0, 90990.0, 92558.0, 93611.0, 112464.0, 112939.0, 113246.0, 114804.0, 115024.0, 116138.0, 116225.0, 116986.0, 116988.0, 124044.0, 124056.0, 126282.0, 126433.0, 127262.0, 127281.0, 128434.0, 129138.0, 139728.0, 144347.0, 144699.0, 146206.0, 149603.0, 150379.0, 151354.0, 152789.0, 153090.0, 155061.0, 196403.0, 200942.0, 201191.0, 222229.0, 255043.0, 283638.0, 283643.0, 283871.0, 286077.0, 338692.0, 339123.0, 339983.0, 342977.0, 348262.0, 376267.0, 388228.0, 388886.0, 402381.0, 100131187.0, 100533183.0 
GO:0005634 CC 6.77e-06 255/1054  5368/29107 D05 nucleus                                  147.0, 166.0, 207.0, 286.0, 408.0, 815.0, 896.0, 997.0, 1020.0, 1032.0, 1152.0, 1455.0, 1487.0, 1537.0, 1609.0, 1762.0, 1845.0, 1850.0, 1938.0, 1947.0, 2002.0, 2016.0, 2063.0, 2101.0, 2114.0, 2185.0, 2879.0, 2962.0, 3159.0, 3607.0, 3614.0, 3654.0, 3692.0, 3706.0, 3984.0, 4097.0, 4150.0, 4302.0, 4665.0, 4771.0, 4861.0, 4900.0, 4913.0, 4946.0, 5127.0, 5138.0, 5143.0, 5170.0, 5213.0, 5300.0, 5434.0, 5463.0, 5499.0, 5524.0, 5526.0, 5536.0, 5600.0, 5605.0, 5798.0, 5891.0, 5914.0, 6141.0, 6256.0, 6604.0, 6722.0, 6794.0, 7016.0, 7030.0, 7067.0, 7089.0, 7126.0, 7301.0, 7329.0, 7376.0, 7625.0, 7732.0, 7755.0, 7975.0, 8079.0, 8266.0, 8270.0, 8313.0, 8314.0, 8396.0, 8525.0, 8536.0, 8566.0, 8636.0, 8861.0, 8971.0, 8986.0, 9040.0, 9093.0, 9158.0, 9208.0, 9278.0, 9355.0, 9401.0, 9479.0, 9513.0, 9647.0, 10014.0, 10093.0, 10188.0, 10248.0, 10273.0, 10290.0, 10300.0, 10309.0, 10361.0, 10445.0, 10474.0, 10522.0, 10589.0, 10636.0, 10921.0, 11007.0, 11033.0, 11054.0, 11070.0, 11142.0, 11156.0, 11189.0, 11346.0, 22870.0, 23109.0, 23119.0, 23170.0, 23264.0, 23410.0, 23466.0, 23492.0, 23541.0, 23552.0, 23567.0, 23761.0, 25799.0, 25803.0, 25804.0, 25824.0, 25911.0, 26012.0, 26038.0, 26051.0, 26073.0, 26145.0, 26168.0, 26205.0, 27132.0, 27153.0, 27183.0, 27254.0, 27338.0, 29086.0, 29890.0, 30000.0, 30818.0, 50855.0, 51177.0, 51222.0, 51282.0, 51295.0, 51335.0, 51368.0, 51412.0, 51548.0, 54815.0, 54998.0, 55011.0, 55040.0, 55337.0, 55611.0, 55658.0, 55684.0, 55897.0, 56342.0, 56623.0, 56848.0, 56917.0, 56970.0, 57106.0, 57455.0, 57461.0, 57801.0, 58525.0, 60314.0, 60680.0, 63941.0, 64061.0, 64763.0, 64771.0, 64855.0, 66005.0, 78986.0, 79035.0, 79622.0, 79724.0, 79759.0, 79763.0, 80142.0, 80700.0, 80764.0, 81786.0, 83746.0, 83855.0, 84148.0, 84232.0, 84309.0, 84316.0, 84331.0, 84446.0, 84627.0, 84662.0, 84861.0, 84922.0, 84934.0, 85359.0, 90120.0, 90990.0, 91300.0, 92840.0, 93624.0, 112939.0, 114804.0, 115708.0, 116986.0, 116988.0, 126208.0, 126374.0, 129138.0, 130557.0, 136051.0, 138716.0, 139728.0, 140467.0, 140685.0, 148979.0, 149603.0, 155061.0, 158931.0, 161882.0, 163033.0, 170463.0, 222229.0, 284439.0, 286257.0, 339123.0, 339344.0, 342977.0, 348262.0, 388569.0, 399664.0, 402381.0, 440823.0, 503542.0 
GO:0048471 CC 9.66e-06 50/1054   713/29107 D02 perinuclear region of cytoplasm          381.0, 575.0, 762.0, 1113.0, 2039.0, 2185.0, 3265.0, 3675.0, 3757.0, 4245.0, 4771.0, 5138.0, 5143.0, 5590.0, 5605.0, 5881.0, 5914.0, 7016.0, 9024.0, 9148.0, 9478.0, 9479.0, 9647.0, 9811.0, 9820.0, 10188.0, 10801.0, 11344.0, 23413.0, 25824.0, 26051.0, 27183.0, 29993.0, 54472.0, 55040.0, 55815.0, 57449.0, 57799.0, 80142.0, 80758.0, 81532.0, 84232.0, 116841.0, 140606.0, 160622.0, 338692.0, 342977.0, 376267.0, 399664.0, 100131187.0 
GO:0008021 CC 1.20e-05 16/1054   125/29107 D09 synaptic vesicle                         321.0, 5127.0, 5413.0, 6804.0, 7732.0, 9066.0, 9143.0, 10567.0, 10755.0, 29988.0, 51305.0, 57799.0, 84446.0, 112476.0, 127262.0, 376267.0 
GO:0098685 CC 2.29e-05 12/1054    78/29107 D04 Schaffer collateral - CA1 synapse        613.0, 1020.0, 1855.0, 5575.0, 5590.0, 6455.0, 10755.0, 10815.0, 50944.0, 57497.0, 64101.0, 160622.0 
GO:0030027 CC 4.59e-05 19/1054   185/29107 D04 lamellipodium                            207.0, 1020.0, 1627.0, 2185.0, 2245.0, 3984.0, 4771.0, 5881.0, 7016.0, 8525.0, 11151.0, 11344.0, 23625.0, 25876.0, 28964.0, 57026.0, 57449.0, 84687.0, 146206.0 
GO:0099061 CC 4.86e-05  9/1054    48/29107 D08 integral component of postsynaptic density membrane 152.0, 4985.0, 57497.0, 57622.0, 59284.0, 64101.0, 78999.0, 94030.0, 254263.0 
GO:0000139 CC 7.29e-05 41/1054   587/29107 D05 Golgi membrane                           408.0, 682.0, 955.0, 1174.0, 2523.0, 3265.0, 4245.0, 5045.0, 5871.0, 5909.0, 6483.0, 6487.0, 8534.0, 8704.0, 9265.0, 9394.0, 9435.0, 9478.0, 9486.0, 10494.0, 11070.0, 11282.0, 11285.0, 25837.0, 26086.0, 27087.0, 27090.0, 29801.0, 30815.0, 50614.0, 54972.0, 55512.0, 56894.0, 64132.0, 64377.0, 64409.0, 79369.0, 79586.0, 79888.0, 80142.0, 146664.0 
GO:0098793 CC 7.31e-05 13/1054   101/29107 D02 presynapse                               1020.0, 1609.0, 1855.0, 2030.0, 5499.0, 6455.0, 6712.0, 9513.0, 11255.0, 23396.0, 65078.0, 112476.0, 116841.0 
GO:0010008 CC 8.68e-05 21/1054   227/29107 D06 endosome membrane                        527.0, 533.0, 3654.0, 5045.0, 11021.0, 23062.0, 23207.0, 23221.0, 23396.0, 27183.0, 51160.0, 51257.0, 51293.0, 80772.0, 81926.0, 83873.0, 84292.0, 148022.0, 155066.0, 155382.0, 376267.0 
GO:0032580 CC 1.34e-04 12/1054    93/29107 D04 Golgi cisterna membrane                  2523.0, 6483.0, 6487.0, 8704.0, 9600.0, 11070.0, 11285.0, 51172.0, 56623.0, 79586.0, 89792.0, 338707.0 
GO:0030659 CC 1.38e-04 14/1054   122/29107 D05 cytoplasmic vesicle membrane             408.0, 1174.0, 3761.0, 7226.0, 9344.0, 10188.0, 10227.0, 11068.0, 29993.0, 50632.0, 57465.0, 80115.0, 84501.0, 257364.0 
GO:0031410 CC 2.07e-04 24/1054   293/29107 D06 cytoplasmic vesicle                      398.0, 408.0, 1855.0, 2039.0, 5064.0, 5170.0, 5881.0, 7016.0, 7036.0, 7425.0, 9344.0, 10755.0, 23138.0, 23221.0, 25824.0, 50632.0, 51257.0, 54509.0, 55361.0, 84231.0, 85409.0, 122416.0, 130612.0, 257364.0 
GO:0016020 CC 2.19e-04 109/1054  2120/29107 D02 membrane                                 156.0, 249.0, 398.0, 613.0, 682.0, 738.0, 752.0, 762.0, 784.0, 896.0, 955.0, 1020.0, 1137.0, 1174.0, 1455.0, 1537.0, 1621.0, 1938.0, 2030.0, 2193.0, 2523.0, 2870.0, 3338.0, 3632.0, 3984.0, 4145.0, 4245.0, 4771.0, 5045.0, 5170.0, 5213.0, 5590.0, 5909.0, 6141.0, 6508.0, 6534.0, 6794.0, 7786.0, 8079.0, 8266.0, 8514.0, 9028.0, 9158.0, 9401.0, 9486.0, 9513.0, 9600.0, 9672.0, 9688.0, 9929.0, 10043.0, 10120.0, 10188.0, 10300.0, 10423.0, 10567.0, 10755.0, 10809.0, 11054.0, 11151.0, 11182.0, 11343.0, 23265.0, 23463.0, 23770.0, 25804.0, 26012.0, 26038.0, 26232.0, 27077.0, 28964.0, 29888.0, 29985.0, 50944.0, 51195.0, 51293.0, 51308.0, 55361.0, 56262.0, 56848.0, 56894.0, 57210.0, 57222.0, 57524.0, 57596.0, 57731.0, 66005.0, 79803.0, 79888.0, 80228.0, 80331.0, 80772.0, 81926.0, 83394.0, 83862.0, 83999.0, 84439.0, 84814.0, 89801.0, 112476.0, 116986.0, 146206.0, 150379.0, 200312.0, 254531.0, 255043.0, 257364.0, 375323.0, 646658.0 
GO:0030672 CC 3.26e-04 10/1054    74/29107 D08 synaptic vesicle membrane                1212.0, 5799.0, 9066.0, 9143.0, 9145.0, 55361.0, 91683.0, 112476.0, 127262.0, 255057.0 
GO:0005794 CC 3.46e-04 58/1054   988/29107 D05 Golgi apparatus                          381.0, 738.0, 762.0, 955.0, 1174.0, 2134.0, 2137.0, 2245.0, 2523.0, 3265.0, 3489.0, 4245.0, 5138.0, 5605.0, 5798.0, 7425.0, 8325.0, 8704.0, 9435.0, 9486.0, 9820.0, 10014.0, 10422.0, 10423.0, 10494.0, 10567.0, 11070.0, 11285.0, 23062.0, 23413.0, 25837.0, 27111.0, 29801.0, 30818.0, 50614.0, 50861.0, 54972.0, 56623.0, 57198.0, 63941.0, 64409.0, 78986.0, 78992.0, 79888.0, 80331.0, 80772.0, 81786.0, 84287.0, 90522.0, 91461.0, 128989.0, 136227.0, 140606.0, 146664.0, 280636.0, 326624.0, 376267.0, 646658.0 
GO:0045171 CC 3.64e-04 10/1054    75/29107 D02 intercellular bridge                     2101.0, 9094.0, 9727.0, 11021.0, 51335.0, 63876.0, 65263.0, 79622.0, 84861.0, 200942.0 
GO:0008076 CC 4.52e-04 10/1054    77/29107 D07 voltage-gated potassium channel complex  610.0, 3749.0, 3754.0, 3757.0, 3761.0, 3780.0, 3785.0, 8514.0, 9132.0, 30818.0 
GO:0044305 CC 6.07e-04  5/1054    20/29107 D04 calyx of Held                            9256.0, 10815.0, 23413.0, 28964.0, 127262.0 
GO:0005912 CC 8.40e-04 15/1054   162/29107 D05 adherens junction                        4771.0, 5499.0, 9260.0, 9265.0, 10188.0, 11007.0, 23396.0, 57731.0, 64855.0, 84687.0, 84966.0, 114800.0, 126374.0, 317762.0, 389813.0 
GO:0033179 CC 8.72e-04  3/1054     6/29107 D04 proton-transporting V-type ATPase, V0 domain 527.0, 533.0, 155066.0 
GO:0044300 CC 8.72e-04  3/1054     6/29107 D06 cerebellar mossy fiber                   59284.0, 94030.0, 153090.0 
GO:0043679 CC 8.75e-04  8/1054    56/29107 D03 axon terminus                            152.0, 2002.0, 4985.0, 5798.0, 6620.0, 29993.0, 30818.0, 112476.0 
GO:0030687 CC 9.71e-04  5/1054    22/29107 D04 preribosome, large subunit precursor     3692.0, 23246.0, 51154.0, 56342.0, 84261.0 
GO:0005815 CC 1.08e-03 11/1054   101/29107 D02 microtubule organizing center            816.0, 5119.0, 5590.0, 23170.0, 23265.0, 57576.0, 80700.0, 83590.0, 90990.0, 115098.0, 222229.0 
GO:0042734 CC 1.11e-03  8/1054    58/29107 D05 presynaptic membrane                     5138.0, 9751.0, 9783.0, 55361.0, 57706.0, 84966.0, 94030.0, 112476.0 
GO:0106311 MF 1.11e-06 36/1054   359/29107 D07 protein threonine kinase activity        207.0, 613.0, 815.0, 816.0, 1020.0, 1455.0, 3654.0, 3984.0, 4294.0, 5127.0, 5170.0, 5590.0, 5600.0, 5605.0, 5871.0, 5891.0, 6794.0, 7016.0, 7786.0, 8536.0, 8986.0, 9024.0, 9344.0, 10188.0, 10290.0, 10494.0, 11040.0, 23552.0, 25989.0, 56924.0, 84033.0, 84254.0, 84446.0, 139728.0, 282974.0, 388228.0 
GO:0106310 MF 1.11e-06 36/1054   359/29107 D07 protein serine kinase activity           207.0, 613.0, 815.0, 816.0, 1020.0, 1455.0, 3654.0, 3984.0, 4294.0, 5127.0, 5170.0, 5590.0, 5600.0, 5605.0, 5871.0, 5891.0, 6794.0, 7016.0, 7786.0, 8536.0, 8986.0, 9024.0, 9344.0, 10188.0, 10290.0, 10494.0, 11040.0, 23552.0, 25989.0, 56924.0, 84033.0, 84254.0, 84446.0, 139728.0, 282974.0, 388228.0 
GO:0004674 MF 1.34e-06 30/1054   312/29107 D06 protein serine/threonine kinase activity 207.0, 613.0, 815.0, 1020.0, 1455.0, 3654.0, 3984.0, 4294.0, 5127.0, 5170.0, 5590.0, 5600.0, 5605.0, 5871.0, 5891.0, 6794.0, 7016.0, 7786.0, 8986.0, 9024.0, 9344.0, 10922.0, 11040.0, 25989.0, 56924.0, 84254.0, 84446.0, 203054.0, 282974.0, 388228.0 
GO:0046872 MF 2.87e-06 136/1054  2297/29107 D04 metal ion binding                        249.0, 271.0, 432.0, 747.0, 815.0, 1289.0, 1537.0, 1609.0, 2137.0, 2245.0, 2767.0, 2781.0, 3029.0, 3614.0, 3675.0, 3984.0, 4150.0, 4302.0, 4728.0, 4833.0, 4913.0, 5045.0, 5143.0, 5153.0, 5213.0, 5499.0, 5536.0, 5590.0, 5605.0, 5891.0, 5986.0, 6650.0, 7016.0, 7064.0, 7384.0, 7625.0, 8303.0, 8525.0, 8704.0, 9093.0, 9148.0, 9260.0, 9278.0, 9355.0, 9647.0, 9755.0, 10014.0, 10188.0, 10322.0, 10417.0, 10494.0, 10522.0, 10572.0, 10873.0, 11033.0, 11068.0, 11282.0, 23119.0, 23264.0, 23770.0, 25799.0, 26038.0, 26145.0, 26205.0, 27087.0, 27132.0, 27153.0, 28964.0, 29803.0, 50614.0, 51078.0, 51222.0, 54753.0, 54784.0, 54849.0, 55512.0, 55658.0, 55753.0, 55806.0, 56953.0, 57473.0, 57732.0, 58157.0, 58525.0, 63891.0, 64409.0, 64763.0, 65220.0, 79033.0, 79038.0, 79586.0, 79724.0, 79759.0, 80764.0, 80774.0, 81532.0, 81794.0, 83482.0, 83855.0, 84033.0, 84148.0, 84256.0, 84264.0, 84266.0, 84304.0, 84448.0, 84627.0, 84662.0, 84922.0, 84954.0, 92305.0, 114804.0, 116225.0, 116986.0, 116988.0, 118813.0, 126208.0, 126299.0, 126374.0, 130557.0, 136051.0, 140467.0, 140685.0, 148979.0, 149603.0, 155061.0, 161882.0, 163033.0, 196403.0, 200312.0, 256281.0, 282974.0, 284106.0, 388569.0, 399664.0, 727800.0 
GO:0005524 MF 3.47e-06 92/1054  1458/29107 D08 ATP binding                              156.0, 207.0, 495.0, 513.0, 613.0, 774.0, 815.0, 816.0, 997.0, 1020.0, 1152.0, 1455.0, 1609.0, 2051.0, 2185.0, 2193.0, 2870.0, 2987.0, 3035.0, 3654.0, 3705.0, 3706.0, 3767.0, 3984.0, 4145.0, 4294.0, 4833.0, 5127.0, 5170.0, 5213.0, 5524.0, 5536.0, 5590.0, 5600.0, 5605.0, 5871.0, 5891.0, 6794.0, 7016.0, 7301.0, 7329.0, 7786.0, 8396.0, 8525.0, 8536.0, 8566.0, 8986.0, 9024.0, 9040.0, 9093.0, 9127.0, 9344.0, 9401.0, 10120.0, 10121.0, 10188.0, 10290.0, 10494.0, 10922.0, 11040.0, 11344.0, 23170.0, 23396.0, 23457.0, 23552.0, 25989.0, 26038.0, 26153.0, 27183.0, 27338.0, 55152.0, 55210.0, 55224.0, 55361.0, 55739.0, 56848.0, 56924.0, 57198.0, 57576.0, 64147.0, 65220.0, 83549.0, 84033.0, 84254.0, 84446.0, 90990.0, 91461.0, 116986.0, 139728.0, 282974.0, 284656.0, 388228.0 
GO:0005515 MF 7.51e-06 724/1054 12418/29107 D02 protein binding                          147.0, 152.0, 156.0, 166.0, 207.0, 230.0, 249.0, 271.0, 286.0, 321.0, 327.0, 353.0, 381.0, 398.0, 408.0, 432.0, 513.0, 527.0, 533.0, 572.0, 575.0, 576.0, 605.0, 610.0, 613.0, 682.0, 738.0, 747.0, 752.0, 762.0, 774.0, 782.0, 784.0, 815.0, 816.0, 885.0, 887.0, 896.0, 997.0, 1020.0, 1032.0, 1137.0, 1152.0, 1212.0, 1289.0, 1351.0, 1394.0, 1397.0, 1455.0, 1487.0, 1537.0, 1609.0, 1621.0, 1627.0, 1840.0, 1845.0, 1855.0, 1938.0, 1944.0, 1947.0, 1951.0, 2002.0, 2016.0, 2039.0, 2063.0, 2067.0, 2101.0, 2114.0, 2134.0, 2137.0, 2185.0, 2193.0, 2563.0, 2671.0, 2767.0, 2781.0, 2788.0, 2870.0, 2879.0, 2906.0, 2962.0, 2987.0, 3029.0, 3049.0, 3159.0, 3265.0, 3338.0, 3489.0, 3607.0, 3632.0, 3654.0, 3675.0, 3692.0, 3714.0, 3749.0, 3754.0, 3757.0, 3761.0, 3765.0, 3767.0, 3768.0, 3785.0, 3954.0, 3984.0, 4061.0, 4062.0, 4097.0, 4145.0, 4150.0, 4245.0, 4282.0, 4298.0, 4302.0, 4350.0, 4665.0, 4681.0, 4713.0, 4716.0, 4728.0, 4771.0, 4796.0, 4833.0, 4913.0, 4946.0, 4985.0, 5045.0, 5064.0, 5119.0, 5127.0, 5138.0, 5153.0, 5170.0, 5213.0, 5300.0, 5413.0, 5434.0, 5463.0, 5499.0, 5524.0, 5526.0, 5536.0, 5575.0, 5590.0, 5600.0, 5605.0, 5657.0, 5662.0, 5798.0, 5833.0, 5871.0, 5881.0, 5909.0, 5914.0, 6141.0, 6182.0, 6253.0, 6256.0, 6320.0, 6324.0, 6455.0, 6487.0, 6508.0, 6620.0, 6650.0, 6722.0, 6794.0, 6804.0, 6919.0, 6923.0, 7001.0, 7016.0, 7030.0, 7036.0, 7064.0, 7067.0, 7087.0, 7089.0, 7126.0, 7187.0, 7260.0, 7264.0, 7301.0, 7329.0, 7376.0, 7384.0, 7433.0, 7477.0, 7480.0, 7732.0, 7755.0, 7786.0, 7975.0, 8045.0, 8079.0, 8266.0, 8270.0, 8313.0, 8314.0, 8325.0, 8396.0, 8448.0, 8497.0, 8514.0, 8525.0, 8534.0, 8536.0, 8541.0, 8636.0, 8646.0, 8764.0, 8861.0, 8986.0, 9028.0, 9040.0, 9066.0, 9093.0, 9094.0, 9132.0, 9143.0, 9145.0, 9208.0, 9256.0, 9260.0, 9265.0, 9275.0, 9278.0, 9344.0, 9355.0, 9391.0, 9394.0, 9399.0, 9401.0, 9478.0, 9479.0, 9513.0, 9600.0, 9610.0, 9647.0, 9672.0, 9684.0, 9688.0, 9715.0, 9727.0, 9751.0, 9755.0, 9783.0, 9806.0, 9811.0, 9820.0, 9854.0, 9858.0, 9929.0, 10005.0, 10014.0, 10043.0, 10078.0, 10093.0, 10120.0, 10121.0, 10126.0, 10188.0, 10227.0, 10248.0, 10267.0, 10273.0, 10290.0, 10300.0, 10309.0, 10322.0, 10361.0, 10417.0, 10422.0, 10423.0, 10445.0, 10452.0, 10474.0, 10494.0, 10501.0, 10522.0, 10534.0, 10567.0, 10572.0, 10573.0, 10587.0, 10589.0, 10608.0, 10634.0, 10636.0, 10755.0, 10801.0, 10809.0, 10815.0, 10817.0, 10900.0, 10904.0, 10921.0, 10922.0, 11007.0, 11021.0, 11033.0, 11040.0, 11047.0, 11054.0, 11068.0, 11070.0, 11142.0, 11151.0, 11156.0, 11178.0, 11182.0, 11282.0, 11285.0, 11313.0, 11334.0, 11343.0, 11344.0, 11346.0, 22870.0, 23062.0, 23109.0, 23119.0, 23138.0, 23151.0, 23170.0, 23207.0, 23221.0, 23246.0, 23264.0, 23265.0, 23288.0, 23386.0, 23396.0, 23410.0, 23413.0, 23416.0, 23457.0, 23463.0, 23466.0, 23492.0, 23542.0, 23552.0, 23567.0, 23640.0, 23770.0, 25803.0, 25804.0, 25824.0, 25837.0, 25876.0, 25911.0, 25920.0, 25960.0, 25989.0, 26017.0, 26051.0, 26073.0, 26086.0, 26145.0, 26153.0, 26168.0, 26205.0, 26232.0, 27077.0, 27087.0, 27111.0, 27124.0, 27132.0, 27153.0, 27165.0, 27183.0, 27239.0, 27254.0, 27338.0, 27352.0, 28955.0, 28964.0, 29085.0, 29086.0, 29888.0, 29890.0, 29903.0, 29944.0, 29993.0, 30000.0, 30815.0, 30818.0, 50512.0, 50632.0, 50649.0, 50855.0, 50861.0, 50944.0, 51016.0, 51021.0, 51027.0, 51073.0, 51078.0, 51127.0, 51154.0, 51160.0, 51162.0, 51172.0, 51177.0, 51222.0, 51257.0, 51282.0, 51286.0, 51293.0, 51295.0, 51308.0, 51335.0, 51368.0, 51373.0, 51548.0, 53615.0, 53822.0, 54461.0, 54472.0, 54620.0, 54776.0, 54784.0, 54785.0, 54815.0, 54946.0, 54958.0, 54998.0, 55011.0, 55040.0, 55049.0, 55090.0, 55108.0, 55111.0, 55152.0, 55210.0, 55222.0, 55224.0, 55257.0, 55262.0, 55295.0, 55337.0, 55361.0, 55512.0, 55527.0, 55611.0, 55615.0, 55643.0, 55658.0, 55670.0, 55684.0, 55715.0, 55735.0, 55739.0, 55753.0, 55806.0, 55815.0, 55897.0, 55909.0, 56181.0, 56262.0, 56341.0, 56654.0, 56672.0, 56848.0, 56850.0, 56894.0, 56924.0, 56970.0, 57026.0, 57184.0, 57198.0, 57222.0, 57338.0, 57418.0, 57461.0, 57465.0, 57473.0, 57524.0, 57596.0, 57662.0, 57731.0, 57732.0, 57801.0, 58157.0, 58512.0, 58525.0, 58986.0, 59284.0, 60314.0, 60680.0, 63876.0, 63941.0, 64061.0, 64101.0, 64147.0, 64223.0, 64377.0, 64771.0, 64855.0, 64897.0, 64975.0, 65009.0, 65078.0, 65220.0, 65263.0, 65990.0, 65992.0, 66005.0, 78986.0, 78992.0, 78999.0, 79016.0, 79035.0, 79038.0, 79085.0, 79089.0, 79095.0, 79096.0, 79137.0, 79169.0, 79176.0, 79363.0, 79575.0, 79581.0, 79622.0, 79724.0, 79734.0, 79763.0, 79786.0, 79803.0, 79847.0, 80023.0, 80097.0, 80142.0, 80148.0, 80228.0, 80331.0, 80700.0, 80757.0, 80758.0, 80764.0, 80774.0, 80851.0, 81532.0, 81559.0, 81621.0, 81786.0, 81794.0, 81926.0, 83394.0, 83590.0, 83605.0, 83638.0, 83692.0, 83746.0, 83855.0, 83862.0, 83873.0, 83874.0, 83999.0, 84033.0, 84065.0, 84148.0, 84231.0, 84232.0, 84254.0, 84256.0, 84261.0, 84262.0, 84264.0, 84266.0, 84279.0, 84287.0, 84292.0, 84300.0, 84303.0, 84304.0, 84309.0, 84310.0, 84315.0, 84316.0, 84331.0, 84502.0, 84662.0, 84687.0, 84823.0, 84861.0, 84867.0, 84892.0, 84895.0, 84934.0, 84954.0, 84988.0, 84993.0, 85014.0, 85352.0, 85358.0, 85359.0, 85395.0, 85409.0, 89792.0, 89891.0, 90120.0, 90522.0, 90557.0, 90580.0, 91056.0, 91522.0, 91544.0, 91582.0, 91608.0, 92609.0, 92840.0, 93611.0, 93624.0, 94103.0, 112464.0, 112476.0, 112939.0, 113000.0, 113246.0, 113655.0, 114757.0, 114800.0, 114900.0, 115024.0, 115708.0, 116138.0, 116225.0, 116841.0, 116986.0, 118813.0, 118881.0, 123591.0, 124044.0, 124056.0, 124402.0, 125058.0, 125988.0, 126282.0, 126299.0, 126374.0, 126433.0, 127281.0, 128434.0, 129138.0, 129880.0, 130557.0, 136051.0, 138311.0, 138716.0, 140459.0, 140465.0, 140606.0, 140730.0, 144097.0, 144347.0, 144699.0, 146433.0, 146664.0, 146760.0, 147965.0, 148022.0, 148223.0, 148979.0, 149473.0, 149603.0, 150379.0, 151354.0, 152789.0, 153090.0, 155061.0, 155382.0, 161145.0, 161882.0, 162427.0, 162515.0, 170394.0, 170463.0, 171568.0, 192111.0, 192668.0, 196403.0, 197257.0, 203054.0, 205147.0, 221424.0, 222229.0, 246330.0, 254263.0, 255043.0, 256281.0, 256302.0, 257364.0, 282974.0, 283985.0, 284352.0, 284439.0, 284656.0, 285613.0, 286077.0, 286257.0, 286336.0, 326624.0, 339123.0, 339230.0, 339344.0, 339451.0, 339983.0, 342977.0, 348180.0, 348262.0, 374882.0, 375323.0, 376267.0, 388135.0, 402381.0, 642968.0, 653319.0, 653784.0, 727800.0, 729438.0, 780776.0, 100132341.0, 100533183.0 
GO:0004683 MF 8.47e-06  7/1054    22/29107 D07 calmodulin-dependent protein kinase activity 815.0, 816.0, 2185.0, 3706.0, 8536.0, 84254.0, 139728.0 
GO:0005249 MF 3.99e-05 10/1054    58/29107 D09 voltage-gated potassium channel activity 610.0, 3749.0, 3754.0, 3757.0, 3767.0, 3785.0, 8514.0, 9132.0, 23416.0, 51305.0 
GO:0004984 MF 1.93e-06  0/1054   399/29107 D04 olfactory receptor activity               
