GO:1902667 BP 3.77e-06   3/212     5/29107 D06 regulation of axon guidance              4858.0, 23077.0, 54915.0 
GO:0016020 CC 7.12e-07  45/212  2120/29107 D02 membrane                                 16.0, 163.0, 476.0, 488.0, 493.0, 1314.0, 1740.0, 1778.0, 1994.0, 2132.0, 2547.0, 3480.0, 3939.0, 3964.0, 4522.0, 5093.0, 5591.0, 5700.0, 5705.0, 5869.0, 6217.0, 6709.0, 6780.0, 6844.0, 7248.0, 9343.0, 9491.0, 9777.0, 10075.0, 10197.0, 10594.0, 11128.0, 11230.0, 23077.0, 23332.0, 23339.0, 23367.0, 23420.0, 23633.0, 26003.0, 27229.0, 55275.0, 56478.0, 89782.0, 140735.0 
GO:0098978 CC 1.11e-06  13/212   332/29107 D04 glutamatergic synapse                    163.0, 493.0, 1994.0, 6711.0, 6780.0, 6812.0, 8650.0, 57460.0, 84062.0, 114798.0, 140735.0, 146395.0, 729993.0 
GO:0005654 CC 1.72e-06  61/212  3805/29107 D02 nucleoplasm                              328.0, 1994.0, 2547.0, 3064.0, 3899.0, 5093.0, 5591.0, 5695.0, 5700.0, 5705.0, 6217.0, 6812.0, 6830.0, 6879.0, 6942.0, 7014.0, 7706.0, 7799.0, 8480.0, 8945.0, 9100.0, 9221.0, 9240.0, 9343.0, 9491.0, 9730.0, 9825.0, 10075.0, 10133.0, 10197.0, 10594.0, 10614.0, 10618.0, 10980.0, 11044.0, 11128.0, 11143.0, 22880.0, 23077.0, 23089.0, 23248.0, 23450.0, 23633.0, 23641.0, 55122.0, 55731.0, 55810.0, 55968.0, 56919.0, 57050.0, 57460.0, 59343.0, 65264.0, 79837.0, 81609.0, 83860.0, 84159.0, 84181.0, 91603.0, 131870.0, 147179.0 
GO:0005634 CC 1.80e-06  72/212  5368/29107 D05 nucleus                                  328.0, 473.0, 1431.0, 1994.0, 2547.0, 3064.0, 3069.0, 3899.0, 3939.0, 4858.0, 5093.0, 5306.0, 5591.0, 5695.0, 5700.0, 5705.0, 6727.0, 6942.0, 7014.0, 7248.0, 7799.0, 8480.0, 8650.0, 9100.0, 9343.0, 9730.0, 9878.0, 9887.0, 9898.0, 10075.0, 10133.0, 10197.0, 10594.0, 10614.0, 10670.0, 11044.0, 11143.0, 22864.0, 22880.0, 22954.0, 23077.0, 23270.0, 23450.0, 23633.0, 23641.0, 25999.0, 26011.0, 29978.0, 51603.0, 55122.0, 55810.0, 55968.0, 56478.0, 56919.0, 57050.0, 57103.0, 57460.0, 57541.0, 58497.0, 59269.0, 59343.0, 65264.0, 81566.0, 83860.0, 84062.0, 84159.0, 85453.0, 91603.0, 114991.0, 131870.0, 140735.0, 152485.0 
GO:0005737 CC 1.90e-06  76/212  4681/29107 D02 cytoplasm                                16.0, 328.0, 351.0, 1314.0, 1994.0, 2617.0, 3064.0, 3069.0, 3964.0, 4858.0, 5093.0, 5306.0, 5705.0, 6711.0, 6727.0, 6780.0, 6812.0, 6879.0, 7248.0, 8455.0, 8480.0, 8522.0, 8565.0, 8650.0, 9100.0, 9221.0, 9240.0, 9675.0, 9730.0, 9825.0, 9887.0, 9898.0, 10075.0, 10133.0, 10197.0, 10614.0, 10670.0, 10982.0, 22848.0, 22880.0, 22928.0, 22954.0, 23077.0, 23089.0, 23339.0, 23367.0, 23399.0, 23633.0, 25778.0, 25999.0, 26011.0, 27102.0, 27242.0, 29978.0, 30011.0, 51603.0, 54434.0, 54915.0, 56478.0, 56919.0, 57103.0, 57446.0, 57460.0, 57562.0, 58497.0, 59269.0, 80146.0, 83660.0, 84062.0, 89782.0, 127544.0, 131870.0, 157922.0, 221477.0, 283455.0, 389072.0 
GO:0005829 CC 2.47e-06  89/212  5295/29107 D02 cytosol                                  16.0, 31.0, 163.0, 287.0, 351.0, 867.0, 1314.0, 1740.0, 1778.0, 1795.0, 1994.0, 2547.0, 2617.0, 3064.0, 3069.0, 3899.0, 3939.0, 3964.0, 4131.0, 4522.0, 5093.0, 5306.0, 5591.0, 5695.0, 5700.0, 5705.0, 6176.0, 6217.0, 6709.0, 6711.0, 6727.0, 6730.0, 6780.0, 6812.0, 6844.0, 7248.0, 7706.0, 8226.0, 8565.0, 8660.0, 8672.0, 8867.0, 8945.0, 9100.0, 9240.0, 9343.0, 9372.0, 9491.0, 9851.0, 9887.0, 10075.0, 10133.0, 10197.0, 10670.0, 10980.0, 11128.0, 11143.0, 22848.0, 22880.0, 22928.0, 22954.0, 23089.0, 23136.0, 23332.0, 25999.0, 27154.0, 27229.0, 29978.0, 30011.0, 50807.0, 54434.0, 55275.0, 55968.0, 56478.0, 57103.0, 58497.0, 59343.0, 65059.0, 65264.0, 79837.0, 81609.0, 84062.0, 89782.0, 127544.0, 140735.0, 147179.0, 283455.0, 643246.0, 644150.0 
GO:0005769 CC 4.81e-06  11/212   268/29107 D08 early endosome                           287.0, 351.0, 1183.0, 3064.0, 5869.0, 8650.0, 9100.0, 9372.0, 9777.0, 10079.0, 81609.0 
GO:0010494 CC 1.99e-05   6/212    76/29107 D07 cytoplasmic stress granule               1994.0, 6780.0, 7706.0, 9898.0, 23367.0, 54915.0 
GO:0030424 CC 2.38e-05  11/212   318/29107 D05 axon                                     351.0, 476.0, 2617.0, 3064.0, 3480.0, 4131.0, 6812.0, 23077.0, 26115.0, 27242.0, 84062.0 
GO:0048471 CC 7.46e-05  16/212   713/29107 D02 perinuclear region of cytoplasm          328.0, 351.0, 488.0, 867.0, 3064.0, 4131.0, 6812.0, 6844.0, 7248.0, 8867.0, 9491.0, 10079.0, 10133.0, 10980.0, 55275.0, 83698.0 
GO:0014069 CC 8.90e-05   9/212   247/29107 D04 postsynaptic density                     476.0, 1740.0, 3750.0, 4131.0, 6711.0, 7248.0, 84062.0, 140735.0, 729993.0 
GO:0005776 CC 1.61e-04   5/212    70/29107 D06 autophagosome                            3064.0, 10133.0, 29978.0, 79837.0, 643246.0 
GO:0030315 CC 2.46e-04   4/212    42/29107 D02 T-tubule                                 287.0, 476.0, 493.0, 2806.0 
GO:0016323 CC 2.66e-04   8/212   226/29107 D04 basolateral plasma membrane              287.0, 476.0, 493.0, 1740.0, 8650.0, 9990.0, 25778.0, 54805.0 
GO:0005925 CC 2.68e-04  11/212   418/29107 D05 focal adhesion                           867.0, 6176.0, 6217.0, 6730.0, 8650.0, 10982.0, 23332.0, 30011.0, 58497.0, 83660.0, 89782.0 
GO:0032991 CC 2.86e-04  14/212   643/29107 D01 protein-containing complex               476.0, 488.0, 493.0, 2547.0, 2806.0, 3064.0, 5591.0, 6812.0, 7248.0, 8660.0, 9100.0, 9372.0, 23065.0, 283820.0 
GO:0055037 CC 3.31e-04   6/212   126/29107 D08 recycling endosome                       287.0, 351.0, 1183.0, 10079.0, 27229.0, 55275.0 
GO:0030426 CC 4.60e-04   6/212   134/29107 D03 growth cone                              867.0, 1314.0, 4131.0, 7248.0, 54434.0, 84062.0 
GO:0035371 CC 5.30e-04   3/212    22/29107 D03 microtubule plus-end                     10982.0, 23332.0, 25999.0 
GO:0005524 MF 9.28e-07  32/212  1458/29107 D08 ATP binding                              16.0, 31.0, 476.0, 488.0, 493.0, 1183.0, 1185.0, 1778.0, 2547.0, 2617.0, 3480.0, 4522.0, 5591.0, 5700.0, 5705.0, 8565.0, 9221.0, 9730.0, 10079.0, 11044.0, 22848.0, 22880.0, 22928.0, 25778.0, 27102.0, 54805.0, 56919.0, 65264.0, 79837.0, 84181.0, 84197.0, 283455.0 
GO:0003723 MF 1.11e-06  40/212  1388/29107 D04 RNA binding                              328.0, 1431.0, 1778.0, 1994.0, 2547.0, 2806.0, 3069.0, 4858.0, 5093.0, 5591.0, 5700.0, 6217.0, 6711.0, 6727.0, 6730.0, 6780.0, 6812.0, 6830.0, 6942.0, 7706.0, 8480.0, 8565.0, 8672.0, 8867.0, 9100.0, 9221.0, 9343.0, 9898.0, 10075.0, 10594.0, 22864.0, 22954.0, 23089.0, 23367.0, 54915.0, 56478.0, 56919.0, 57050.0, 340529.0, 645974.0 
GO:0005515 MF 2.50e-06 159/212 12418/29107 D02 protein binding                          31.0, 163.0, 287.0, 328.0, 351.0, 473.0, 476.0, 488.0, 493.0, 867.0, 1183.0, 1314.0, 1678.0, 1740.0, 1778.0, 1795.0, 1994.0, 2132.0, 2547.0, 2617.0, 3064.0, 3069.0, 3480.0, 3939.0, 3964.0, 4131.0, 4232.0, 4522.0, 5093.0, 5306.0, 5591.0, 5695.0, 5700.0, 5705.0, 5869.0, 6176.0, 6217.0, 6709.0, 6711.0, 6727.0, 6730.0, 6780.0, 6812.0, 6830.0, 6844.0, 6879.0, 6942.0, 7014.0, 7248.0, 7706.0, 8226.0, 8480.0, 8522.0, 8565.0, 8650.0, 8660.0, 8945.0, 9100.0, 9221.0, 9240.0, 9343.0, 9372.0, 9491.0, 9675.0, 9730.0, 9777.0, 9825.0, 9851.0, 9878.0, 9887.0, 9898.0, 10075.0, 10079.0, 10098.0, 10133.0, 10197.0, 10594.0, 10614.0, 10618.0, 10670.0, 10980.0, 10982.0, 11143.0, 11230.0, 22848.0, 22864.0, 22880.0, 22954.0, 23077.0, 23089.0, 23136.0, 23174.0, 23270.0, 23332.0, 23339.0, 23367.0, 23399.0, 23420.0, 23450.0, 23633.0, 23641.0, 25999.0, 26003.0, 26011.0, 27102.0, 27154.0, 27229.0, 27242.0, 29978.0, 30011.0, 50807.0, 51603.0, 54434.0, 54471.0, 54887.0, 54915.0, 55122.0, 55275.0, 55346.0, 55731.0, 55810.0, 55968.0, 56478.0, 56919.0, 57050.0, 57103.0, 57460.0, 57541.0, 57562.0, 58497.0, 59343.0, 65059.0, 65264.0, 79837.0, 81566.0, 81609.0, 83660.0, 83698.0, 83860.0, 84062.0, 84159.0, 84197.0, 85453.0, 91603.0, 114798.0, 114991.0, 127544.0, 140735.0, 146395.0, 147179.0, 152485.0, 206358.0, 221477.0, 222255.0, 283450.0, 283455.0, 283820.0, 374920.0, 643853.0 
GO:0042802 MF 1.31e-05  27/212  1494/29107 D03 identical protein binding                31.0, 351.0, 1678.0, 2617.0, 2806.0, 3064.0, 3480.0, 3939.0, 6812.0, 6844.0, 10133.0, 10197.0, 10614.0, 10982.0, 22954.0, 23077.0, 29978.0, 54471.0, 54887.0, 55122.0, 55810.0, 57460.0, 79837.0, 80146.0, 114991.0, 131870.0, 140735.0 
GO:0044877 MF 1.51e-05  12/212   361/29107 D02 protein-containing complex binding       163.0, 328.0, 2547.0, 4131.0, 6711.0, 6844.0, 7014.0, 7248.0, 8867.0, 9825.0, 23450.0, 140735.0 
GO:0003729 MF 2.26e-05   9/212   207/29107 D05 mRNA binding                             1994.0, 3069.0, 4858.0, 5093.0, 8672.0, 54915.0, 56478.0, 56919.0, 131870.0 
GO:0003691 MF 3.10e-05   3/212     9/29107 D07 double-stranded telomeric DNA binding    328.0, 2547.0, 7014.0 
GO:0030623 MF 5.28e-05   2/212     2/29107 D06 U5 snRNA binding                         9343.0, 10594.0 
GO:0005200 MF 9.91e-05   6/212   101/29107 D02 structural constituent of cytoskeleton   287.0, 6709.0, 6711.0, 23136.0, 27229.0, 83660.0 
