GO:0050808 BP 1.04e-06   7/180    54/29107 D05 synapse organization                     3897.0, 4137.0, 6543.0, 6853.0, 56097.0, 56098.0, 80863.0 
GO:0050804 BP 2.15e-06   6/180    61/29107 D06 modulation of chemical synaptic transmission 29.0, 773.0, 1759.0, 2901.0, 5566.0, 23096.0 
GO:0007156 BP 9.61e-06   8/180   166/29107 D05 homophilic cell adhesion via plasma membrane adhesion molecules 1952.0, 3897.0, 5097.0, 5818.0, 22883.0, 56097.0, 56098.0, 92211.0 
GO:0097091 BP 1.27e-05   3/180     8/29107 D06 synaptic vesicle clustering              5864.0, 6853.0, 8224.0 
GO:0048167 BP 1.45e-05   5/180    50/29107 D07 regulation of synaptic plasticity        2902.0, 4130.0, 4137.0, 5923.0, 8831.0 
GO:0008021 CC 8.94e-08  12/180   125/29107 D09 synaptic vesicle                         547.0, 1759.0, 2902.0, 5864.0, 6853.0, 8224.0, 8927.0, 9922.0, 22895.0, 54732.0, 112755.0, 203190.0 
GO:0030672 CC 3.91e-07   7/180    74/29107 D08 synaptic vesicle membrane                6853.0, 8224.0, 8927.0, 22895.0, 57030.0, 80262.0, 80863.0 
GO:0030425 CC 4.23e-07  21/180   422/29107 D05 dendrite                                 547.0, 2011.0, 2475.0, 2901.0, 2902.0, 3054.0, 3897.0, 4035.0, 4130.0, 4137.0, 5518.0, 5582.0, 5818.0, 6543.0, 6853.0, 8927.0, 50488.0, 51764.0, 57692.0, 57787.0, 80262.0 
GO:0014069 CC 4.40e-07  11/180   247/29107 D04 postsynaptic density                     2902.0, 5582.0, 6543.0, 6853.0, 8224.0, 8831.0, 8927.0, 9922.0, 22859.0, 50488.0, 59283.0 
GO:0030424 CC 7.61e-07  18/180   318/29107 D05 axon                                     29.0, 478.0, 547.0, 2664.0, 3054.0, 3748.0, 3897.0, 4130.0, 4137.0, 5864.0, 6543.0, 6853.0, 8567.0, 8927.0, 11315.0, 22859.0, 50488.0, 112755.0 
GO:0016020 CC 7.76e-07  42/180  2120/29107 D02 membrane                                 29.0, 47.0, 160.0, 396.0, 478.0, 1209.0, 1759.0, 1981.0, 2010.0, 2011.0, 2475.0, 2778.0, 2821.0, 2975.0, 3054.0, 4035.0, 4137.0, 4363.0, 5141.0, 5297.0, 5298.0, 5518.0, 5566.0, 5818.0, 6541.0, 6543.0, 8729.0, 9099.0, 9827.0, 9922.0, 10391.0, 23193.0, 23344.0, 27044.0, 27339.0, 50628.0, 80789.0, 80863.0, 112755.0, 124583.0, 140885.0, 196500.0 
GO:0005794 CC 9.18e-07  23/180   988/29107 D05 Golgi apparatus                          162.0, 478.0, 535.0, 1200.0, 1453.0, 1759.0, 2664.0, 4035.0, 6853.0, 8729.0, 9092.0, 10046.0, 22820.0, 22895.0, 23094.0, 23163.0, 23193.0, 23274.0, 50488.0, 54732.0, 55690.0, 58485.0, 124583.0 
GO:0005654 CC 1.05e-06  58/180  3805/29107 D02 nucleoplasm                              47.0, 607.0, 1453.0, 1759.0, 2010.0, 2011.0, 2475.0, 2821.0, 2901.0, 2975.0, 3054.0, 3619.0, 4204.0, 4209.0, 4335.0, 4782.0, 5097.0, 5141.0, 5566.0, 5976.0, 6497.0, 6548.0, 6878.0, 7090.0, 7317.0, 7415.0, 7703.0, 8237.0, 8242.0, 9092.0, 9099.0, 9203.0, 9441.0, 9687.0, 10046.0, 10262.0, 10579.0, 10726.0, 11315.0, 11332.0, 22974.0, 23094.0, 23211.0, 23309.0, 23326.0, 27339.0, 29123.0, 50628.0, 57591.0, 63893.0, 64207.0, 80212.0, 80789.0, 80790.0, 116447.0, 148479.0, 221937.0, 283149.0 
GO:0098978 CC 1.19e-06  12/180   332/29107 D04 glutamatergic synapse                    29.0, 1759.0, 2475.0, 2901.0, 7415.0, 8224.0, 8831.0, 8927.0, 22839.0, 22883.0, 23467.0, 80863.0 
GO:0005829 CC 1.35e-06  68/180  5295/29107 D02 cytosol                                  29.0, 47.0, 50.0, 160.0, 161.0, 162.0, 396.0, 535.0, 547.0, 1453.0, 1981.0, 2010.0, 2036.0, 2475.0, 2664.0, 2778.0, 2821.0, 2889.0, 3098.0, 3619.0, 4130.0, 4137.0, 4204.0, 5141.0, 5297.0, 5298.0, 5518.0, 5566.0, 5582.0, 5864.0, 5923.0, 5976.0, 6853.0, 6878.0, 7317.0, 7415.0, 8237.0, 8242.0, 8567.0, 8729.0, 8831.0, 9092.0, 9827.0, 10579.0, 10726.0, 11315.0, 11332.0, 22820.0, 22895.0, 22974.0, 23211.0, 23274.0, 27044.0, 29123.0, 50488.0, 50628.0, 55593.0, 55690.0, 55697.0, 57591.0, 57787.0, 58485.0, 63893.0, 65268.0, 79705.0, 80789.0, 80790.0, 112755.0 
GO:0043005 CC 1.44e-06  12/180   338/29107 D04 neuron projection                        1453.0, 2821.0, 2902.0, 4130.0, 4137.0, 5923.0, 22859.0, 22895.0, 57030.0, 57699.0, 57787.0, 203190.0 
GO:0005886 CC 2.03e-06  58/180  4487/29107 D03 plasma membrane                          21.0, 47.0, 160.0, 161.0, 478.0, 535.0, 773.0, 1453.0, 1759.0, 1952.0, 2011.0, 2036.0, 2821.0, 2901.0, 2902.0, 3748.0, 3897.0, 4035.0, 4137.0, 4363.0, 4882.0, 5097.0, 5141.0, 5297.0, 5582.0, 5660.0, 5818.0, 5864.0, 5923.0, 6541.0, 6543.0, 6548.0, 8567.0, 8831.0, 9254.0, 9500.0, 9827.0, 10579.0, 11315.0, 22839.0, 22859.0, 23094.0, 23344.0, 26470.0, 51754.0, 51764.0, 57030.0, 57156.0, 57692.0, 57699.0, 59283.0, 65268.0, 85455.0, 112755.0, 124583.0, 124925.0, 140885.0, 196500.0 
GO:0043025 CC 2.39e-06  12/180   355/29107 D03 neuronal cell body                       478.0, 547.0, 773.0, 2475.0, 2664.0, 3054.0, 3897.0, 4035.0, 4130.0, 4137.0, 6543.0, 124925.0 
GO:0005737 CC 1.46e-05  52/180  4681/29107 D02 cytoplasm                                726.0, 773.0, 1453.0, 1759.0, 1952.0, 1981.0, 2010.0, 2011.0, 2475.0, 2664.0, 2889.0, 2902.0, 3054.0, 4130.0, 4137.0, 4209.0, 5297.0, 5298.0, 5518.0, 5566.0, 5976.0, 6497.0, 6548.0, 7317.0, 7415.0, 8567.0, 9092.0, 9099.0, 9500.0, 9921.0, 10391.0, 10579.0, 10726.0, 11315.0, 22924.0, 23094.0, 23096.0, 23309.0, 23558.0, 27044.0, 27339.0, 50488.0, 50628.0, 55819.0, 57591.0, 57787.0, 63893.0, 65268.0, 79705.0, 80212.0, 80789.0, 221937.0 
GO:0005819 CC 1.47e-05   7/180   127/29107 D05 spindle                                  1453.0, 2010.0, 3619.0, 10726.0, 22974.0, 27339.0, 112755.0 
GO:0045202 CC 4.78e-05  11/180   405/29107 D03 synapse                                  396.0, 478.0, 726.0, 773.0, 1759.0, 2902.0, 4130.0, 6543.0, 8567.0, 22859.0, 22895.0 
GO:0043197 CC 5.98e-05   7/180   158/29107 D06 dendritic spine                          29.0, 2902.0, 4137.0, 5566.0, 6543.0, 22895.0, 124925.0 
GO:1990907 CC 6.36e-05   3/180    13/29107 D04 beta-catenin-TCF complex                 607.0, 7090.0, 283149.0 
GO:0070062 CC 8.09e-05  29/180  2169/29107 D06 extracellular exosome                    47.0, 396.0, 535.0, 537.0, 726.0, 1200.0, 1759.0, 1954.0, 2778.0, 2821.0, 4363.0, 5297.0, 5518.0, 5566.0, 5660.0, 6548.0, 7317.0, 7415.0, 9687.0, 11315.0, 11332.0, 23193.0, 27044.0, 50488.0, 50628.0, 54732.0, 57699.0, 124583.0, 140885.0 
GO:0005634 CC 9.64e-05  55/180  5368/29107 D05 nucleus                                  396.0, 773.0, 1453.0, 1954.0, 1981.0, 2475.0, 3054.0, 3619.0, 4035.0, 4137.0, 4204.0, 4209.0, 4782.0, 5141.0, 5326.0, 5518.0, 5566.0, 5582.0, 5976.0, 6497.0, 7090.0, 7317.0, 7415.0, 7701.0, 7703.0, 8237.0, 8242.0, 8927.0, 9092.0, 9500.0, 9921.0, 10262.0, 11315.0, 22883.0, 22974.0, 23125.0, 23211.0, 23309.0, 23558.0, 27044.0, 27339.0, 29123.0, 51754.0, 57538.0, 57591.0, 57692.0, 57693.0, 63893.0, 64207.0, 80789.0, 112755.0, 116113.0, 148479.0, 221937.0, 283149.0 
GO:0048786 CC 9.82e-05   4/180    39/29107 D02 presynaptic active zone                  5864.0, 6853.0, 8927.0, 57030.0 
GO:0048471 CC 1.51e-04  14/180   713/29107 D02 perinuclear region of cytoplasm          535.0, 547.0, 1453.0, 5141.0, 5298.0, 5566.0, 5582.0, 5864.0, 6548.0, 7415.0, 9099.0, 11315.0, 57692.0, 124925.0 
GO:0036020 CC 1.77e-04   3/180    18/29107 D08 endolysosome membrane                    160.0, 161.0, 23274.0 
GO:0060203 CC 2.26e-04   2/180     4/29107 D08 clathrin-sculpted glutamate transport vesicle membrane 5864.0, 57030.0 
GO:0045211 CC 2.34e-04   6/180   139/29107 D05 postsynaptic membrane                    2901.0, 2902.0, 3748.0, 22883.0, 22895.0, 57692.0 
GO:0016323 CC 5.38e-04   7/180   226/29107 D04 basolateral plasma membrane              160.0, 4035.0, 4363.0, 6541.0, 6543.0, 6548.0, 196500.0 
GO:0005891 CC 6.10e-04   3/180    27/29107 D07 voltage-gated calcium channel complex    773.0, 9254.0, 59283.0 
GO:0032991 CC 7.00e-04  12/180   643/29107 D01 protein-containing complex               2664.0, 3054.0, 3619.0, 5864.0, 6497.0, 6541.0, 6878.0, 7415.0, 9500.0, 9827.0, 22895.0, 23163.0 
GO:0030122 CC 7.83e-04   2/180     7/29107 D05 AP-2 adaptor complex                     160.0, 161.0 
GO:0043231 CC 8.28e-04  14/180   846/29107 D04 intracellular membrane-bounded organelle 21.0, 162.0, 535.0, 2889.0, 4209.0, 5097.0, 5660.0, 5818.0, 7415.0, 9922.0, 23193.0, 55697.0, 79705.0, 80212.0 
GO:0003713 MF 2.26e-07  11/180   231/29107 D03 transcription coactivator activity       607.0, 3054.0, 6878.0, 9441.0, 9500.0, 11315.0, 23125.0, 23326.0, 23558.0, 57591.0, 283149.0 
GO:0005524 MF 1.18e-06  28/180  1458/29107 D08 ATP binding                              21.0, 47.0, 478.0, 537.0, 547.0, 1453.0, 1981.0, 2011.0, 2475.0, 3098.0, 4363.0, 4882.0, 5297.0, 5298.0, 5566.0, 5582.0, 5976.0, 6853.0, 7317.0, 7415.0, 8224.0, 23031.0, 50488.0, 57538.0, 57787.0, 63893.0, 65268.0, 79705.0 
GO:0005515 MF 2.23e-06 128/180 12418/29107 D02 protein binding                          29.0, 47.0, 160.0, 161.0, 162.0, 396.0, 478.0, 535.0, 537.0, 547.0, 607.0, 773.0, 1200.0, 1209.0, 1453.0, 1759.0, 1954.0, 1981.0, 2010.0, 2011.0, 2036.0, 2475.0, 2664.0, 2778.0, 2821.0, 2889.0, 2902.0, 2975.0, 3054.0, 3098.0, 3619.0, 3897.0, 4035.0, 4130.0, 4137.0, 4204.0, 4209.0, 4335.0, 4882.0, 4943.0, 5141.0, 5297.0, 5298.0, 5326.0, 5518.0, 5566.0, 5582.0, 5660.0, 5818.0, 5864.0, 5976.0, 6497.0, 6541.0, 6548.0, 6585.0, 6878.0, 7090.0, 7317.0, 7415.0, 7703.0, 8237.0, 8242.0, 8506.0, 8567.0, 8729.0, 8831.0, 9092.0, 9099.0, 9203.0, 9441.0, 9500.0, 9827.0, 9921.0, 9922.0, 10262.0, 10391.0, 10726.0, 11315.0, 11332.0, 22820.0, 22839.0, 22859.0, 22883.0, 22895.0, 22924.0, 22974.0, 23031.0, 23094.0, 23125.0, 23163.0, 23193.0, 23309.0, 23326.0, 23344.0, 23558.0, 27044.0, 27339.0, 50488.0, 50628.0, 51754.0, 51764.0, 54732.0, 55690.0, 55697.0, 57470.0, 57591.0, 57692.0, 57693.0, 57787.0, 58485.0, 63893.0, 64207.0, 79102.0, 79705.0, 80020.0, 80212.0, 80262.0, 80789.0, 80790.0, 112755.0, 116113.0, 124583.0, 124925.0, 149986.0, 196500.0, 221937.0, 283373.0, 348013.0 
GO:0019901 MF 7.84e-06  13/180   469/29107 D05 protein kinase binding                   160.0, 161.0, 162.0, 396.0, 1759.0, 2475.0, 4137.0, 5566.0, 6497.0, 6853.0, 22924.0, 22974.0, 112755.0 
GO:0106311 MF 1.59e-05  11/180   359/29107 D07 protein threonine kinase activity        1453.0, 2011.0, 2475.0, 5566.0, 5582.0, 23031.0, 50488.0, 57538.0, 57787.0, 65268.0, 79705.0 
GO:0106310 MF 1.59e-05  11/180   359/29107 D07 protein serine kinase activity           1453.0, 2011.0, 2475.0, 5566.0, 5582.0, 23031.0, 50488.0, 57538.0, 57787.0, 65268.0, 79705.0 
GO:0017124 MF 1.63e-05   7/180   129/29107 D04 SH3 domain binding                       1759.0, 2889.0, 2901.0, 4137.0, 8506.0, 8831.0, 140885.0 
GO:0005085 MF 7.91e-05   8/180   223/29107 D06 guanyl-nucleotide exchange factor activity 29.0, 2889.0, 5923.0, 8567.0, 8729.0, 9827.0, 9922.0, 23096.0 
