GO:0007188 BP 1.14e-07   8/327    52/29107 D06 adenylate cyclase-modulating G protein-coupled receptor signaling pathway 108.0, 1268.0, 2692.0, 2740.0, 2774.0, 2869.0, 5746.0, 9340.0 
GO:0007268 BP 8.31e-07  17/327   245/29107 D07 chemical synaptic transmission           783.0, 2560.0, 2891.0, 2917.0, 3350.0, 3360.0, 3751.0, 3777.0, 5100.0, 8001.0, 8973.0, 9177.0, 9362.0, 9495.0, 30819.0, 57502.0, 341359.0 
GO:0099054 BP 1.43e-05   4/327    14/29107 D05 presynapse assembly                      7474.0, 8321.0, 53942.0, 57502.0 
GO:0007165 BP 1.63e-05  29/327  1063/29107 D04 signal transduction                      238.0, 2560.0, 2774.0, 2888.0, 2891.0, 3487.0, 4058.0, 5468.0, 5593.0, 5912.0, 5915.0, 7088.0, 8001.0, 8622.0, 8973.0, 9177.0, 9223.0, 9495.0, 9536.0, 9577.0, 10040.0, 10144.0, 30819.0, 51676.0, 79442.0, 79658.0, 151176.0, 338811.0, 407738.0 
GO:0046834 BP 1.94e-05   4/327    15/29107 D06 lipid phosphorylation                    1606.0, 1607.0, 55750.0, 375298.0 
GO:0098982 CC 6.74e-07   8/327    65/29107 D04 GABA-ergic synapse                       793.0, 1268.0, 2560.0, 3751.0, 5800.0, 53942.0, 140689.0, 347730.0 
GO:0045202 CC 9.26e-07  18/327   405/29107 D03 synapse                                  793.0, 2560.0, 3350.0, 3360.0, 3777.0, 8001.0, 8973.0, 9177.0, 9362.0, 10082.0, 23504.0, 23768.0, 26230.0, 30819.0, 51339.0, 57502.0, 221935.0, 341359.0 
GO:0030425 CC 1.66e-06  18/327   422/29107 D05 dendrite                                 108.0, 793.0, 2560.0, 2891.0, 2917.0, 3350.0, 3360.0, 3756.0, 5100.0, 8001.0, 8492.0, 9362.0, 10858.0, 25945.0, 51617.0, 55450.0, 57502.0, 66000.0 
GO:0005886 CC 3.06e-06 115/327  4487/29107 D03 plasma membrane                          108.0, 238.0, 783.0, 956.0, 1006.0, 1007.0, 1016.0, 1258.0, 1268.0, 1606.0, 1607.0, 1612.0, 1804.0, 1830.0, 2037.0, 2560.0, 2692.0, 2740.0, 2774.0, 2849.0, 2869.0, 2888.0, 2891.0, 2893.0, 2917.0, 2925.0, 3350.0, 3360.0, 3676.0, 3751.0, 3755.0, 3756.0, 3777.0, 3958.0, 4058.0, 4088.0, 4254.0, 4430.0, 4482.0, 4829.0, 4916.0, 5100.0, 5578.0, 5746.0, 5800.0, 5912.0, 5924.0, 6567.0, 6751.0, 7275.0, 7474.0, 8001.0, 8321.0, 8395.0, 8447.0, 8492.0, 8973.0, 9156.0, 9177.0, 9223.0, 9340.0, 9362.0, 9495.0, 9628.0, 10021.0, 10082.0, 10124.0, 10154.0, 10242.0, 10252.0, 10562.0, 10888.0, 22808.0, 22854.0, 23037.0, 23504.0, 23768.0, 24141.0, 25945.0, 26037.0, 26872.0, 27199.0, 30819.0, 51678.0, 51760.0, 53942.0, 54112.0, 54566.0, 55283.0, 55359.0, 56892.0, 57502.0, 57689.0, 59339.0, 79109.0, 79658.0, 83445.0, 83661.0, 84679.0, 91752.0, 114788.0, 130399.0, 132112.0, 137970.0, 144402.0, 157378.0, 170850.0, 201134.0, 221935.0, 283463.0, 285220.0, 338557.0, 341359.0, 347902.0, 105378803.0 
GO:0016021 CC 5.01e-06  70/327  3536/29107 D03 integral component of membrane           956.0, 1006.0, 1016.0, 1804.0, 1830.0, 2692.0, 2740.0, 2849.0, 2917.0, 3321.0, 3751.0, 3755.0, 4121.0, 4254.0, 5800.0, 6567.0, 8321.0, 9340.0, 9348.0, 9536.0, 9537.0, 10858.0, 24141.0, 27199.0, 51312.0, 51617.0, 55283.0, 55359.0, 56967.0, 57502.0, 57633.0, 57689.0, 64405.0, 64478.0, 66000.0, 79762.0, 81849.0, 83445.0, 83661.0, 84187.0, 84314.0, 84679.0, 84804.0, 114788.0, 114795.0, 114801.0, 129684.0, 132112.0, 137970.0, 146223.0, 148753.0, 157378.0, 158038.0, 166752.0, 170850.0, 221935.0, 222008.0, 256130.0, 266722.0, 341359.0, 347902.0, 374378.0, 374462.0, 401498.0, 408263.0, 442117.0, 613212.0, 654463.0, 100507421.0, 105378803.0 
GO:0098978 CC 6.18e-06  15/327   332/29107 D04 glutamatergic synapse                    793.0, 1006.0, 1268.0, 3751.0, 4916.0, 5100.0, 5800.0, 7474.0, 10082.0, 22854.0, 54477.0, 57689.0, 80059.0, 147381.0, 347730.0 
GO:0005887 CC 1.11e-05  35/327  1403/29107 D04 integral component of plasma membrane    108.0, 238.0, 783.0, 1268.0, 2560.0, 2740.0, 2891.0, 2917.0, 2925.0, 3350.0, 3360.0, 3751.0, 3756.0, 3777.0, 4058.0, 4829.0, 4916.0, 5100.0, 5746.0, 5800.0, 6567.0, 6751.0, 8001.0, 8973.0, 9177.0, 9293.0, 10154.0, 10242.0, 10888.0, 23768.0, 26872.0, 54112.0, 57502.0, 285220.0, 338557.0 
GO:0008076 CC 2.60e-05   7/327    77/29107 D07 voltage-gated potassium channel complex  1804.0, 3751.0, 3755.0, 3756.0, 10242.0, 30819.0, 170850.0 
GO:0043235 CC 1.37e-04  10/327   209/29107 D02 receptor complex                         238.0, 2917.0, 4058.0, 4088.0, 4916.0, 5468.0, 9244.0, 130399.0, 285220.0, 374462.0 
GO:0045211 CC 1.83e-04   8/327   139/29107 D05 postsynaptic membrane                    1607.0, 2560.0, 2893.0, 2917.0, 3751.0, 8001.0, 8973.0, 9177.0 
