GO:0051301 BP 1.01e-06  16/304   350/29107 D02 cell division                            3070.0, 4750.0, 5586.0, 7756.0, 7813.0, 8881.0, 10274.0, 10600.0, 22919.0, 23122.0, 23137.0, 54801.0, 54908.0, 57448.0, 85444.0, 348995.0 
GO:0006357 BP 2.70e-06  39/304  1600/29107 D10 regulation of transcription by RNA polymerase II 196.0, 1105.0, 1655.0, 4193.0, 4848.0, 5934.0, 6605.0, 7569.0, 7570.0, 7617.0, 7748.0, 7768.0, 7913.0, 8725.0, 8804.0, 9282.0, 9849.0, 9988.0, 10284.0, 10600.0, 51276.0, 51742.0, 54816.0, 55023.0, 57547.0, 58486.0, 66008.0, 79692.0, 79800.0, 80095.0, 80264.0, 80314.0, 84146.0, 91120.0, 134187.0, 195828.0, 284371.0, 339500.0, 440515.0 
GO:0006325 BP 4.05e-06   9/304   117/29107 D04 chromatin organization                   5934.0, 7913.0, 9849.0, 11011.0, 23411.0, 51742.0, 54799.0, 84142.0, 91133.0 
GO:0006355 BP 5.50e-06  18/304   495/29107 D09 regulation of transcription, DNA-templated 196.0, 7570.0, 7617.0, 7700.0, 7748.0, 8975.0, 9988.0, 29072.0, 50862.0, 54816.0, 55749.0, 57122.0, 60313.0, 80264.0, 91120.0, 170959.0, 339500.0, 440515.0 
GO:0006397 BP 1.44e-05  10/304   172/29107 D08 mRNA processing                          1665.0, 9169.0, 9584.0, 9984.0, 10284.0, 10657.0, 57187.0, 58155.0, 255967.0, 284695.0 
GO:0016607 CC 1.83e-06  17/304   411/29107 D03 nuclear speck                            665.0, 1665.0, 5073.0, 6729.0, 9584.0, 9879.0, 9984.0, 10284.0, 11201.0, 23137.0, 23451.0, 26235.0, 49855.0, 54801.0, 57187.0, 64318.0, 348995.0 
GO:0005654 CC 1.91e-06  87/304  3805/29107 D02 nucleoplasm                              196.0, 1105.0, 1147.0, 1655.0, 1665.0, 2177.0, 2803.0, 4193.0, 4750.0, 4848.0, 5586.0, 5934.0, 6191.0, 6207.0, 6233.0, 6605.0, 6683.0, 6908.0, 7072.0, 7174.0, 7507.0, 7570.0, 7756.0, 7913.0, 8725.0, 8805.0, 8881.0, 8975.0, 9044.0, 9169.0, 9282.0, 9584.0, 9879.0, 9984.0, 9988.0, 10274.0, 10284.0, 10329.0, 10600.0, 10657.0, 11124.0, 11201.0, 23137.0, 23243.0, 23272.0, 23398.0, 23411.0, 23451.0, 23515.0, 26009.0, 26054.0, 27316.0, 28970.0, 29072.0, 49855.0, 51455.0, 51542.0, 51691.0, 51692.0, 51742.0, 54454.0, 54876.0, 55012.0, 55193.0, 55274.0, 55291.0, 55749.0, 56849.0, 57187.0, 57508.0, 57697.0, 64318.0, 79621.0, 79664.0, 79692.0, 80067.0, 80095.0, 80314.0, 83737.0, 83940.0, 84142.0, 84196.0, 93587.0, 195828.0, 221443.0, 284695.0, 348995.0 
GO:0005634 CC 2.27e-06 111/304  5368/29107 D05 nucleus                                  196.0, 538.0, 665.0, 989.0, 1105.0, 1655.0, 1665.0, 2177.0, 3070.0, 4193.0, 4750.0, 4848.0, 5073.0, 5128.0, 5495.0, 5586.0, 6168.0, 6207.0, 6233.0, 6605.0, 6683.0, 6729.0, 6908.0, 7072.0, 7507.0, 7569.0, 7570.0, 7617.0, 7700.0, 7748.0, 7756.0, 7768.0, 7813.0, 7913.0, 8725.0, 8805.0, 8939.0, 8975.0, 9282.0, 9525.0, 9782.0, 9849.0, 9857.0, 9879.0, 9984.0, 9988.0, 10274.0, 10284.0, 10443.0, 10600.0, 10657.0, 11011.0, 11124.0, 23137.0, 23287.0, 23376.0, 23411.0, 23412.0, 23451.0, 26036.0, 26054.0, 27250.0, 27316.0, 28970.0, 29072.0, 51091.0, 51276.0, 51691.0, 51742.0, 54454.0, 54799.0, 54816.0, 54908.0, 55023.0, 55093.0, 55236.0, 55291.0, 55680.0, 55717.0, 55749.0, 56849.0, 57448.0, 57508.0, 57547.0, 57763.0, 58155.0, 58478.0, 60313.0, 66008.0, 79612.0, 79780.0, 79800.0, 79830.0, 80095.0, 80264.0, 80314.0, 81892.0, 84142.0, 84146.0, 84196.0, 91120.0, 91133.0, 93587.0, 134187.0, 170959.0, 195828.0, 253959.0, 284371.0, 284695.0, 339500.0, 441951.0 
GO:0005737 CC 2.89e-06  87/304  4681/29107 D02 cytoplasm                                159.0, 196.0, 663.0, 1105.0, 1147.0, 1655.0, 1933.0, 2632.0, 2653.0, 2803.0, 3652.0, 3925.0, 4193.0, 4750.0, 4848.0, 5073.0, 5082.0, 5128.0, 5586.0, 5636.0, 5805.0, 6093.0, 6233.0, 6683.0, 6729.0, 6908.0, 7072.0, 7174.0, 7507.0, 7756.0, 8725.0, 8881.0, 8939.0, 9525.0, 9694.0, 9706.0, 9857.0, 9926.0, 9984.0, 10203.0, 10314.0, 10600.0, 10657.0, 10818.0, 11196.0, 23122.0, 23137.0, 23287.0, 23376.0, 23411.0, 25801.0, 25978.0, 26054.0, 26065.0, 27250.0, 27252.0, 51088.0, 51091.0, 51175.0, 54832.0, 55236.0, 55680.0, 55717.0, 55761.0, 57508.0, 57560.0, 59345.0, 66008.0, 79612.0, 79663.0, 80018.0, 80817.0, 83737.0, 84376.0, 85444.0, 89970.0, 90799.0, 92482.0, 96459.0, 112487.0, 122773.0, 127018.0, 153241.0, 201627.0, 201725.0, 253959.0, 441951.0 
GO:0005829 CC 2.95e-06 112/304  5295/29107 D02 cytosol                                  159.0, 196.0, 538.0, 583.0, 663.0, 665.0, 989.0, 1147.0, 1655.0, 1933.0, 2177.0, 2585.0, 2632.0, 2803.0, 3925.0, 4193.0, 4750.0, 4848.0, 5073.0, 5082.0, 5095.0, 5495.0, 5586.0, 5805.0, 5825.0, 5934.0, 6093.0, 6144.0, 6161.0, 6168.0, 6169.0, 6191.0, 6207.0, 6233.0, 6240.0, 6683.0, 6729.0, 7072.0, 7174.0, 7813.0, 8725.0, 8805.0, 8881.0, 8975.0, 9525.0, 9779.0, 9946.0, 9988.0, 10274.0, 10284.0, 10657.0, 10767.0, 10818.0, 11124.0, 11196.0, 22796.0, 22919.0, 23041.0, 23122.0, 23243.0, 23287.0, 23376.0, 23411.0, 23480.0, 23556.0, 25801.0, 25978.0, 26054.0, 26065.0, 26234.0, 26235.0, 27236.0, 27250.0, 27252.0, 49855.0, 51088.0, 51091.0, 51128.0, 51542.0, 51735.0, 51742.0, 54521.0, 54801.0, 54832.0, 54908.0, 55012.0, 55093.0, 55236.0, 55291.0, 55717.0, 55761.0, 57122.0, 57763.0, 58478.0, 59345.0, 66008.0, 79612.0, 79664.0, 79692.0, 80018.0, 80067.0, 83737.0, 84196.0, 84376.0, 92482.0, 93587.0, 96459.0, 122773.0, 127018.0, 201627.0, 255967.0, 348995.0 
GO:0022626 CC 1.49e-05   7/304    76/29107 D06 cytosolic ribosome                       6144.0, 6161.0, 6168.0, 6169.0, 6191.0, 6207.0, 6233.0 
GO:0005813 CC 4.67e-05  17/304   528/29107 D03 centrosome                               4750.0, 5586.0, 6683.0, 8881.0, 9525.0, 9857.0, 22919.0, 51735.0, 54801.0, 55012.0, 57560.0, 79692.0, 80817.0, 84376.0, 85444.0, 90799.0, 153241.0 
GO:0016020 CC 8.00e-05  42/304  2120/29107 D02 membrane                                 538.0, 583.0, 1655.0, 3925.0, 4848.0, 5495.0, 5825.0, 6144.0, 6161.0, 6191.0, 6207.0, 6233.0, 8434.0, 8939.0, 9282.0, 9782.0, 9857.0, 9879.0, 9926.0, 10026.0, 10657.0, 10767.0, 10818.0, 10857.0, 23122.0, 23155.0, 23376.0, 23480.0, 23556.0, 27316.0, 29121.0, 50862.0, 51542.0, 55454.0, 55717.0, 57122.0, 57448.0, 57508.0, 57763.0, 83737.0, 129285.0, 129642.0 
GO:0005635 CC 1.34e-04   9/304   182/29107 D04 nuclear envelope                         663.0, 665.0, 6240.0, 11124.0, 23411.0, 53371.0, 57122.0, 81488.0, 348995.0 
GO:0046872 MF 1.65e-06  51/304  2297/29107 D04 metal ion binding                        4750.0, 5073.0, 5095.0, 5805.0, 6093.0, 6168.0, 6233.0, 7507.0, 7569.0, 7617.0, 7700.0, 7756.0, 7768.0, 9169.0, 9849.0, 10857.0, 11196.0, 11201.0, 23411.0, 26036.0, 29072.0, 50862.0, 51128.0, 51276.0, 51455.0, 51692.0, 54816.0, 55012.0, 55274.0, 55454.0, 55680.0, 57547.0, 58486.0, 64172.0, 79692.0, 80095.0, 80264.0, 83940.0, 84146.0, 84693.0, 89970.0, 91120.0, 152815.0, 153129.0, 170959.0, 195828.0, 255967.0, 284371.0, 284695.0, 339500.0, 440515.0 
GO:0003723 MF 1.80e-06  44/304  1388/29107 D04 RNA binding                              1655.0, 1665.0, 5073.0, 5586.0, 6144.0, 6161.0, 6168.0, 6169.0, 6191.0, 6207.0, 6233.0, 6605.0, 6729.0, 7072.0, 7756.0, 7913.0, 8939.0, 9169.0, 9584.0, 9782.0, 9879.0, 9984.0, 10284.0, 10657.0, 11196.0, 22919.0, 23272.0, 23451.0, 23515.0, 26065.0, 27250.0, 27316.0, 51691.0, 51692.0, 55749.0, 57038.0, 58155.0, 60313.0, 64318.0, 79868.0, 81892.0, 93587.0, 255967.0, 284695.0 
GO:0005515 MF 3.65e-06 211/304 12418/29107 D02 protein binding                          159.0, 196.0, 514.0, 538.0, 583.0, 663.0, 665.0, 989.0, 1105.0, 1147.0, 1655.0, 1665.0, 1933.0, 2054.0, 2177.0, 2632.0, 2653.0, 2803.0, 3070.0, 3925.0, 4179.0, 4193.0, 4750.0, 4848.0, 5073.0, 5082.0, 5095.0, 5128.0, 5167.0, 5495.0, 5554.0, 5586.0, 5636.0, 5805.0, 5825.0, 5934.0, 6093.0, 6144.0, 6168.0, 6169.0, 6191.0, 6207.0, 6233.0, 6240.0, 6605.0, 6683.0, 6729.0, 6908.0, 7072.0, 7174.0, 7507.0, 7756.0, 7768.0, 7813.0, 7913.0, 8434.0, 8725.0, 8805.0, 8881.0, 8939.0, 8975.0, 9169.0, 9282.0, 9403.0, 9525.0, 9584.0, 9694.0, 9706.0, 9779.0, 9782.0, 9857.0, 9984.0, 10026.0, 10042.0, 10203.0, 10274.0, 10284.0, 10314.0, 10329.0, 10443.0, 10657.0, 10767.0, 10818.0, 10857.0, 11011.0, 11124.0, 11196.0, 11201.0, 11272.0, 22796.0, 22919.0, 23041.0, 23122.0, 23137.0, 23155.0, 23243.0, 23272.0, 23347.0, 23376.0, 23411.0, 23412.0, 23451.0, 23480.0, 23515.0, 25801.0, 25978.0, 26009.0, 26036.0, 26054.0, 26065.0, 26234.0, 26235.0, 27236.0, 27250.0, 27252.0, 27316.0, 28970.0, 28990.0, 29072.0, 49855.0, 50862.0, 51019.0, 51088.0, 51091.0, 51128.0, 51184.0, 51455.0, 51542.0, 51643.0, 51660.0, 51691.0, 51692.0, 51735.0, 51742.0, 53371.0, 54521.0, 54799.0, 54801.0, 54876.0, 54908.0, 55012.0, 55023.0, 55093.0, 55193.0, 55236.0, 55291.0, 55454.0, 55608.0, 55717.0, 55749.0, 55761.0, 55879.0, 56204.0, 57038.0, 57045.0, 57122.0, 57187.0, 57448.0, 57508.0, 57536.0, 57547.0, 57697.0, 57763.0, 58478.0, 59345.0, 60313.0, 66008.0, 79157.0, 79612.0, 79663.0, 79664.0, 79800.0, 80018.0, 80067.0, 80314.0, 80817.0, 81892.0, 83464.0, 83737.0, 83940.0, 84142.0, 84188.0, 84196.0, 84376.0, 84693.0, 90799.0, 91133.0, 91404.0, 91526.0, 92482.0, 93587.0, 96459.0, 112487.0, 127018.0, 130355.0, 134187.0, 152815.0, 153129.0, 153241.0, 153733.0, 158427.0, 201725.0, 221443.0, 255967.0, 259232.0, 284695.0, 317662.0, 348995.0, 374986.0, 440026.0, 619208.0 
