GO:0016567 BP 8.59e-07  23/371   471/29107 D09 protein ubiquitination                   330.0, 5930.0, 7874.0, 8239.0, 8452.0, 8453.0, 8454.0, 8816.0, 8925.0, 10299.0, 11043.0, 11059.0, 11275.0, 25820.0, 54765.0, 54778.0, 54793.0, 79269.0, 79872.0, 80124.0, 80204.0, 84246.0, 152006.0 
GO:0043161 BP 1.09e-06  13/371   160/29107 D09 proteasome-mediated ubiquitin-dependent protein catabolic process 3093.0, 5516.0, 5713.0, 5718.0, 7328.0, 8452.0, 9097.0, 9373.0, 9928.0, 10299.0, 11059.0, 84078.0, 137886.0 
GO:0006974 BP 3.81e-06  14/371   246/29107 D04 cellular response to DNA damage stimulus 1106.0, 5930.0, 6117.0, 7325.0, 7520.0, 7528.0, 9320.0, 9874.0, 10111.0, 23468.0, 27086.0, 57551.0, 80124.0, 259282.0 
GO:0000209 BP 6.30e-06  11/371   158/29107 D10 protein polyubiquitination               3093.0, 7325.0, 7328.0, 8452.0, 9320.0, 9520.0, 11059.0, 25820.0, 54778.0, 80351.0, 149041.0 
GO:0070936 BP 1.12e-05   7/371    60/29107 D11 protein K48-linked ubiquitination        3093.0, 7325.0, 7328.0, 8452.0, 8454.0, 10299.0, 84078.0 
GO:0000045 BP 1.12e-05   7/371    60/29107 D07 autophagosome assembly                   7879.0, 11345.0, 29979.0, 55102.0, 81631.0, 137886.0, 171024.0 
GO:0016236 BP 1.39e-05   7/371    62/29107 D05 macroautophagy                           7251.0, 9373.0, 11345.0, 29979.0, 30849.0, 81631.0, 143187.0 
GO:0097352 BP 1.41e-05   5/371    25/29107 D06 autophagosome maturation                 7251.0, 9342.0, 29979.0, 57724.0, 81631.0 
GO:0015031 BP 1.63e-05  16/371   357/29107 D05 protein transport                        4644.0, 7251.0, 7879.0, 9342.0, 9527.0, 10550.0, 10564.0, 10651.0, 11345.0, 23301.0, 57097.0, 57182.0, 81929.0, 116442.0, 149371.0, 375056.0 
GO:0006886 BP 1.66e-05  14/371   280/29107 D06 intracellular protein transport          164.0, 372.0, 378.0, 382.0, 1213.0, 5870.0, 9559.0, 9874.0, 9910.0, 26958.0, 51552.0, 57403.0, 143187.0, 157769.0 
GO:0006511 BP 2.39e-05  13/371   252/29107 D08 ubiquitin-dependent protein catabolic process 1540.0, 3093.0, 5930.0, 7328.0, 7874.0, 8452.0, 9320.0, 25820.0, 29979.0, 54778.0, 80204.0, 80762.0, 149041.0 
GO:0006468 BP 2.92e-05  18/371   459/29107 D07 protein phosphorylation                  659.0, 673.0, 817.0, 1457.0, 2932.0, 4086.0, 5532.0, 5610.0, 5786.0, 6733.0, 6792.0, 7534.0, 8573.0, 9113.0, 9874.0, 30849.0, 57551.0, 79834.0 
GO:0010468 BP 3.54e-05  12/371   225/29107 D05 regulation of gene expression            481.0, 4857.0, 5516.0, 5608.0, 9665.0, 22850.0, 23394.0, 27086.0, 27125.0, 54765.0, 79810.0, 552889.0 
GO:0006413 BP 3.63e-05   6/371    49/29107 D03 translational initiation                 1968.0, 1982.0, 8661.0, 9669.0, 10209.0, 10289.0 
GO:0006891 BP 4.24e-05   5/371    31/29107 D06 intra-Golgi vesicle-mediated transport   5870.0, 9527.0, 11345.0, 26958.0, 143187.0 
GO:0000165 BP 4.34e-05   8/371   100/29107 D06 MAPK cascade                             673.0, 3845.0, 4086.0, 4763.0, 5608.0, 7531.0, 57551.0, 151742.0 
GO:0070507 BP 6.72e-05   5/371    34/29107 D07 regulation of microtubule cytoskeleton organization 636.0, 1540.0, 2932.0, 5048.0, 57551.0 
GO:0016020 CC 1.49e-06  75/371  2120/29107 D02 membrane                                 164.0, 372.0, 378.0, 382.0, 481.0, 636.0, 817.0, 1213.0, 1656.0, 1982.0, 3837.0, 3845.0, 4345.0, 4644.0, 4691.0, 4763.0, 5007.0, 5291.0, 5610.0, 5713.0, 5718.0, 5786.0, 5870.0, 5879.0, 6653.0, 6867.0, 7266.0, 7417.0, 7520.0, 7529.0, 7531.0, 8239.0, 8452.0, 8661.0, 8925.0, 9045.0, 9349.0, 9498.0, 9527.0, 9611.0, 9665.0, 9793.0, 9928.0, 9931.0, 9972.0, 10097.0, 10111.0, 10299.0, 10424.0, 10492.0, 10550.0, 10564.0, 10724.0, 10955.0, 11231.0, 22926.0, 23002.0, 23185.0, 25814.0, 26057.0, 26986.0, 30849.0, 54808.0, 54842.0, 55705.0, 55802.0, 55907.0, 80155.0, 80306.0, 114885.0, 149371.0, 152518.0, 221092.0, 253558.0, 375056.0 
GO:0048471 CC 1.93e-06  27/371   713/29107 D02 perinuclear region of cytoplasm          164.0, 636.0, 1540.0, 1656.0, 5007.0, 5048.0, 5610.0, 6792.0, 7529.0, 8882.0, 9472.0, 10564.0, 10955.0, 23208.0, 23369.0, 25814.0, 29979.0, 51552.0, 57551.0, 57724.0, 80351.0, 80762.0, 93621.0, 130074.0, 143187.0, 149371.0, 153443.0 
GO:0005654 CC 2.71e-06 114/371  3805/29107 D02 nucleoplasm                              132.0, 330.0, 659.0, 817.0, 1457.0, 1459.0, 1479.0, 1810.0, 2117.0, 2171.0, 2309.0, 2932.0, 3836.0, 3837.0, 3839.0, 3840.0, 4086.0, 4175.0, 4691.0, 4857.0, 5000.0, 5007.0, 5087.0, 5291.0, 5532.0, 5534.0, 5608.0, 5713.0, 5718.0, 5771.0, 5782.0, 6117.0, 6733.0, 6792.0, 7182.0, 7266.0, 7342.0, 7520.0, 7528.0, 7534.0, 7874.0, 8036.0, 8452.0, 8453.0, 8454.0, 8609.0, 8634.0, 8648.0, 8661.0, 8726.0, 8816.0, 8882.0, 9320.0, 9329.0, 9342.0, 9349.0, 9611.0, 9874.0, 9972.0, 10048.0, 10111.0, 10285.0, 10492.0, 10725.0, 10933.0, 10946.0, 10949.0, 11198.0, 22822.0, 22828.0, 22926.0, 23047.0, 23112.0, 23301.0, 23468.0, 26057.0, 26523.0, 27086.0, 27125.0, 27336.0, 29979.0, 51230.0, 51729.0, 54778.0, 55102.0, 55339.0, 55777.0, 55870.0, 55907.0, 57097.0, 57684.0, 57709.0, 63939.0, 65260.0, 79269.0, 79618.0, 80204.0, 80232.0, 80306.0, 80823.0, 84246.0, 84301.0, 84916.0, 92345.0, 93621.0, 114885.0, 121536.0, 152006.0, 171024.0, 220988.0, 221092.0, 221895.0, 259282.0, 283742.0 
GO:0005634 CC 2.91e-06 150/371  5368/29107 D05 nucleus                                  132.0, 330.0, 673.0, 817.0, 1106.0, 1112.0, 1457.0, 1459.0, 1479.0, 1656.0, 2117.0, 2171.0, 2309.0, 2932.0, 3093.0, 3836.0, 3837.0, 3839.0, 3840.0, 4086.0, 4175.0, 4257.0, 4499.0, 4501.0, 4691.0, 4763.0, 4857.0, 5000.0, 5087.0, 5291.0, 5516.0, 5529.0, 5607.0, 5610.0, 5713.0, 5782.0, 5813.0, 5930.0, 5994.0, 6117.0, 6733.0, 6792.0, 6867.0, 7325.0, 7328.0, 7342.0, 7360.0, 7417.0, 7520.0, 7528.0, 7529.0, 7531.0, 7534.0, 7803.0, 7874.0, 8036.0, 8239.0, 8452.0, 8609.0, 8634.0, 8648.0, 8726.0, 8882.0, 8976.0, 9097.0, 9113.0, 9320.0, 9373.0, 9520.0, 9611.0, 9683.0, 9852.0, 9874.0, 9910.0, 9928.0, 9931.0, 10048.0, 10097.0, 10152.0, 10209.0, 10285.0, 10492.0, 10724.0, 10725.0, 10794.0, 10946.0, 10949.0, 10983.0, 11059.0, 11171.0, 22822.0, 22828.0, 22850.0, 22887.0, 22926.0, 23039.0, 23047.0, 23099.0, 23394.0, 23468.0, 25820.0, 26057.0, 26523.0, 26986.0, 27086.0, 27336.0, 29066.0, 51441.0, 51566.0, 51729.0, 54778.0, 55137.0, 55339.0, 55777.0, 55802.0, 55870.0, 55907.0, 56256.0, 64864.0, 79618.0, 80124.0, 80155.0, 80204.0, 80232.0, 80319.0, 80351.0, 81602.0, 81856.0, 81931.0, 84078.0, 84498.0, 92285.0, 117177.0, 121053.0, 135112.0, 137886.0, 152006.0, 152518.0, 153443.0, 158399.0, 158586.0, 171024.0, 205717.0, 220988.0, 221092.0, 221895.0, 283742.0, 340554.0, 342357.0, 100131390.0 
GO:0005737 CC 3.18e-06 117/371  4681/29107 D02 cytoplasm                                164.0, 330.0, 378.0, 382.0, 659.0, 817.0, 1656.0, 1968.0, 2171.0, 2309.0, 2932.0, 3251.0, 3476.0, 3836.0, 3837.0, 3845.0, 4086.0, 4499.0, 4501.0, 4644.0, 4763.0, 4857.0, 5007.0, 5087.0, 5291.0, 5529.0, 5532.0, 5610.0, 5631.0, 5718.0, 5782.0, 5879.0, 6695.0, 6733.0, 6867.0, 7251.0, 7266.0, 7360.0, 7528.0, 7529.0, 7531.0, 7534.0, 7803.0, 8036.0, 8239.0, 8452.0, 8573.0, 8661.0, 8767.0, 8816.0, 8882.0, 8894.0, 8925.0, 9185.0, 9217.0, 9342.0, 9349.0, 9373.0, 9472.0, 9520.0, 9665.0, 9669.0, 9793.0, 9829.0, 10048.0, 10097.0, 10152.0, 10209.0, 10285.0, 10651.0, 10983.0, 11034.0, 11043.0, 11059.0, 11171.0, 11215.0, 11275.0, 11345.0, 22828.0, 23039.0, 23173.0, 23369.0, 23394.0, 23760.0, 25814.0, 25820.0, 26057.0, 26289.0, 26523.0, 26986.0, 29979.0, 51441.0, 54462.0, 54765.0, 54778.0, 54808.0, 55137.0, 55607.0, 55705.0, 55802.0, 57551.0, 57724.0, 79618.0, 79834.0, 79872.0, 80124.0, 80155.0, 80204.0, 80232.0, 80319.0, 80351.0, 81602.0, 92345.0, 220988.0, 283742.0, 345557.0, 552889.0 
GO:0005829 CC 3.49e-06 169/371  5295/29107 D02 cytosol                                  27.0, 132.0, 164.0, 330.0, 372.0, 378.0, 382.0, 636.0, 673.0, 817.0, 1213.0, 1457.0, 1459.0, 1540.0, 1656.0, 1968.0, 1982.0, 2171.0, 2309.0, 2932.0, 2935.0, 3093.0, 3251.0, 3476.0, 3836.0, 3837.0, 3839.0, 3840.0, 3845.0, 4045.0, 4086.0, 4644.0, 4649.0, 4763.0, 4898.0, 5000.0, 5007.0, 5048.0, 5291.0, 5516.0, 5521.0, 5529.0, 5532.0, 5534.0, 5607.0, 5608.0, 5610.0, 5631.0, 5713.0, 5718.0, 5771.0, 5782.0, 5870.0, 5879.0, 5930.0, 6733.0, 6867.0, 7251.0, 7266.0, 7328.0, 7342.0, 7360.0, 7520.0, 7529.0, 7531.0, 7534.0, 7874.0, 7879.0, 8030.0, 8036.0, 8239.0, 8452.0, 8453.0, 8454.0, 8573.0, 8609.0, 8648.0, 8661.0, 8726.0, 8767.0, 8894.0, 8925.0, 8936.0, 8976.0, 9045.0, 9097.0, 9113.0, 9185.0, 9320.0, 9342.0, 9349.0, 9520.0, 9527.0, 9559.0, 9611.0, 9669.0, 9683.0, 9793.0, 9829.0, 9859.0, 9928.0, 9931.0, 9972.0, 10048.0, 10097.0, 10152.0, 10542.0, 10564.0, 10724.0, 10725.0, 11059.0, 11171.0, 11215.0, 11216.0, 11275.0, 11345.0, 22822.0, 22926.0, 23002.0, 23047.0, 23112.0, 23173.0, 23185.0, 23301.0, 23369.0, 25814.0, 25820.0, 26289.0, 26523.0, 26958.0, 26986.0, 29979.0, 30849.0, 51230.0, 51441.0, 51552.0, 51555.0, 51566.0, 51729.0, 54778.0, 55607.0, 55705.0, 55802.0, 57097.0, 57551.0, 57709.0, 63939.0, 79618.0, 79872.0, 80155.0, 80204.0, 80232.0, 80254.0, 80351.0, 80823.0, 81631.0, 81929.0, 84078.0, 84301.0, 84961.0, 114885.0, 117177.0, 137886.0, 143187.0, 149371.0, 171024.0, 221895.0, 253558.0, 257397.0 
GO:0000139 CC 7.85e-06  22/371   587/29107 D05 Golgi membrane                           164.0, 372.0, 3845.0, 5007.0, 5870.0, 5879.0, 6653.0, 9342.0, 9527.0, 10313.0, 10564.0, 10955.0, 11345.0, 22908.0, 22926.0, 23760.0, 26958.0, 51552.0, 80351.0, 80762.0, 116442.0, 143187.0 
GO:0036464 CC 9.24e-06   8/371    81/29107 D06 cytoplasmic ribonucleoprotein granule    1656.0, 4691.0, 5879.0, 26523.0, 26986.0, 51441.0, 55802.0, 340554.0 
GO:0005794 CC 1.46e-05  30/371   988/29107 D05 Golgi apparatus                          164.0, 378.0, 382.0, 636.0, 2149.0, 5007.0, 5870.0, 6653.0, 8452.0, 8925.0, 9217.0, 9527.0, 9665.0, 9741.0, 9910.0, 10313.0, 10447.0, 10564.0, 11345.0, 22908.0, 22926.0, 23760.0, 51280.0, 54808.0, 55870.0, 80762.0, 114885.0, 116442.0, 137886.0, 143187.0 
GO:0098978 CC 2.73e-05  15/371   332/29107 D04 glutamatergic synapse                    378.0, 382.0, 2932.0, 3836.0, 5532.0, 5534.0, 5813.0, 5879.0, 6792.0, 7531.0, 7534.0, 9498.0, 26045.0, 55607.0, 84961.0 
GO:0000781 CC 4.20e-05  10/371   160/29107 D03 chromosome, telomeric region             4175.0, 5000.0, 5813.0, 6117.0, 7520.0, 10111.0, 23468.0, 79618.0, 80335.0, 80351.0 
GO:0005815 CC 4.66e-05   8/371   101/29107 D02 microtubule organizing center            6867.0, 7251.0, 9113.0, 10564.0, 11215.0, 23301.0, 55137.0, 117177.0 
GO:0010494 CC 5.31e-05   7/371    76/29107 D07 cytoplasmic stress granule               1656.0, 3837.0, 23185.0, 23369.0, 26986.0, 51441.0, 149041.0 
GO:0070062 CC 5.54e-05  50/371  2169/29107 D06 extracellular exosome                    378.0, 382.0, 481.0, 781.0, 1213.0, 1968.0, 2171.0, 3251.0, 3837.0, 4644.0, 4691.0, 5048.0, 5713.0, 5718.0, 5786.0, 5870.0, 5879.0, 6653.0, 7251.0, 7266.0, 7360.0, 7529.0, 7531.0, 7534.0, 7879.0, 8452.0, 8976.0, 9045.0, 9097.0, 9349.0, 9373.0, 9520.0, 10097.0, 10447.0, 11034.0, 11043.0, 11059.0, 26986.0, 51449.0, 51552.0, 54622.0, 55187.0, 55777.0, 57403.0, 57551.0, 80823.0, 83690.0, 130074.0, 151742.0, 257397.0 
GO:0005770 CC 7.29e-05   9/371   138/29107 D08 late endosome                            2149.0, 3454.0, 4644.0, 7251.0, 7879.0, 30849.0, 51552.0, 57403.0, 149371.0 
GO:0015629 CC 8.04e-05  12/371   245/29107 D06 actin cytoskeleton                       27.0, 4644.0, 8573.0, 8936.0, 8976.0, 10097.0, 11034.0, 11275.0, 55607.0, 57403.0, 79834.0, 171024.0 
GO:0014069 CC 8.69e-05  12/371   247/29107 D04 postsynaptic density                     659.0, 2171.0, 3836.0, 6695.0, 8661.0, 9045.0, 9349.0, 9829.0, 10097.0, 23208.0, 55607.0, 220988.0 
GO:0005925 CC 1.06e-04  16/371   418/29107 D05 focal adhesion                           382.0, 1213.0, 3845.0, 5782.0, 5786.0, 5879.0, 7529.0, 7531.0, 7534.0, 8573.0, 8936.0, 9349.0, 10097.0, 26986.0, 79834.0, 171024.0 
GO:0000785 CC 1.07e-04  28/371   979/29107 D02 chromatin                                1112.0, 1459.0, 2117.0, 2309.0, 4086.0, 5087.0, 6733.0, 7182.0, 7342.0, 8609.0, 8648.0, 9611.0, 10725.0, 22850.0, 22887.0, 22926.0, 23047.0, 23099.0, 23394.0, 26057.0, 27086.0, 64864.0, 79618.0, 80335.0, 84246.0, 121536.0, 152518.0, 100131390.0 
GO:0005635 CC 1.23e-04  10/371   182/29107 D04 nuclear envelope                         3837.0, 5048.0, 9472.0, 10424.0, 22926.0, 23468.0, 55705.0, 57097.0, 80351.0, 81929.0 
GO:0005643 CC 1.66e-04   6/371    64/29107 D03 nuclear pore                             3836.0, 3837.0, 3839.0, 9972.0, 23039.0, 57097.0 
GO:0005694 CC 2.44e-04  10/371   198/29107 D05 chromosome                               4691.0, 5930.0, 7874.0, 8726.0, 23047.0, 55777.0, 55870.0, 80204.0, 84301.0, 84916.0 
GO:0005776 CC 2.72e-04   6/371    70/29107 D06 autophagosome                            9342.0, 11345.0, 29979.0, 30849.0, 81631.0, 143187.0 
GO:0005789 CC 3.92e-04  26/371   973/29107 D04 endoplasmic reticulum membrane           372.0, 3845.0, 4257.0, 5007.0, 5870.0, 5879.0, 6653.0, 6745.0, 9217.0, 9789.0, 10299.0, 10313.0, 10550.0, 11345.0, 22908.0, 22926.0, 23760.0, 26958.0, 51141.0, 55102.0, 143187.0, 151742.0, 154807.0, 253558.0, 375056.0, 493913.0 
GO:0031410 CC 4.19e-04  12/371   293/29107 D06 cytoplasmic vesicle                      636.0, 5870.0, 5879.0, 8976.0, 9097.0, 10564.0, 11345.0, 22822.0, 29979.0, 80319.0, 81631.0, 157769.0 
GO:0005956 CC 4.82e-04   2/371     3/29107 D03 protein kinase CK2 complex               1457.0, 1459.0 
GO:0098685 CC 4.89e-04   6/371    78/29107 D04 Schaffer collateral - CA1 synapse        5534.0, 5786.0, 8573.0, 23208.0, 26045.0, 84961.0 
GO:0000151 CC 5.06e-04   7/371   109/29107 D04 ubiquitin ligase complex                 10048.0, 11059.0, 25820.0, 79872.0, 80204.0, 80232.0, 84246.0 
GO:0005802 CC 5.77e-04   9/371   182/29107 D04 trans-Golgi network                      636.0, 5007.0, 5870.0, 5879.0, 6653.0, 10564.0, 23208.0, 51552.0, 157769.0 
GO:0031461 CC 6.74e-04   3/371    14/29107 D05 cullin-RING ubiquitin ligase complex     8452.0, 8453.0, 8454.0 
GO:0004842 MF 3.08e-07  15/371   230/29107 D04 ubiquitin-protein transferase activity   330.0, 3093.0, 5930.0, 7325.0, 7328.0, 8452.0, 8453.0, 8454.0, 8925.0, 10299.0, 11059.0, 25820.0, 79872.0, 80204.0, 149041.0 
GO:0003729 MF 4.94e-07  17/371   207/29107 D05 mRNA binding                             1479.0, 1656.0, 1982.0, 4857.0, 8661.0, 8894.0, 9683.0, 10492.0, 10949.0, 11171.0, 22828.0, 23369.0, 51441.0, 55802.0, 149041.0, 220988.0, 340554.0 
GO:0031267 MF 1.32e-06  16/371   258/29107 D05 small GTPase binding                     164.0, 636.0, 3837.0, 4644.0, 5879.0, 6653.0, 6792.0, 8936.0, 9910.0, 10048.0, 10152.0, 23002.0, 23039.0, 51555.0, 55705.0, 149371.0 
GO:0031625 MF 1.53e-06  17/371   296/29107 D05 ubiquitin protein ligase binding         2932.0, 3093.0, 7251.0, 7520.0, 7531.0, 7534.0, 7874.0, 8452.0, 8453.0, 8454.0, 9349.0, 10152.0, 11345.0, 22926.0, 23208.0, 25820.0, 81631.0 
GO:0003723 MF 1.70e-06  60/371  1388/29107 D04 RNA binding                              132.0, 372.0, 1106.0, 1213.0, 1479.0, 1656.0, 1982.0, 2935.0, 3837.0, 4644.0, 4691.0, 4857.0, 5610.0, 5813.0, 5930.0, 6733.0, 7520.0, 7528.0, 7531.0, 7534.0, 8634.0, 8661.0, 8802.0, 8894.0, 9045.0, 9349.0, 9669.0, 9931.0, 10209.0, 10285.0, 10289.0, 10492.0, 10946.0, 10949.0, 11171.0, 11198.0, 11231.0, 22828.0, 23112.0, 23185.0, 23369.0, 25940.0, 26057.0, 26523.0, 26986.0, 27336.0, 29066.0, 29093.0, 51441.0, 51729.0, 55339.0, 79810.0, 80155.0, 84916.0, 92345.0, 149041.0, 153443.0, 220988.0, 221092.0, 283742.0 
GO:0042802 MF 2.13e-06  44/371  1494/29107 D03 identical protein binding                673.0, 817.0, 1457.0, 2171.0, 3251.0, 4086.0, 4129.0, 4175.0, 4257.0, 4691.0, 5048.0, 5610.0, 5631.0, 7360.0, 7529.0, 7531.0, 7534.0, 8030.0, 8452.0, 8726.0, 8767.0, 9852.0, 9972.0, 10111.0, 10152.0, 11275.0, 22926.0, 23002.0, 23208.0, 23468.0, 25814.0, 27086.0, 29979.0, 54793.0, 55607.0, 55802.0, 57684.0, 79618.0, 79834.0, 79872.0, 84301.0, 92345.0, 283742.0, 645455.0 
GO:0004674 MF 3.02e-06  16/371   312/29107 D06 protein serine/threonine kinase activity 659.0, 673.0, 817.0, 1457.0, 1459.0, 2932.0, 5608.0, 5610.0, 6733.0, 6792.0, 8573.0, 8767.0, 9113.0, 9874.0, 30849.0, 57551.0 
GO:0003691 MF 3.11e-06   4/371     9/29107 D07 double-stranded telomeric DNA binding    5813.0, 7520.0, 10111.0, 79618.0 
GO:0003743 MF 3.69e-06   7/371    51/29107 D06 translation initiation factor activity   1968.0, 1982.0, 8661.0, 8894.0, 9669.0, 10209.0, 10289.0 
GO:0005515 MF 3.94e-06 293/371 12418/29107 D02 protein binding                          27.0, 164.0, 330.0, 372.0, 378.0, 382.0, 481.0, 636.0, 659.0, 673.0, 817.0, 1106.0, 1112.0, 1213.0, 1457.0, 1459.0, 1479.0, 1540.0, 1656.0, 1810.0, 1968.0, 1982.0, 2149.0, 2171.0, 2309.0, 2932.0, 2935.0, 3093.0, 3251.0, 3454.0, 3476.0, 3836.0, 3837.0, 3839.0, 3840.0, 3845.0, 4045.0, 4086.0, 4129.0, 4175.0, 4257.0, 4345.0, 4499.0, 4501.0, 4644.0, 4649.0, 4691.0, 4763.0, 4857.0, 4898.0, 5000.0, 5007.0, 5048.0, 5087.0, 5291.0, 5516.0, 5521.0, 5529.0, 5532.0, 5534.0, 5607.0, 5608.0, 5610.0, 5631.0, 5713.0, 5718.0, 5771.0, 5782.0, 5786.0, 5813.0, 5870.0, 5879.0, 5930.0, 5994.0, 6117.0, 6653.0, 6695.0, 6733.0, 6745.0, 6792.0, 6867.0, 7182.0, 7251.0, 7266.0, 7325.0, 7328.0, 7342.0, 7360.0, 7417.0, 7520.0, 7528.0, 7529.0, 7531.0, 7534.0, 7803.0, 7874.0, 7879.0, 8030.0, 8036.0, 8239.0, 8452.0, 8453.0, 8454.0, 8573.0, 8648.0, 8661.0, 8726.0, 8767.0, 8802.0, 8816.0, 8882.0, 8894.0, 8936.0, 8976.0, 9045.0, 9097.0, 9113.0, 9185.0, 9217.0, 9320.0, 9329.0, 9342.0, 9349.0, 9373.0, 9472.0, 9559.0, 9611.0, 9665.0, 9669.0, 9683.0, 9741.0, 9749.0, 9793.0, 9852.0, 9859.0, 9874.0, 9928.0, 9931.0, 9972.0, 10048.0, 10097.0, 10111.0, 10152.0, 10209.0, 10285.0, 10289.0, 10299.0, 10313.0, 10424.0, 10447.0, 10492.0, 10542.0, 10550.0, 10564.0, 10651.0, 10725.0, 10794.0, 10933.0, 10946.0, 10955.0, 10983.0, 11034.0, 11059.0, 11171.0, 11198.0, 11215.0, 11216.0, 11231.0, 11275.0, 11345.0, 22822.0, 22828.0, 22850.0, 22887.0, 22908.0, 22926.0, 23002.0, 23039.0, 23047.0, 23099.0, 23112.0, 23173.0, 23185.0, 23208.0, 23369.0, 23394.0, 23468.0, 23760.0, 25814.0, 25820.0, 25940.0, 26045.0, 26057.0, 26128.0, 26520.0, 26523.0, 26986.0, 27086.0, 27125.0, 29035.0, 29094.0, 29979.0, 30849.0, 51082.0, 51141.0, 51230.0, 51280.0, 51441.0, 51449.0, 51552.0, 51566.0, 51729.0, 54622.0, 54765.0, 54778.0, 54793.0, 54808.0, 54842.0, 55041.0, 55137.0, 55607.0, 55705.0, 55802.0, 56122.0, 56256.0, 56851.0, 57148.0, 57182.0, 57403.0, 57551.0, 57684.0, 57709.0, 57724.0, 63939.0, 64864.0, 65260.0, 79269.0, 79618.0, 79810.0, 79834.0, 79872.0, 80155.0, 80204.0, 80232.0, 80254.0, 80306.0, 80335.0, 80351.0, 80762.0, 80823.0, 81631.0, 81929.0, 83877.0, 84078.0, 84246.0, 84301.0, 84312.0, 84498.0, 84916.0, 84961.0, 92345.0, 93487.0, 93621.0, 114885.0, 116442.0, 117177.0, 121053.0, 135112.0, 137886.0, 139322.0, 143187.0, 149041.0, 149371.0, 150864.0, 152006.0, 154807.0, 157769.0, 158586.0, 160760.0, 171024.0, 220988.0, 221895.0, 253558.0, 257397.0, 259282.0, 283742.0, 345557.0, 375056.0, 386617.0, 401474.0, 552889.0, 645455.0, 100287932.0 
GO:0061608 MF 4.34e-06   5/371    20/29107 D04 nuclear import signal receptor activity  3836.0, 3837.0, 3839.0, 3840.0, 55705.0 
GO:0008139 MF 1.73e-05   5/371    26/29107 D05 nuclear localization sequence binding    3836.0, 3837.0, 3839.0, 3840.0, 9972.0 
GO:0106311 MF 1.75e-05  16/371   359/29107 D07 protein threonine kinase activity        673.0, 817.0, 1457.0, 1459.0, 2932.0, 5607.0, 5608.0, 5610.0, 6733.0, 6792.0, 8573.0, 8767.0, 9113.0, 9874.0, 30849.0, 57551.0 
GO:0106310 MF 1.75e-05  16/371   359/29107 D07 protein serine kinase activity           673.0, 817.0, 1457.0, 1459.0, 2932.0, 5607.0, 5608.0, 5610.0, 6733.0, 6792.0, 8573.0, 8767.0, 9113.0, 9874.0, 30849.0, 57551.0 
GO:0005524 MF 3.31e-05  38/371  1458/29107 D08 ATP binding                              27.0, 132.0, 659.0, 673.0, 817.0, 1106.0, 1457.0, 1459.0, 1656.0, 2932.0, 3093.0, 4175.0, 4644.0, 4649.0, 5000.0, 5291.0, 5607.0, 5608.0, 5610.0, 5631.0, 6733.0, 6792.0, 7325.0, 7328.0, 7520.0, 8573.0, 8634.0, 8767.0, 9113.0, 9874.0, 9928.0, 9931.0, 10097.0, 10111.0, 26289.0, 30849.0, 55137.0, 57551.0 
GO:0008022 MF 3.38e-05  11/371   189/29107 D03 protein C-terminus binding               481.0, 1112.0, 3839.0, 4691.0, 5516.0, 7520.0, 7529.0, 7874.0, 26986.0, 55137.0, 55607.0 
GO:0019888 MF 7.76e-05   5/371    35/29107 D04 protein phosphatase regulator activity   3476.0, 5521.0, 5529.0, 5610.0, 8036.0 
GO:0061630 MF 1.32e-04  13/371   298/29107 D05 ubiquitin protein ligase activity        330.0, 5930.0, 8452.0, 9320.0, 10299.0, 11059.0, 25820.0, 54765.0, 54778.0, 79872.0, 84246.0, 149041.0, 152006.0 
GO:0008135 MF 1.58e-04   4/371    22/29107 D05 translation factor activity, RNA binding 1968.0, 1982.0, 8894.0, 10209.0 
GO:0016301 MF 1.66e-04   6/371    64/29107 D04 kinase activity                          1457.0, 2932.0, 5291.0, 5631.0, 6792.0, 57551.0 
GO:0048487 MF 1.68e-04   5/371    41/29107 D05 beta-tubulin binding                     9217.0, 11345.0, 23208.0, 23394.0, 57551.0 
