GO:0006412 BP 1.60e-06  19/786   195/29107 D07 translation                              740.0, 1917.0, 6130.0, 6132.0, 6142.0, 6183.0, 6209.0, 6301.0, 10318.0, 25873.0, 29088.0, 51253.0, 54460.0, 55168.0, 63875.0, 64960.0, 64979.0, 64981.0, 122704.0 
GO:0005743 CC 7.17e-07  35/786   404/29107 D05 mitochondrial inner membrane             598.0, 740.0, 1327.0, 1340.0, 2021.0, 4694.0, 4696.0, 4708.0, 4726.0, 5664.0, 6183.0, 6714.0, 8402.0, 10245.0, 10367.0, 26164.0, 26517.0, 29088.0, 29928.0, 30968.0, 51253.0, 54460.0, 55168.0, 55572.0, 63875.0, 64960.0, 64979.0, 64981.0, 65018.0, 91942.0, 116541.0, 122704.0, 205251.0, 284427.0, 548596.0 
GO:0000139 CC 8.75e-07  43/786   587/29107 D05 Golgi membrane                           375.0, 863.0, 2583.0, 2590.0, 2801.0, 2802.0, 3460.0, 4248.0, 5664.0, 5768.0, 6482.0, 6721.0, 6836.0, 6892.0, 7355.0, 8703.0, 8720.0, 8907.0, 9088.0, 9609.0, 10488.0, 10652.0, 10945.0, 10960.0, 11041.0, 11316.0, 11337.0, 23646.0, 25789.0, 26056.0, 26229.0, 27095.0, 55343.0, 55625.0, 56937.0, 57414.0, 57452.0, 64689.0, 79147.0, 81876.0, 84243.0, 92979.0, 126792.0 
GO:0005783 CC 1.21e-06  61/786  1040/29107 D05 endoplasmic reticulum                    134.0, 578.0, 598.0, 1650.0, 2286.0, 2741.0, 2826.0, 2907.0, 3460.0, 4043.0, 5476.0, 5479.0, 5664.0, 6469.0, 6721.0, 6746.0, 6748.0, 6786.0, 6892.0, 7311.0, 7355.0, 8372.0, 8440.0, 8878.0, 9001.0, 9088.0, 9524.0, 10134.0, 10195.0, 10280.0, 10456.0, 10488.0, 10525.0, 10554.0, 10609.0, 10652.0, 10945.0, 10956.0, 10961.0, 10970.0, 23017.0, 26608.0, 27095.0, 27348.0, 27429.0, 51246.0, 55625.0, 55851.0, 56005.0, 64840.0, 65018.0, 79143.0, 79947.0, 81502.0, 83636.0, 83643.0, 84243.0, 94107.0, 252995.0, 254359.0, 553115.0 
GO:0016020 CC 2.63e-06 117/786  2120/29107 D02 membrane                                 43.0, 53.0, 109.0, 112.0, 226.0, 311.0, 705.0, 818.0, 826.0, 977.0, 1043.0, 1072.0, 1128.0, 1327.0, 1639.0, 1650.0, 1984.0, 2319.0, 2539.0, 2583.0, 2590.0, 2597.0, 2802.0, 3163.0, 3268.0, 4141.0, 4191.0, 4758.0, 4924.0, 5050.0, 5195.0, 5214.0, 5293.0, 5447.0, 5476.0, 5479.0, 5493.0, 5496.0, 5664.0, 5702.0, 5704.0, 5708.0, 5709.0, 6130.0, 6132.0, 6142.0, 6209.0, 6376.0, 6482.0, 6520.0, 6578.0, 6734.0, 7284.0, 7458.0, 8357.0, 8428.0, 8482.0, 8602.0, 8741.0, 8775.0, 8907.0, 9088.0, 9114.0, 9296.0, 9392.0, 9810.0, 9826.0, 9986.0, 10061.0, 10134.0, 10211.0, 10280.0, 10525.0, 10528.0, 10554.0, 10856.0, 10953.0, 10961.0, 10970.0, 11138.0, 11188.0, 23154.0, 23481.0, 23659.0, 23780.0, 23787.0, 25789.0, 25873.0, 25921.0, 25953.0, 26100.0, 26229.0, 27429.0, 29959.0, 51428.0, 51596.0, 54020.0, 55654.0, 57410.0, 57605.0, 64837.0, 64840.0, 65018.0, 79065.0, 79143.0, 79567.0, 80776.0, 81037.0, 81502.0, 83658.0, 84937.0, 84975.0, 94005.0, 121504.0, 126792.0, 222662.0, 343702.0 
GO:0005758 CC 2.63e-06  12/786    84/29107 D06 mitochondrial intermembrane space        402.0, 6770.0, 10367.0, 10456.0, 23408.0, 27166.0, 27429.0, 30968.0, 57019.0, 65018.0, 81570.0, 400916.0 
GO:0005789 CC 2.64e-06  54/786   973/29107 D04 endoplasmic reticulum membrane           1650.0, 1984.0, 2286.0, 2590.0, 3163.0, 3291.0, 3460.0, 4779.0, 5447.0, 5664.0, 6721.0, 6734.0, 6746.0, 6786.0, 6836.0, 6892.0, 7086.0, 7311.0, 8720.0, 8818.0, 9088.0, 9524.0, 9986.0, 10134.0, 10195.0, 10280.0, 10488.0, 10554.0, 10945.0, 10956.0, 10960.0, 10970.0, 11316.0, 23646.0, 23780.0, 26580.0, 27429.0, 29100.0, 51246.0, 54020.0, 55851.0, 60673.0, 64840.0, 79065.0, 79143.0, 79947.0, 81502.0, 81876.0, 83850.0, 94005.0, 94107.0, 128486.0, 145226.0, 387923.0 
GO:0005739 CC 2.72e-06  88/786  1305/29107 D05 mitochondrion                            211.0, 402.0, 578.0, 598.0, 740.0, 1149.0, 1327.0, 1340.0, 2931.0, 3421.0, 4191.0, 4694.0, 4696.0, 4836.0, 5164.0, 5188.0, 5315.0, 5447.0, 5595.0, 5831.0, 6714.0, 7284.0, 8192.0, 8402.0, 8508.0, 8878.0, 9001.0, 9172.0, 9823.0, 9927.0, 10134.0, 10295.0, 10367.0, 10456.0, 10652.0, 10849.0, 10953.0, 11076.0, 22906.0, 23408.0, 23474.0, 23786.0, 23787.0, 25953.0, 26056.0, 26164.0, 26517.0, 26995.0, 27166.0, 27429.0, 28960.0, 29088.0, 51204.0, 51253.0, 55168.0, 55177.0, 55178.0, 55572.0, 56997.0, 57019.0, 57128.0, 63875.0, 64837.0, 64960.0, 64979.0, 64981.0, 65018.0, 79680.0, 81570.0, 81855.0, 83636.0, 83667.0, 90480.0, 90529.0, 91574.0, 91647.0, 91942.0, 116541.0, 122704.0, 125170.0, 133522.0, 140823.0, 205251.0, 284427.0, 374887.0, 400916.0, 548596.0, 790955.0 
GO:0005794 CC 2.97e-06  55/786   988/29107 D05 Golgi apparatus                          43.0, 109.0, 402.0, 2583.0, 2590.0, 2801.0, 2802.0, 2885.0, 2907.0, 4043.0, 5595.0, 5664.0, 5768.0, 6469.0, 7355.0, 8120.0, 8428.0, 8703.0, 8720.0, 9088.0, 9609.0, 10272.0, 10419.0, 10458.0, 10652.0, 10960.0, 11041.0, 11316.0, 23017.0, 23299.0, 23623.0, 25844.0, 26056.0, 26229.0, 27095.0, 54890.0, 55343.0, 55625.0, 55851.0, 56005.0, 57410.0, 57414.0, 57452.0, 64689.0, 79147.0, 79567.0, 79656.0, 81876.0, 84243.0, 126792.0, 129049.0, 254359.0, 266727.0, 283358.0, 400451.0 
GO:0070062 CC 3.35e-06 110/786  2169/29107 D06 extracellular exosome                    53.0, 87.0, 191.0, 203.0, 226.0, 311.0, 357.0, 375.0, 439.0, 644.0, 645.0, 826.0, 1072.0, 1173.0, 1893.0, 2170.0, 2319.0, 2539.0, 2597.0, 2878.0, 2885.0, 3014.0, 3795.0, 3956.0, 4141.0, 4191.0, 4351.0, 4758.0, 4924.0, 5092.0, 5198.0, 5214.0, 5315.0, 5476.0, 5479.0, 5493.0, 5510.0, 5691.0, 5708.0, 5709.0, 5768.0, 6277.0, 6301.0, 6382.0, 6482.0, 6520.0, 6623.0, 6633.0, 6714.0, 6734.0, 6748.0, 7086.0, 7167.0, 7280.0, 7284.0, 7311.0, 8338.0, 8357.0, 8428.0, 8668.0, 8703.0, 8741.0, 8775.0, 8878.0, 8907.0, 9114.0, 9296.0, 9374.0, 9545.0, 10204.0, 10211.0, 10381.0, 10383.0, 10458.0, 10525.0, 10552.0, 10856.0, 10960.0, 10970.0, 11041.0, 11140.0, 23324.0, 23338.0, 23646.0, 23659.0, 26229.0, 27348.0, 51168.0, 51181.0, 51279.0, 51596.0, 54187.0, 54825.0, 55118.0, 55506.0, 79567.0, 80210.0, 80347.0, 81029.0, 81876.0, 84313.0, 92815.0, 121504.0, 151835.0, 284207.0, 349667.0, 407046.0, 441531.0, 553115.0, 113455421.0 
GO:0005654 CC 3.67e-06 179/786  3805/29107 D02 nucleoplasm                              211.0, 311.0, 402.0, 409.0, 439.0, 645.0, 705.0, 818.0, 863.0, 1327.0, 2048.0, 2068.0, 2644.0, 2802.0, 2872.0, 2885.0, 3014.0, 3068.0, 3291.0, 3704.0, 4152.0, 4435.0, 4779.0, 4809.0, 4843.0, 5092.0, 5164.0, 5425.0, 5452.0, 5453.0, 5467.0, 5479.0, 5496.0, 5595.0, 5691.0, 5702.0, 5704.0, 5708.0, 5709.0, 5714.0, 5886.0, 5905.0, 6047.0, 6209.0, 6257.0, 6520.0, 6601.0, 6618.0, 6626.0, 6633.0, 6714.0, 6721.0, 6749.0, 6778.0, 6835.0, 6944.0, 6949.0, 7086.0, 7311.0, 7332.0, 7343.0, 7355.0, 7389.0, 7391.0, 7737.0, 8357.0, 8428.0, 8602.0, 8625.0, 8721.0, 8741.0, 8878.0, 9049.0, 9088.0, 9136.0, 9797.0, 9807.0, 9810.0, 10084.0, 10204.0, 10272.0, 10318.0, 10419.0, 10421.0, 10458.0, 10488.0, 10498.0, 10528.0, 10849.0, 10856.0, 11188.0, 11316.0, 11338.0, 22861.0, 22893.0, 23038.0, 23212.0, 23220.0, 23338.0, 23368.0, 23474.0, 23481.0, 23587.0, 23659.0, 26100.0, 26121.0, 26155.0, 26240.0, 26297.0, 27166.0, 28960.0, 28987.0, 28989.0, 28992.0, 29101.0, 29844.0, 29855.0, 29959.0, 50813.0, 51333.0, 51504.0, 51647.0, 54663.0, 54890.0, 54913.0, 54921.0, 54985.0, 54997.0, 55506.0, 55625.0, 55651.0, 55954.0, 56160.0, 56915.0, 57019.0, 57414.0, 57592.0, 57659.0, 57805.0, 64782.0, 64837.0, 64960.0, 79004.0, 79142.0, 79147.0, 79697.0, 79760.0, 79955.0, 83443.0, 83931.0, 84285.0, 84299.0, 84313.0, 84656.0, 84688.0, 84967.0, 84969.0, 90480.0, 90809.0, 91368.0, 91782.0, 92856.0, 113130.0, 121504.0, 122704.0, 124790.0, 128312.0, 133522.0, 140775.0, 140901.0, 150678.0, 153769.0, 162989.0, 163732.0, 221955.0, 252969.0, 387893.0, 790955.0, 113455421.0 
GO:0005829 CC 4.09e-06 238/786  5295/29107 D02 cytosol                                  14.0, 87.0, 191.0, 203.0, 211.0, 226.0, 311.0, 375.0, 402.0, 409.0, 578.0, 598.0, 644.0, 645.0, 705.0, 818.0, 826.0, 899.0, 977.0, 1072.0, 1149.0, 1173.0, 1175.0, 1327.0, 1639.0, 1984.0, 2021.0, 2048.0, 2068.0, 2170.0, 2539.0, 2597.0, 2644.0, 2802.0, 2885.0, 2931.0, 3704.0, 3795.0, 3956.0, 4141.0, 4351.0, 4435.0, 4779.0, 4836.0, 4843.0, 5026.0, 5050.0, 5092.0, 5164.0, 5195.0, 5198.0, 5214.0, 5261.0, 5293.0, 5315.0, 5372.0, 5447.0, 5493.0, 5595.0, 5603.0, 5691.0, 5702.0, 5704.0, 5708.0, 5709.0, 5714.0, 5886.0, 5905.0, 6130.0, 6132.0, 6142.0, 6209.0, 6277.0, 6301.0, 6415.0, 6464.0, 6469.0, 6618.0, 6633.0, 6714.0, 6721.0, 6723.0, 6770.0, 6778.0, 6903.0, 6949.0, 7086.0, 7139.0, 7167.0, 7283.0, 7311.0, 7332.0, 7389.0, 7458.0, 8078.0, 8428.0, 8440.0, 8625.0, 8668.0, 8703.0, 8721.0, 8741.0, 8775.0, 8878.0, 8907.0, 9001.0, 9049.0, 9088.0, 9296.0, 9470.0, 9677.0, 9737.0, 9807.0, 9810.0, 9826.0, 9927.0, 9986.0, 10134.0, 10193.0, 10204.0, 10233.0, 10280.0, 10318.0, 10383.0, 10419.0, 10421.0, 10458.0, 10460.0, 10488.0, 10498.0, 10552.0, 10603.0, 10652.0, 10849.0, 10856.0, 10953.0, 10970.0, 11076.0, 11140.0, 11188.0, 11258.0, 11316.0, 11333.0, 11337.0, 22861.0, 22906.0, 23038.0, 23154.0, 23164.0, 23220.0, 23223.0, 23299.0, 23368.0, 23401.0, 23408.0, 23481.0, 23587.0, 23616.0, 23623.0, 23647.0, 25873.0, 26100.0, 26155.0, 26267.0, 26270.0, 26297.0, 27095.0, 27351.0, 27429.0, 28960.0, 28987.0, 28989.0, 29101.0, 29780.0, 50813.0, 51271.0, 51428.0, 51504.0, 51517.0, 51647.0, 54187.0, 54551.0, 54890.0, 54997.0, 55585.0, 55665.0, 56905.0, 56915.0, 57410.0, 57592.0, 57605.0, 57623.0, 57659.0, 60673.0, 63943.0, 64333.0, 64837.0, 65018.0, 65985.0, 65999.0, 79004.0, 79094.0, 79147.0, 79760.0, 79791.0, 80308.0, 80325.0, 80776.0, 81565.0, 81876.0, 83636.0, 83667.0, 83931.0, 84067.0, 84152.0, 84299.0, 84313.0, 84557.0, 84618.0, 84656.0, 84688.0, 84937.0, 91647.0, 91782.0, 92369.0, 113130.0, 115557.0, 124045.0, 124790.0, 128312.0, 129049.0, 133522.0, 139285.0, 144423.0, 254122.0, 387893.0, 388552.0, 790955.0 
GO:0005737 CC 4.40e-06 194/786  4681/29107 D02 cytoplasm                                87.0, 109.0, 203.0, 311.0, 375.0, 379.0, 402.0, 409.0, 439.0, 598.0, 705.0, 818.0, 899.0, 1072.0, 1149.0, 1639.0, 1917.0, 1984.0, 2068.0, 2255.0, 2539.0, 2597.0, 2644.0, 2872.0, 2885.0, 2931.0, 3068.0, 3351.0, 3359.0, 3704.0, 3795.0, 3927.0, 3956.0, 4141.0, 4152.0, 4191.0, 4201.0, 4435.0, 4758.0, 4836.0, 4843.0, 5050.0, 5201.0, 5214.0, 5293.0, 5315.0, 5452.0, 5479.0, 5493.0, 5496.0, 5510.0, 5595.0, 5603.0, 5817.0, 5886.0, 5905.0, 6047.0, 6130.0, 6257.0, 6277.0, 6301.0, 6623.0, 6665.0, 6714.0, 6721.0, 6753.0, 6903.0, 7280.0, 7283.0, 7286.0, 7288.0, 7311.0, 7332.0, 8428.0, 8440.0, 8629.0, 8721.0, 8741.0, 8878.0, 9049.0, 9168.0, 9196.0, 9253.0, 9392.0, 9470.0, 9807.0, 9826.0, 10044.0, 10084.0, 10233.0, 10381.0, 10383.0, 10419.0, 10421.0, 10458.0, 10460.0, 10471.0, 10498.0, 10528.0, 10603.0, 10652.0, 10856.0, 11076.0, 11140.0, 11188.0, 22906.0, 22983.0, 23038.0, 23139.0, 23299.0, 23368.0, 23384.0, 23401.0, 23474.0, 23510.0, 23587.0, 23647.0, 25809.0, 25864.0, 25873.0, 26001.0, 26267.0, 26270.0, 26297.0, 28511.0, 28960.0, 28989.0, 29780.0, 29844.0, 29901.0, 29959.0, 51087.0, 51168.0, 51271.0, 51341.0, 51647.0, 51807.0, 54187.0, 54985.0, 54997.0, 55009.0, 55177.0, 55572.0, 55654.0, 56160.0, 56915.0, 57019.0, 57125.0, 57410.0, 57605.0, 57805.0, 60626.0, 64219.0, 64333.0, 64781.0, 65018.0, 65999.0, 79094.0, 79140.0, 79142.0, 79567.0, 79760.0, 79930.0, 80139.0, 80210.0, 80325.0, 80759.0, 81570.0, 81572.0, 83541.0, 83658.0, 83667.0, 84152.0, 84229.0, 84313.0, 84926.0, 90378.0, 113130.0, 124045.0, 124790.0, 129049.0, 140775.0, 140901.0, 146713.0, 147906.0, 150678.0, 163732.0, 202500.0, 246176.0, 252969.0, 255275.0, 390637.0, 407046.0, 553115.0 
GO:0005730 CC 8.79e-06  59/786  1187/29107 D05 nucleolus                                379.0, 402.0, 439.0, 705.0, 863.0, 2802.0, 2885.0, 3421.0, 4141.0, 4809.0, 6130.0, 6749.0, 6835.0, 6949.0, 7343.0, 8428.0, 8602.0, 8721.0, 9001.0, 9088.0, 9136.0, 10528.0, 10609.0, 10633.0, 10849.0, 10969.0, 11258.0, 23212.0, 23223.0, 23481.0, 25873.0, 26071.0, 26155.0, 51333.0, 54663.0, 54913.0, 56915.0, 57019.0, 64782.0, 64960.0, 79697.0, 80325.0, 81932.0, 83719.0, 91368.0, 92856.0, 140901.0, 162989.0, 219539.0, 100033447.0, 100033448.0, 100033603.0, 100033799.0, 100033811.0, 100033812.0, 100033814.0, 100033816.0, 100033818.0, 100036564.0 
GO:0005762 CC 1.31e-05   9/786    54/29107 D06 mitochondrial large ribosomal subunit    740.0, 29088.0, 51253.0, 55168.0, 63875.0, 64979.0, 64981.0, 116541.0, 122704.0 
GO:0005634 CC 1.69e-05 194/786  5368/29107 D05 nucleus                                  43.0, 191.0, 226.0, 402.0, 409.0, 863.0, 899.0, 1072.0, 1149.0, 1639.0, 1984.0, 2021.0, 2068.0, 2255.0, 2539.0, 2597.0, 2644.0, 2872.0, 2885.0, 2931.0, 3006.0, 3008.0, 3014.0, 3068.0, 3956.0, 4152.0, 4191.0, 4435.0, 4779.0, 4809.0, 4843.0, 4924.0, 5089.0, 5195.0, 5214.0, 5315.0, 5425.0, 5452.0, 5453.0, 5467.0, 5479.0, 5496.0, 5510.0, 5595.0, 5603.0, 5664.0, 5691.0, 5702.0, 5704.0, 5708.0, 5709.0, 5714.0, 5763.0, 5886.0, 6047.0, 6130.0, 6209.0, 6257.0, 6277.0, 6301.0, 6447.0, 6618.0, 6633.0, 6665.0, 6721.0, 6944.0, 7008.0, 7167.0, 7280.0, 7283.0, 7311.0, 7332.0, 7343.0, 7391.0, 7737.0, 8078.0, 8220.0, 8338.0, 8357.0, 8402.0, 8428.0, 8625.0, 8629.0, 8721.0, 9088.0, 9524.0, 9552.0, 9807.0, 9810.0, 10084.0, 10272.0, 10381.0, 10383.0, 10419.0, 10421.0, 10488.0, 10498.0, 10552.0, 10856.0, 10953.0, 11076.0, 11092.0, 11338.0, 22861.0, 22906.0, 23361.0, 23368.0, 23408.0, 23587.0, 23616.0, 23623.0, 23648.0, 23786.0, 25953.0, 26121.0, 26155.0, 26240.0, 26297.0, 27351.0, 27429.0, 28960.0, 28989.0, 28992.0, 29087.0, 29844.0, 29855.0, 29901.0, 29965.0, 51087.0, 51181.0, 51307.0, 51333.0, 51341.0, 51428.0, 51545.0, 51647.0, 54551.0, 54663.0, 54890.0, 54997.0, 55177.0, 55565.0, 55585.0, 55665.0, 56160.0, 56257.0, 57410.0, 57567.0, 57623.0, 57659.0, 57805.0, 64782.0, 65018.0, 65982.0, 79142.0, 79639.0, 79697.0, 79797.0, 79955.0, 80139.0, 80776.0, 83443.0, 83667.0, 84152.0, 84285.0, 84313.0, 84688.0, 84858.0, 84948.0, 84969.0, 90378.0, 90485.0, 90529.0, 92815.0, 113130.0, 121504.0, 122953.0, 124045.0, 124790.0, 128312.0, 132160.0, 133522.0, 140901.0, 146713.0, 147807.0, 149076.0, 150678.0, 153769.0, 163732.0, 170302.0, 197407.0, 201501.0, 400916.0, 407046.0 
GO:0005874 CC 2.31e-05  22/786   298/29107 D06 microtubule                              357.0, 1639.0, 2801.0, 2931.0, 6786.0, 6903.0, 7280.0, 7283.0, 10381.0, 10383.0, 10458.0, 11076.0, 11258.0, 11337.0, 23046.0, 23623.0, 25809.0, 51807.0, 64837.0, 81565.0, 83658.0, 84557.0 
GO:0022624 CC 6.70e-05   5/786    17/29107 D02 proteasome accessory complex             5702.0, 5704.0, 5708.0, 5709.0, 5714.0 
GO:0043025 CC 1.70e-04  23/786   355/29107 D03 neuronal cell body                       134.0, 1639.0, 1917.0, 2048.0, 2741.0, 2931.0, 3359.0, 5372.0, 5664.0, 5979.0, 6376.0, 6623.0, 6770.0, 10381.0, 10458.0, 10652.0, 22983.0, 23154.0, 57125.0, 57657.0, 79791.0, 84152.0, 148930.0 
GO:0033116 CC 1.86e-04   9/786    75/29107 D05 endoplasmic reticulum-Golgi intermediate compartment membrane 2801.0, 6836.0, 6892.0, 10134.0, 10652.0, 10945.0, 10960.0, 64689.0, 81876.0 
GO:0005761 CC 3.93e-04   5/786    24/29107 D07 mitochondrial ribosome                   740.0, 6183.0, 26164.0, 51253.0, 64981.0 
GO:0030176 CC 4.49e-04  11/786   121/29107 D05 integral component of endoplasmic reticulum membrane 6786.0, 8818.0, 9524.0, 9986.0, 26580.0, 26608.0, 54020.0, 57414.0, 64840.0, 83460.0, 128486.0 
GO:0000407 CC 4.81e-04   5/786    25/29107 D02 phagophore assembly site                 8878.0, 26100.0, 60673.0, 79065.0, 285973.0 
GO:0000502 CC 5.33e-04   7/786    53/29107 D05 proteasome complex                       5691.0, 5702.0, 5704.0, 5708.0, 5709.0, 5714.0, 5886.0 
GO:0016272 CC 6.33e-04   3/786     7/29107 D02 prefoldin complex                        5201.0, 10471.0, 81572.0 
GO:0031428 CC 6.33e-04   3/786     7/29107 D04 box C/D RNP complex                      4809.0, 9136.0, 10528.0 
GO:0000786 CC 6.49e-04  10/786   107/29107 D03 nucleosome                               3006.0, 3008.0, 3014.0, 8338.0, 8357.0, 55506.0, 84656.0, 92815.0, 121504.0, 128312.0 
GO:0030425 CC 6.72e-04  24/786   422/29107 D05 dendrite                                 115.0, 1128.0, 1395.0, 2048.0, 2644.0, 2741.0, 2912.0, 3351.0, 3362.0, 5905.0, 5979.0, 7349.0, 9001.0, 10381.0, 22906.0, 22983.0, 23046.0, 23154.0, 25921.0, 57125.0, 57657.0, 84623.0, 140679.0, 349667.0 
GO:0005819 CC 6.76e-04  11/786   127/29107 D05 spindle                                  311.0, 1639.0, 2068.0, 6623.0, 7283.0, 11258.0, 23384.0, 29901.0, 51647.0, 57805.0, 81565.0 
GO:0044316 CC 7.28e-04   2/786     2/29107 D04 cone cell pedicle                        57657.0, 140679.0 
GO:0003735 MF 4.82e-07  18/786   163/29107 D02 structural constituent of ribosome       740.0, 6130.0, 6132.0, 6142.0, 6183.0, 6209.0, 7311.0, 25873.0, 29088.0, 51253.0, 54460.0, 55168.0, 63875.0, 64960.0, 64979.0, 64981.0, 116541.0, 122704.0 
GO:0003723 MF 2.38e-06  74/786  1388/29107 D04 RNA binding                              226.0, 311.0, 375.0, 705.0, 1984.0, 2885.0, 3006.0, 3008.0, 3068.0, 3956.0, 4191.0, 4809.0, 5315.0, 5479.0, 5905.0, 6130.0, 6132.0, 6142.0, 6183.0, 6209.0, 6301.0, 6520.0, 6626.0, 6633.0, 6734.0, 6749.0, 6949.0, 7284.0, 7332.0, 7343.0, 7458.0, 8402.0, 8602.0, 8668.0, 8721.0, 9136.0, 9470.0, 10528.0, 10849.0, 10969.0, 10970.0, 11333.0, 11338.0, 23212.0, 23223.0, 23481.0, 25873.0, 26121.0, 26155.0, 26608.0, 26995.0, 27079.0, 29088.0, 51087.0, 51253.0, 51428.0, 54460.0, 54865.0, 54890.0, 54913.0, 55178.0, 55651.0, 56257.0, 56915.0, 57805.0, 64960.0, 79002.0, 80759.0, 83443.0, 116541.0, 121504.0, 133522.0, 138428.0, 553115.0 
GO:0005515 MF 5.59e-06 543/786 12418/29107 D02 protein binding                          14.0, 43.0, 53.0, 87.0, 112.0, 134.0, 191.0, 211.0, 226.0, 311.0, 357.0, 375.0, 379.0, 402.0, 409.0, 439.0, 578.0, 598.0, 644.0, 645.0, 705.0, 740.0, 818.0, 826.0, 863.0, 899.0, 925.0, 977.0, 1072.0, 1128.0, 1173.0, 1175.0, 1327.0, 1395.0, 1639.0, 1650.0, 1893.0, 1917.0, 1984.0, 2021.0, 2048.0, 2068.0, 2170.0, 2255.0, 2286.0, 2319.0, 2539.0, 2590.0, 2597.0, 2644.0, 2709.0, 2741.0, 2801.0, 2802.0, 2826.0, 2872.0, 2878.0, 2885.0, 2907.0, 2912.0, 2931.0, 3006.0, 3008.0, 3014.0, 3036.0, 3163.0, 3351.0, 3359.0, 3362.0, 3421.0, 3460.0, 3795.0, 3927.0, 3956.0, 4043.0, 4152.0, 4201.0, 4248.0, 4324.0, 4435.0, 4625.0, 4696.0, 4758.0, 4779.0, 4809.0, 4836.0, 4843.0, 4924.0, 5050.0, 5089.0, 5092.0, 5164.0, 5188.0, 5195.0, 5201.0, 5214.0, 5261.0, 5293.0, 5315.0, 5372.0, 5425.0, 5447.0, 5467.0, 5479.0, 5493.0, 5496.0, 5510.0, 5595.0, 5603.0, 5664.0, 5691.0, 5702.0, 5704.0, 5708.0, 5709.0, 5714.0, 5817.0, 5831.0, 5886.0, 5905.0, 5979.0, 6047.0, 6130.0, 6132.0, 6142.0, 6183.0, 6209.0, 6257.0, 6277.0, 6301.0, 6376.0, 6382.0, 6447.0, 6464.0, 6469.0, 6520.0, 6601.0, 6623.0, 6626.0, 6633.0, 6665.0, 6714.0, 6721.0, 6723.0, 6746.0, 6749.0, 6753.0, 6770.0, 6778.0, 6786.0, 6836.0, 6892.0, 6903.0, 6944.0, 6949.0, 7008.0, 7086.0, 7127.0, 7139.0, 7167.0, 7280.0, 7283.0, 7284.0, 7286.0, 7311.0, 7332.0, 7343.0, 7349.0, 7389.0, 7391.0, 7458.0, 7737.0, 7918.0, 8078.0, 8192.0, 8220.0, 8357.0, 8372.0, 8402.0, 8428.0, 8440.0, 8482.0, 8508.0, 8625.0, 8629.0, 8668.0, 8721.0, 8742.0, 8775.0, 8784.0, 8818.0, 8878.0, 8907.0, 8911.0, 8912.0, 9001.0, 9049.0, 9088.0, 9114.0, 9136.0, 9168.0, 9172.0, 9196.0, 9253.0, 9296.0, 9389.0, 9392.0, 9466.0, 9470.0, 9524.0, 9545.0, 9552.0, 9609.0, 9737.0, 9742.0, 9807.0, 9810.0, 9826.0, 9927.0, 10044.0, 10076.0, 10084.0, 10134.0, 10193.0, 10195.0, 10204.0, 10211.0, 10233.0, 10245.0, 10272.0, 10280.0, 10295.0, 10318.0, 10367.0, 10381.0, 10383.0, 10419.0, 10421.0, 10456.0, 10458.0, 10460.0, 10471.0, 10488.0, 10498.0, 10525.0, 10528.0, 10554.0, 10603.0, 10695.0, 10712.0, 10856.0, 10945.0, 10953.0, 10956.0, 10960.0, 10961.0, 10969.0, 11041.0, 11076.0, 11092.0, 11138.0, 11140.0, 11188.0, 11258.0, 11316.0, 11333.0, 11337.0, 11338.0, 22861.0, 22874.0, 22893.0, 22906.0, 22983.0, 23017.0, 23038.0, 23139.0, 23154.0, 23164.0, 23201.0, 23212.0, 23276.0, 23299.0, 23324.0, 23338.0, 23361.0, 23368.0, 23384.0, 23474.0, 23481.0, 23587.0, 23616.0, 23623.0, 23646.0, 23647.0, 23648.0, 23780.0, 23786.0, 23787.0, 25844.0, 25921.0, 25953.0, 26001.0, 26056.0, 26071.0, 26100.0, 26121.0, 26155.0, 26229.0, 26240.0, 26267.0, 26270.0, 26297.0, 26517.0, 26580.0, 27095.0, 27156.0, 27166.0, 27348.0, 27351.0, 27429.0, 28956.0, 28960.0, 28987.0, 28989.0, 28992.0, 29088.0, 29100.0, 29101.0, 29780.0, 29844.0, 29855.0, 29901.0, 29928.0, 29959.0, 29965.0, 30968.0, 50813.0, 51181.0, 51204.0, 51246.0, 51271.0, 51307.0, 51310.0, 51341.0, 51428.0, 51504.0, 51517.0, 51545.0, 51596.0, 51647.0, 51807.0, 54551.0, 54663.0, 54682.0, 54707.0, 54825.0, 54865.0, 54913.0, 54997.0, 55118.0, 55177.0, 55178.0, 55506.0, 55565.0, 55585.0, 55651.0, 55702.0, 55721.0, 55851.0, 55954.0, 56005.0, 56160.0, 56257.0, 56915.0, 56937.0, 56961.0, 56997.0, 57019.0, 57125.0, 57128.0, 57567.0, 57592.0, 57657.0, 57659.0, 57805.0, 60370.0, 60626.0, 60673.0, 63875.0, 63905.0, 63943.0, 64137.0, 64219.0, 64333.0, 64689.0, 64748.0, 64781.0, 64782.0, 64837.0, 64979.0, 65018.0, 65982.0, 65985.0, 65999.0, 78987.0, 79002.0, 79004.0, 79065.0, 79094.0, 79140.0, 79142.0, 79143.0, 79165.0, 79567.0, 79637.0, 79656.0, 79680.0, 79697.0, 79714.0, 79760.0, 79791.0, 79797.0, 79930.0, 79947.0, 79955.0, 80019.0, 80139.0, 80308.0, 80325.0, 80347.0, 80776.0, 81037.0, 81502.0, 81544.0, 81565.0, 81570.0, 81572.0, 81876.0, 81932.0, 83443.0, 83460.0, 83541.0, 83658.0, 83667.0, 83850.0, 83931.0, 84067.0, 84152.0, 84229.0, 84258.0, 84285.0, 84299.0, 84313.0, 84337.0, 84557.0, 84561.0, 84618.0, 84623.0, 84656.0, 84688.0, 84858.0, 84866.0, 84894.0, 84937.0, 84967.0, 84968.0, 84975.0, 90060.0, 90288.0, 90480.0, 90485.0, 90809.0, 90956.0, 91179.0, 91368.0, 91574.0, 91647.0, 91782.0, 91942.0, 91966.0, 92369.0, 92815.0, 92856.0, 94005.0, 94107.0, 113130.0, 113444.0, 113452.0, 114898.0, 115948.0, 116541.0, 121504.0, 122953.0, 124045.0, 124790.0, 124935.0, 125170.0, 126823.0, 128486.0, 130813.0, 131583.0, 138428.0, 139285.0, 140775.0, 140823.0, 140901.0, 145226.0, 145483.0, 146845.0, 147807.0, 149951.0, 150678.0, 151903.0, 153769.0, 162989.0, 170302.0, 197407.0, 199720.0, 203260.0, 205251.0, 221955.0, 222662.0, 246176.0, 252969.0, 253314.0, 254122.0, 254359.0, 255275.0, 284338.0, 284613.0, 285093.0, 333926.0, 340419.0, 344558.0, 374659.0, 374887.0, 387893.0, 387923.0, 388552.0, 400916.0, 548596.0, 550631.0, 553115.0 
GO:0030515 MF 7.64e-06   6/786    19/29107 D05 snoRNA binding                           705.0, 4809.0, 8602.0, 9136.0, 10528.0, 92856.0 
GO:0044877 MF 1.96e-05  25/786   361/29107 D02 protein-containing complex binding       409.0, 578.0, 2048.0, 2644.0, 2741.0, 2885.0, 5050.0, 5214.0, 7139.0, 7288.0, 7391.0, 8440.0, 8775.0, 8878.0, 9114.0, 9810.0, 10134.0, 23510.0, 60673.0, 65018.0, 81565.0, 83667.0, 91942.0, 113130.0, 122953.0 
GO:0051082 MF 4.33e-05  12/786   110/29107 D03 unfolded protein binding                 5201.0, 5479.0, 6447.0, 6892.0, 9049.0, 10383.0, 10471.0, 10525.0, 10856.0, 11140.0, 27429.0, 81572.0 
GO:0097110 MF 7.69e-05   9/786    67/29107 D03 scaffold protein binding                 2912.0, 5595.0, 6714.0, 6949.0, 7343.0, 8440.0, 8912.0, 10458.0, 11140.0 
GO:0003924 MF 9.25e-05  22/786   327/29107 D07 GTPase activity                          375.0, 379.0, 402.0, 1917.0, 6734.0, 6903.0, 7280.0, 7283.0, 7284.0, 9545.0, 9609.0, 9927.0, 10381.0, 10383.0, 10633.0, 11076.0, 26164.0, 28511.0, 51807.0, 54707.0, 64792.0, 81876.0 
GO:0042802 MF 1.04e-04  66/786  1494/29107 D03 identical protein binding                191.0, 211.0, 226.0, 409.0, 578.0, 598.0, 818.0, 2048.0, 2539.0, 2597.0, 2741.0, 2801.0, 2878.0, 2885.0, 3036.0, 3704.0, 3956.0, 4779.0, 5050.0, 5092.0, 5195.0, 5214.0, 5595.0, 5702.0, 5831.0, 6047.0, 6382.0, 6626.0, 6723.0, 6778.0, 6786.0, 7283.0, 7391.0, 8192.0, 8878.0, 10193.0, 10204.0, 10318.0, 10367.0, 10419.0, 10458.0, 10488.0, 10603.0, 10856.0, 11188.0, 23474.0, 23647.0, 26121.0, 27348.0, 27351.0, 27429.0, 28960.0, 51181.0, 55178.0, 60673.0, 64137.0, 65989.0, 79147.0, 79797.0, 79955.0, 80308.0, 81565.0, 124790.0, 147906.0, 197407.0, 553115.0 
GO:0004984 MF 3.07e-05   0/786   399/29107 D04 olfactory receptor activity               
