GO:2000114 BP 3.51e-07   5/250    18/29107 D05 regulation of establishment of cell polarity 889.0, 5908.0, 10565.0, 22902.0, 253260.0 
GO:0006888 BP 5.61e-07  11/250   112/29107 D06 endoplasmic reticulum to Golgi vesicle-mediated transport 1315.0, 3998.0, 8615.0, 9117.0, 10342.0, 10427.0, 10802.0, 10972.0, 22878.0, 51014.0, 84272.0 
GO:0016567 BP 3.68e-06  16/250   471/29107 D09 protein ubiquitination                   6400.0, 7322.0, 7324.0, 8450.0, 10513.0, 11236.0, 23291.0, 26091.0, 26224.0, 51185.0, 51444.0, 55167.0, 84085.0, 115426.0, 197131.0, 339745.0 
GO:0005925 CC 7.88e-07  17/250   418/29107 D05 focal adhesion                           102.0, 2665.0, 3190.0, 5501.0, 5756.0, 6125.0, 6129.0, 6189.0, 10015.0, 10092.0, 10096.0, 10146.0, 10890.0, 10971.0, 23011.0, 51164.0, 55740.0 
GO:0000139 CC 9.13e-07  23/250   587/29107 D05 Golgi membrane                           102.0, 1182.0, 1315.0, 3998.0, 7110.0, 8615.0, 8658.0, 9445.0, 9528.0, 10565.0, 10890.0, 10972.0, 29071.0, 51014.0, 51100.0, 51809.0, 55676.0, 56913.0, 83452.0, 200576.0, 222236.0, 258010.0, 286451.0 
GO:0016020 CC 9.65e-07  45/250  2120/29107 D02 membrane                                 102.0, 821.0, 1182.0, 1315.0, 1362.0, 1434.0, 1660.0, 2665.0, 3190.0, 3572.0, 3998.0, 5431.0, 5701.0, 5908.0, 6125.0, 6129.0, 6643.0, 8540.0, 8615.0, 8886.0, 8898.0, 9255.0, 9445.0, 9969.0, 10015.0, 10096.0, 10269.0, 10735.0, 10971.0, 22875.0, 22902.0, 23200.0, 26060.0, 51185.0, 51430.0, 51809.0, 53981.0, 54497.0, 54940.0, 55788.0, 59338.0, 81537.0, 114876.0, 148362.0, 201595.0 
GO:0005789 CC 1.23e-06  26/250   973/29107 D04 endoplasmic reticulum membrane           821.0, 1315.0, 3998.0, 4287.0, 6400.0, 7485.0, 9117.0, 10427.0, 10802.0, 10890.0, 10972.0, 11236.0, 23011.0, 23190.0, 51014.0, 51528.0, 55161.0, 55788.0, 81537.0, 81542.0, 92140.0, 142891.0, 201562.0, 258010.0, 388650.0, 100996939.0 
GO:0005783 CC 1.23e-06  28/250  1040/29107 D05 endoplasmic reticulum                    821.0, 3998.0, 5910.0, 6125.0, 6189.0, 6400.0, 6731.0, 7110.0, 7485.0, 8615.0, 9117.0, 9255.0, 10236.0, 10972.0, 11236.0, 23190.0, 23200.0, 23471.0, 25800.0, 51014.0, 54463.0, 55161.0, 84272.0, 92140.0, 142891.0, 201562.0, 201595.0, 286451.0 
GO:0005768 CC 1.88e-06  13/250   295/29107 D07 endosome                                 6643.0, 8417.0, 8763.0, 10092.0, 10890.0, 23011.0, 23325.0, 26060.0, 26130.0, 51762.0, 54940.0, 83452.0, 114876.0 
GO:0031901 CC 1.98e-06  10/250   167/29107 D07 early endosome membrane                  1182.0, 6643.0, 8027.0, 8417.0, 8898.0, 10254.0, 23011.0, 26060.0, 200576.0, 222236.0 
GO:0005737 CC 2.25e-06  72/250  4681/29107 D02 cytoplasm                                102.0, 329.0, 889.0, 900.0, 1070.0, 1434.0, 1660.0, 2665.0, 3066.0, 3190.0, 3842.0, 4089.0, 4287.0, 4594.0, 5049.0, 5501.0, 5701.0, 5716.0, 5756.0, 6125.0, 6129.0, 6189.0, 6428.0, 6443.0, 6643.0, 6767.0, 6815.0, 7411.0, 7782.0, 8658.0, 8898.0, 9039.0, 9419.0, 10092.0, 10096.0, 10146.0, 10150.0, 10254.0, 10342.0, 10513.0, 10592.0, 10971.0, 22902.0, 23063.0, 23064.0, 23429.0, 26060.0, 29915.0, 51015.0, 51100.0, 51119.0, 51122.0, 51164.0, 51185.0, 51247.0, 51430.0, 51637.0, 55183.0, 55255.0, 56990.0, 57223.0, 57708.0, 59338.0, 64328.0, 64786.0, 79027.0, 84457.0, 92140.0, 132864.0, 197131.0, 222236.0, 339745.0 
GO:0070062 CC 2.33e-06  44/250  2169/29107 D06 extracellular exosome                    102.0, 821.0, 829.0, 1362.0, 1434.0, 2665.0, 3190.0, 3572.0, 3842.0, 3998.0, 5049.0, 5412.0, 5908.0, 5910.0, 6125.0, 6189.0, 6767.0, 7322.0, 7326.0, 8417.0, 8450.0, 8898.0, 9445.0, 9528.0, 10015.0, 10092.0, 10096.0, 10269.0, 10592.0, 10890.0, 10971.0, 22875.0, 23011.0, 23473.0, 26060.0, 29071.0, 51762.0, 51809.0, 54680.0, 59338.0, 114876.0, 148362.0, 222236.0, 258010.0 
GO:0005634 CC 2.34e-06  99/250  5368/29107 D05 nucleus                                  102.0, 329.0, 648.0, 900.0, 1385.0, 1434.0, 1660.0, 2005.0, 2551.0, 3066.0, 3190.0, 3281.0, 3842.0, 4089.0, 4287.0, 5136.0, 5431.0, 5501.0, 5701.0, 5716.0, 6125.0, 6129.0, 6189.0, 6815.0, 6885.0, 7110.0, 7322.0, 7324.0, 7398.0, 7411.0, 7485.0, 8031.0, 8467.0, 8658.0, 8898.0, 8899.0, 9039.0, 9147.0, 9255.0, 9422.0, 9801.0, 9969.0, 10092.0, 10096.0, 10146.0, 10179.0, 10236.0, 10260.0, 10513.0, 10592.0, 10735.0, 10773.0, 22832.0, 22847.0, 23063.0, 23064.0, 23244.0, 23291.0, 23429.0, 23435.0, 23473.0, 23517.0, 23528.0, 26060.0, 26224.0, 29068.0, 29915.0, 51111.0, 51119.0, 51164.0, 51185.0, 51340.0, 51426.0, 51444.0, 51637.0, 54680.0, 54891.0, 55183.0, 56242.0, 57708.0, 64376.0, 64400.0, 79027.0, 79677.0, 80012.0, 80110.0, 81627.0, 84295.0, 84458.0, 84640.0, 92140.0, 115426.0, 132864.0, 166968.0, 168374.0, 168451.0, 285237.0, 339324.0, 339745.0 
GO:0005654 CC 2.76e-06  81/250  3805/29107 D02 nucleoplasm                              648.0, 900.0, 1060.0, 1385.0, 1434.0, 1660.0, 2005.0, 2551.0, 3066.0, 3190.0, 3281.0, 4089.0, 4287.0, 5431.0, 5537.0, 5701.0, 5716.0, 6125.0, 6189.0, 6428.0, 6738.0, 6815.0, 6917.0, 7319.0, 7322.0, 7324.0, 7398.0, 8450.0, 8467.0, 8658.0, 9126.0, 9184.0, 9330.0, 9406.0, 9969.0, 10150.0, 10179.0, 10236.0, 10254.0, 10513.0, 10565.0, 10592.0, 10735.0, 10773.0, 11017.0, 22936.0, 23063.0, 23064.0, 23244.0, 23325.0, 23429.0, 23435.0, 23517.0, 23528.0, 25962.0, 29915.0, 51111.0, 51119.0, 51340.0, 51426.0, 51637.0, 51762.0, 53981.0, 54891.0, 55037.0, 55167.0, 55183.0, 57223.0, 57708.0, 59338.0, 64328.0, 79677.0, 80012.0, 84295.0, 84458.0, 115426.0, 166968.0, 168451.0, 222236.0, 285636.0, 339324.0 
GO:0005829 CC 3.11e-06 110/250  5295/29107 D02 cytosol                                  262.0, 329.0, 648.0, 829.0, 1060.0, 1315.0, 1434.0, 1660.0, 2005.0, 2665.0, 3281.0, 3842.0, 4089.0, 4287.0, 5049.0, 5136.0, 5501.0, 5537.0, 5701.0, 5716.0, 5756.0, 5908.0, 5910.0, 6125.0, 6129.0, 6189.0, 6643.0, 6731.0, 6738.0, 6767.0, 6815.0, 6885.0, 7110.0, 7319.0, 7322.0, 7324.0, 7326.0, 7398.0, 7411.0, 8027.0, 8450.0, 8467.0, 8540.0, 8615.0, 8658.0, 8780.0, 8898.0, 9039.0, 9061.0, 9126.0, 9140.0, 9184.0, 9255.0, 10010.0, 10015.0, 10092.0, 10096.0, 10146.0, 10254.0, 10260.0, 10342.0, 10427.0, 10565.0, 10592.0, 10735.0, 10802.0, 10890.0, 10971.0, 22832.0, 22878.0, 22902.0, 23011.0, 23063.0, 23190.0, 23244.0, 23291.0, 23473.0, 25936.0, 25962.0, 26046.0, 26060.0, 26091.0, 26130.0, 26224.0, 29915.0, 51100.0, 51119.0, 51164.0, 51185.0, 51637.0, 54497.0, 55037.0, 55156.0, 55740.0, 55773.0, 55862.0, 59338.0, 64328.0, 64400.0, 79598.0, 84085.0, 84131.0, 84640.0, 114876.0, 142891.0, 197131.0, 200576.0, 253260.0, 285636.0, 339324.0 
GO:0016604 CC 4.72e-06  13/250   321/29107 D02 nuclear body                             648.0, 1060.0, 1660.0, 8658.0, 23064.0, 25962.0, 26224.0, 29915.0, 51426.0, 51762.0, 54463.0, 55183.0, 92140.0 
GO:0032991 CC 1.30e-05  18/250   643/29107 D01 protein-containing complex               821.0, 1660.0, 3066.0, 5501.0, 6125.0, 6643.0, 6767.0, 7322.0, 9039.0, 10010.0, 10269.0, 10971.0, 51100.0, 57708.0, 64376.0, 79598.0, 166968.0, 201595.0 
GO:0030176 CC 8.71e-05   7/250   121/29107 D05 integral component of endoplasmic reticulum membrane 10269.0, 23471.0, 54463.0, 55161.0, 142891.0, 201562.0, 202018.0 
GO:0000776 CC 9.18e-05   7/250   122/29107 D05 kinetochore                              1060.0, 5501.0, 9184.0, 23291.0, 25936.0, 51164.0, 84295.0 
GO:0012507 CC 1.01e-04   5/250    54/29107 D07 ER to Golgi transport vesicle membrane   3998.0, 8615.0, 10427.0, 10802.0, 10972.0 
GO:0005794 CC 1.39e-04  21/250   988/29107 D05 Golgi apparatus                          102.0, 1182.0, 1315.0, 7110.0, 8615.0, 8658.0, 8910.0, 9255.0, 9445.0, 10565.0, 10890.0, 10972.0, 23063.0, 51014.0, 51809.0, 54940.0, 55676.0, 55773.0, 83452.0, 84272.0, 222236.0 
GO:0000775 CC 1.42e-04   5/250    58/29107 D03 chromosome, centromeric region           9126.0, 10735.0, 23063.0, 23244.0, 79677.0 
GO:0070971 CC 1.58e-04   4/250    32/29107 D02 endoplasmic reticulum exit site          10015.0, 10342.0, 10427.0, 10802.0 
GO:0005802 CC 1.87e-04   8/250   182/29107 D04 trans-Golgi network                      102.0, 10565.0, 10890.0, 23011.0, 23200.0, 55773.0, 84272.0, 286451.0 
GO:1990112 CC 2.19e-04   2/250     3/29107 D02 RQC complex                              9147.0, 26046.0 
GO:0033565 CC 2.19e-04   2/250     3/29107 D03 ESCRT-0 complex                          8027.0, 10254.0 
GO:0097431 CC 2.52e-04   4/250    36/29107 D03 mitotic spindle pole                     8658.0, 9126.0, 10735.0, 79677.0 
GO:0030127 CC 2.64e-04   3/250    15/29107 D05 COPII vesicle coat                       10427.0, 10802.0, 51014.0 
GO:0000151 CC 3.66e-04   6/250   109/29107 D04 ubiquitin ligase complex                 648.0, 7322.0, 7324.0, 23291.0, 26224.0, 197131.0 
GO:1990904 CC 3.71e-04   7/250   153/29107 D02 ribonucleoprotein complex                1660.0, 6125.0, 6129.0, 6189.0, 6738.0, 10146.0, 10236.0 
GO:0030134 CC 3.81e-04   4/250    40/29107 D08 COPII-coated ER to Golgi transport vesicle 3998.0, 10972.0, 51014.0, 286451.0 
GO:0035861 CC 4.19e-04   5/250    73/29107 D03 site of double-strand break              10092.0, 10096.0, 51444.0, 55183.0, 79677.0 
GO:0005813 CC 7.05e-04  13/250   528/29107 D03 centrosome                               1070.0, 1660.0, 4089.0, 22832.0, 23063.0, 23291.0, 23473.0, 51164.0, 51637.0, 57223.0, 79598.0, 84131.0, 202018.0 
GO:0035061 CC 7.22e-04   2/250     5/29107 D03 interchromatin granule                   23435.0, 79677.0 
GO:0005726 CC 7.22e-04   2/250     5/29107 D02 perichromatin fibrils                    1660.0, 23435.0 
GO:0008021 CC 7.57e-04   6/250   125/29107 D09 synaptic vesicle                         102.0, 1182.0, 8417.0, 8898.0, 10890.0, 51762.0 
GO:0071013 CC 8.42e-04   5/250    85/29107 D04 catalytic step 2 spliceosome             3190.0, 8899.0, 10236.0, 23517.0, 51340.0 
GO:0005730 CC 9.69e-04  22/250  1187/29107 D05 nucleolus                                1070.0, 1660.0, 4287.0, 5049.0, 5501.0, 5756.0, 6125.0, 6129.0, 6189.0, 6917.0, 8540.0, 8886.0, 9330.0, 10565.0, 10592.0, 23064.0, 23517.0, 51119.0, 54463.0, 79027.0, 84295.0, 84298.0 
GO:0000793 CC 9.76e-04   3/250    23/29107 D06 condensed chromosome                     8467.0, 10592.0, 55183.0 
GO:0004842 MF 8.11e-07  12/250   230/29107 D04 ubiquitin-protein transferase activity   329.0, 6400.0, 7319.0, 7322.0, 7324.0, 7326.0, 8450.0, 11236.0, 23291.0, 26091.0, 26224.0, 115426.0 
GO:0003723 MF 1.20e-06  37/250  1388/29107 D04 RNA binding                              821.0, 1660.0, 2665.0, 3066.0, 3190.0, 3842.0, 5431.0, 5501.0, 6125.0, 6129.0, 6189.0, 6428.0, 6731.0, 6738.0, 8615.0, 8886.0, 8899.0, 9406.0, 10146.0, 10150.0, 10179.0, 10236.0, 23064.0, 23435.0, 23517.0, 25962.0, 51119.0, 51340.0, 51637.0, 53981.0, 55037.0, 79665.0, 81627.0, 84295.0, 84298.0, 92140.0, 132864.0 
GO:0046872 MF 2.85e-06  43/250  2297/29107 D04 metal ion binding                        102.0, 1660.0, 3998.0, 4089.0, 4594.0, 5136.0, 5431.0, 5501.0, 5537.0, 6738.0, 8780.0, 9406.0, 9422.0, 10010.0, 10150.0, 10269.0, 10773.0, 22847.0, 22875.0, 23429.0, 23469.0, 23528.0, 25831.0, 29068.0, 51111.0, 51185.0, 51426.0, 51444.0, 51809.0, 54680.0, 54822.0, 55156.0, 55167.0, 56242.0, 56913.0, 79027.0, 80110.0, 81627.0, 84295.0, 115426.0, 168451.0, 201595.0, 339324.0 
GO:0005515 MF 3.32e-06 202/250 12418/29107 D02 protein binding                          102.0, 262.0, 329.0, 648.0, 821.0, 829.0, 889.0, 900.0, 1060.0, 1070.0, 1182.0, 1315.0, 1385.0, 1434.0, 1660.0, 2005.0, 2551.0, 2665.0, 3066.0, 3190.0, 3281.0, 3572.0, 3842.0, 3998.0, 4089.0, 4287.0, 4594.0, 5049.0, 5412.0, 5431.0, 5501.0, 5537.0, 5701.0, 5716.0, 5756.0, 5908.0, 5910.0, 6125.0, 6129.0, 6189.0, 6400.0, 6428.0, 6443.0, 6643.0, 6731.0, 6767.0, 6815.0, 6885.0, 6917.0, 7110.0, 7319.0, 7322.0, 7324.0, 7326.0, 7398.0, 7411.0, 7485.0, 7782.0, 8027.0, 8417.0, 8450.0, 8467.0, 8540.0, 8615.0, 8658.0, 8763.0, 8780.0, 8886.0, 8898.0, 8899.0, 9039.0, 9117.0, 9126.0, 9140.0, 9184.0, 9255.0, 9330.0, 9406.0, 9419.0, 9422.0, 9445.0, 9528.0, 9801.0, 9818.0, 10010.0, 10015.0, 10092.0, 10096.0, 10146.0, 10179.0, 10236.0, 10254.0, 10260.0, 10269.0, 10342.0, 10427.0, 10513.0, 10565.0, 10592.0, 10735.0, 10773.0, 10802.0, 10890.0, 10971.0, 10972.0, 11017.0, 11236.0, 22832.0, 22875.0, 22878.0, 22902.0, 22936.0, 23011.0, 23063.0, 23064.0, 23190.0, 23200.0, 23244.0, 23291.0, 23429.0, 23435.0, 23471.0, 23473.0, 23517.0, 23528.0, 25831.0, 25936.0, 25962.0, 26046.0, 26060.0, 26224.0, 29068.0, 29071.0, 29915.0, 51015.0, 51100.0, 51111.0, 51119.0, 51122.0, 51164.0, 51185.0, 51247.0, 51340.0, 51444.0, 51637.0, 51762.0, 53981.0, 54463.0, 54497.0, 54680.0, 54940.0, 55032.0, 55037.0, 55156.0, 55161.0, 55167.0, 55183.0, 55255.0, 55578.0, 55740.0, 55773.0, 55788.0, 55862.0, 56913.0, 56990.0, 57708.0, 59338.0, 64328.0, 64376.0, 64400.0, 64786.0, 79027.0, 79598.0, 79665.0, 79677.0, 80012.0, 80110.0, 81542.0, 81627.0, 83452.0, 84272.0, 84295.0, 84298.0, 84457.0, 84458.0, 84640.0, 92140.0, 114876.0, 115426.0, 134553.0, 148362.0, 168374.0, 197131.0, 200576.0, 201562.0, 201595.0, 253260.0, 258010.0, 286451.0, 339324.0, 339745.0, 100996939.0 
GO:0003677 MF 5.32e-06  23/250   921/29107 D04 DNA binding                              1060.0, 1660.0, 2005.0, 3190.0, 4089.0, 5431.0, 6129.0, 6917.0, 7110.0, 8467.0, 9330.0, 10146.0, 10260.0, 10773.0, 22847.0, 23064.0, 23429.0, 29068.0, 80012.0, 84295.0, 84458.0, 115426.0, 168451.0 
GO:0061631 MF 1.36e-05   5/250    36/29107 D05 ubiquitin conjugating enzyme activity    7319.0, 7322.0, 7324.0, 7326.0, 64400.0 
