GO:0006955 BP 9.47e-11 41/1423   147/15181 D02 immune response                          654.0, 714.0, 718.0, 920.0, 925.0, 942.0, 1240.0, 1524.0, 2214.0, 2533.0, 3106.0, 3113.0, 3119.0, 3122.0, 3274.0, 3394.0, 3588.0, 3603.0, 3717.0, 4261.0, 4783.0, 5294.0, 5724.0, 5818.0, 6387.0, 6693.0, 7057.0, 7096.0, 7097.0, 7099.0, 7409.0, 7494.0, 10261.0, 10333.0, 10346.0, 11251.0, 23533.0, 57105.0, 80328.0, 81793.0, 100507436.0 
GO:0006954 BP 1.59e-09 50/1423   215/15181 D04 inflammatory response                    140.0, 199.0, 650.0, 654.0, 718.0, 719.0, 720.0, 1240.0, 1436.0, 1536.0, 2353.0, 2532.0, 2687.0, 3055.0, 3588.0, 3663.0, 3689.0, 3815.0, 4261.0, 4671.0, 4843.0, 4973.0, 5294.0, 5588.0, 5724.0, 5742.0, 6696.0, 7040.0, 7057.0, 7096.0, 7097.0, 7099.0, 7132.0, 7857.0, 10333.0, 22900.0, 23166.0, 23765.0, 51284.0, 57413.0, 64581.0, 81793.0, 84695.0, 84807.0, 84868.0, 115362.0, 122618.0, 150372.0, 153090.0, 100137049.0 
GO:0032729 BP 1.52e-06 16/1423    45/15181 D08 positive regulation of interferon-gamma production 3113.0, 3394.0, 3717.0, 7098.0, 7099.0, 7784.0, 8140.0, 10125.0, 10666.0, 10859.0, 26191.0, 51284.0, 54440.0, 64581.0, 80381.0, 84868.0 
GO:0032715 BP 5.77e-06 13/1423    34/15181 D08 negative regulation of interleukin-6 production 409.0, 3071.0, 3082.0, 3635.0, 5777.0, 7099.0, 8832.0, 10365.0, 11006.0, 26191.0, 84868.0, 114899.0, 131450.0 
GO:0002250 BP 6.45e-06 22/1423    84/15181 D03 adaptive immune response                 639.0, 695.0, 920.0, 925.0, 942.0, 1524.0, 3106.0, 3108.0, 3109.0, 3113.0, 3119.0, 3122.0, 3717.0, 3903.0, 5294.0, 6850.0, 8832.0, 10859.0, 11006.0, 81622.0, 84868.0, 387357.0 
GO:0042742 BP 7.37e-06 16/1423    50/15181 D06 defense response to bacterium            1690.0, 3394.0, 4671.0, 4843.0, 4939.0, 5580.0, 6693.0, 6850.0, 7098.0, 7099.0, 7132.0, 10333.0, 23166.0, 81035.0, 219972.0, 100507436.0 
GO:0042102 BP 1.20e-05 13/1423    36/15181 D09 positive regulation of T cell proliferation 199.0, 942.0, 3071.0, 3109.0, 3113.0, 3717.0, 5588.0, 5788.0, 7784.0, 54440.0, 80381.0, 84433.0, 84868.0 
GO:0032760 BP 1.25e-05 20/1423    75/15181 D09 positive regulation of tumor necrosis factor production 1536.0, 2214.0, 3717.0, 4939.0, 5724.0, 5788.0, 6693.0, 6850.0, 7057.0, 7096.0, 7097.0, 7098.0, 7099.0, 8832.0, 10125.0, 54440.0, 64170.0, 64581.0, 84868.0, 113277.0 
GO:0050729 BP 3.63e-05 16/1423    56/15181 D07 positive regulation of inflammatory response 1636.0, 3603.0, 3717.0, 4192.0, 4671.0, 4814.0, 5138.0, 7097.0, 7098.0, 7099.0, 7132.0, 7784.0, 9111.0, 23765.0, 51284.0, 81793.0 
GO:0032755 BP 3.75e-05 17/1423    62/15181 D08 positive regulation of interleukin-6 production 199.0, 972.0, 3603.0, 4843.0, 5724.0, 6850.0, 7096.0, 7097.0, 7098.0, 7099.0, 7494.0, 10333.0, 23765.0, 51284.0, 64170.0, 64581.0, 113277.0 
GO:0045348 BP 3.98e-05  5/1423     6/15181 D07 positive regulation of MHC class II biosynthetic process 3717.0, 4261.0, 7099.0, 7494.0, 113277.0 
GO:0043406 BP 4.61e-05 16/1423    57/15181 D12 positive regulation of MAP kinase activity 1815.0, 1906.0, 1908.0, 3356.0, 3643.0, 3815.0, 5154.0, 5294.0, 5788.0, 7040.0, 7057.0, 7099.0, 8654.0, 10125.0, 23533.0, 80310.0 
GO:0005576 CC 2.14e-08 142/1423   956/15181 D02 extracellular region                     2.0, 240.0, 268.0, 272.0, 279.0, 313.0, 341.0, 633.0, 650.0, 683.0, 712.0, 713.0, 714.0, 718.0, 720.0, 925.0, 957.0, 1290.0, 1292.0, 1293.0, 1296.0, 1325.0, 1441.0, 1604.0, 1636.0, 1690.0, 1774.0, 1794.0, 1906.0, 1908.0, 2051.0, 2160.0, 2162.0, 2254.0, 2335.0, 2444.0, 2622.0, 3043.0, 3082.0, 3083.0, 3481.0, 3490.0, 3491.0, 3547.0, 3598.0, 3603.0, 4192.0, 4814.0, 4855.0, 4885.0, 4973.0, 5154.0, 5173.0, 5343.0, 5552.0, 5580.0, 5646.0, 5744.0, 5777.0, 5818.0, 5836.0, 6387.0, 6422.0, 6696.0, 6813.0, 7038.0, 7040.0, 7057.0, 7058.0, 7132.0, 7784.0, 7873.0, 8363.0, 8365.0, 8367.0, 8425.0, 9423.0, 9961.0, 10272.0, 10859.0, 10863.0, 10875.0, 22925.0, 23593.0, 23765.0, 25797.0, 26256.0, 26281.0, 50509.0, 51192.0, 51411.0, 51705.0, 54209.0, 55328.0, 55811.0, 56147.0, 56624.0, 57214.0, 58191.0, 59271.0, 60495.0, 60676.0, 64847.0, 80217.0, 80310.0, 80328.0, 80741.0, 80760.0, 81577.0, 83440.0, 83643.0, 83706.0, 84695.0, 84735.0, 93100.0, 123872.0, 127731.0, 129530.0, 131450.0, 162681.0, 167681.0, 169044.0, 170692.0, 196792.0, 201294.0, 207063.0, 219972.0, 221806.0, 221981.0, 255631.0, 285313.0, 286256.0, 340267.0, 374946.0, 375790.0, 387758.0, 390940.0, 646627.0, 653247.0, 728464.0, 768206.0, 100137049.0 
GO:0005887 CC 2.05e-06 127/1423   898/15181 D04 integral component of plasma membrane    113.0, 140.0, 148.0, 187.0, 719.0, 920.0, 925.0, 963.0, 977.0, 1138.0, 1240.0, 1436.0, 1441.0, 1524.0, 1536.0, 1815.0, 2046.0, 2051.0, 2212.0, 2214.0, 2559.0, 2567.0, 2857.0, 2918.0, 3071.0, 3106.0, 3113.0, 3122.0, 3249.0, 3274.0, 3356.0, 3587.0, 3588.0, 3643.0, 3815.0, 4267.0, 4481.0, 4855.0, 4868.0, 4883.0, 4923.0, 4973.0, 4995.0, 5031.0, 5724.0, 5754.0, 5788.0, 5961.0, 6404.0, 6518.0, 6536.0, 6578.0, 6579.0, 6693.0, 6751.0, 7048.0, 7075.0, 7096.0, 7097.0, 7098.0, 7099.0, 7132.0, 7805.0, 8832.0, 8987.0, 9127.0, 9170.0, 9194.0, 9311.0, 9369.0, 10161.0, 10261.0, 10333.0, 10666.0, 10894.0, 11251.0, 23129.0, 23166.0, 23765.0, 25780.0, 29990.0, 51293.0, 51393.0, 54112.0, 54209.0, 54407.0, 54510.0, 55558.0, 55879.0, 56112.0, 56114.0, 56128.0, 56129.0, 56143.0, 56145.0, 56147.0, 56624.0, 56659.0, 57105.0, 57413.0, 57537.0, 57657.0, 79905.0, 79953.0, 81793.0, 81796.0, 84063.0, 90139.0, 91653.0, 92211.0, 94233.0, 117247.0, 123041.0, 126321.0, 127943.0, 129293.0, 131096.0, 133418.0, 144195.0, 144448.0, 147138.0, 163702.0, 196883.0, 284021.0, 339390.0, 441631.0, 100507436.0 
GO:0009897 CC 3.34e-06 36/1423   170/15181 D03 external side of plasma membrane         920.0, 925.0, 942.0, 972.0, 1441.0, 1524.0, 1636.0, 2214.0, 3597.0, 3598.0, 3643.0, 3674.0, 3678.0, 3687.0, 3689.0, 3815.0, 4481.0, 5788.0, 6387.0, 6693.0, 7048.0, 7057.0, 7099.0, 8515.0, 8516.0, 8832.0, 9936.0, 10666.0, 10859.0, 80328.0, 80381.0, 80741.0, 84168.0, 131450.0, 339390.0, 100507436.0 
GO:0005581 CC 2.36e-05 13/1423    38/15181 D02 collagen trimer                          712.0, 713.0, 714.0, 1292.0, 1296.0, 4481.0, 81035.0, 114899.0, 114904.0, 147372.0, 169044.0, 255631.0, 340267.0 
GO:0042613 CC 1.01e-04  6/1423    10/15181 D05 MHC class II protein complex             972.0, 3108.0, 3109.0, 3113.0, 3119.0, 3122.0 
GO:0005615 CC 1.31e-04 104/1423   770/15181 D02 extracellular space                      2.0, 240.0, 268.0, 279.0, 633.0, 650.0, 654.0, 714.0, 718.0, 720.0, 957.0, 1073.0, 1192.0, 1290.0, 1292.0, 1293.0, 1296.0, 1325.0, 1519.0, 1636.0, 1906.0, 1908.0, 2160.0, 2162.0, 2214.0, 2254.0, 2335.0, 2660.0, 3043.0, 3082.0, 3083.0, 3481.0, 3490.0, 3598.0, 3603.0, 3815.0, 3936.0, 4242.0, 5122.0, 5154.0, 5552.0, 5646.0, 5744.0, 6422.0, 6585.0, 6652.0, 6693.0, 6696.0, 7038.0, 7040.0, 7057.0, 7089.0, 7098.0, 7132.0, 7784.0, 7857.0, 7873.0, 8425.0, 9111.0, 10272.0, 10404.0, 10406.0, 10637.0, 10875.0, 23234.0, 23263.0, 26281.0, 50509.0, 51192.0, 55328.0, 56999.0, 58189.0, 58191.0, 64131.0, 79006.0, 80310.0, 80328.0, 80350.0, 81035.0, 83854.0, 84695.0, 84929.0, 114899.0, 114904.0, 116173.0, 127435.0, 137902.0, 147138.0, 147372.0, 150356.0, 159686.0, 169044.0, 169611.0, 205428.0, 255631.0, 283310.0, 284297.0, 286256.0, 340267.0, 402117.0, 442915.0, 646627.0, 100302150.0, 100507436.0 
GO:0042101 CC 3.56e-04  4/1423     5/15181 D05 T cell receptor complex                  920.0, 925.0, 6850.0, 54518.0 
GO:0005829 CC 1.78e-19 280/1423  4519/15181 D02 cytosol                                  39.0, 148.0, 191.0, 199.0, 216.0, 240.0, 242.0, 272.0, 369.0, 393.0, 397.0, 409.0, 595.0, 613.0, 648.0, 695.0, 699.0, 745.0, 752.0, 790.0, 825.0, 841.0, 860.0, 977.0, 994.0, 1062.0, 1674.0, 1728.0, 1794.0, 1894.0, 2051.0, 2122.0, 2313.0, 2353.0, 2444.0, 2533.0, 2622.0, 2645.0, 2670.0, 2784.0, 2874.0, 3043.0, 3055.0, 3071.0, 3083.0, 3164.0, 3356.0, 3394.0, 3587.0, 3603.0, 3635.0, 3663.0, 3717.0, 3838.0, 3936.0, 4085.0, 4145.0, 4261.0, 4481.0, 4542.0, 4598.0, 4602.0, 4621.0, 4703.0, 4843.0, 4855.0, 4939.0, 5096.0, 5137.0, 5138.0, 5203.0, 5207.0, 5224.0, 5294.0, 5580.0, 5588.0, 5598.0, 5699.0, 5744.0, 5777.0, 5836.0, 5925.0, 5973.0, 6001.0, 6134.0, 6228.0, 6234.0, 6236.0, 6303.0, 6422.0, 6449.0, 6456.0, 6470.0, 6491.0, 6502.0, 6503.0, 6606.0, 6607.0, 6652.0, 6799.0, 6813.0, 6850.0, 7048.0, 7186.0, 7267.0, 7298.0, 7318.0, 7409.0, 7439.0, 7805.0, 7873.0, 8029.0, 8140.0, 8293.0, 8654.0, 8776.0, 8826.0, 8938.0, 9050.0, 9111.0, 9423.0, 9455.0, 9456.0, 9557.0, 9628.0, 9961.0, 10109.0, 10125.0, 10144.0, 10320.0, 10324.0, 10346.0, 10458.0, 10475.0, 10841.0, 10901.0, 10965.0, 10973.0, 11004.0, 11075.0, 11097.0, 11130.0, 11157.0, 11221.0, 22900.0, 22981.0, 23234.0, 23263.0, 23421.0, 23533.0, 23564.0, 23600.0, 23678.0, 23743.0, 24142.0, 25822.0, 25839.0, 26030.0, 26119.0, 26191.0, 26256.0, 27128.0, 28987.0, 29082.0, 29116.0, 30827.0, 30845.0, 30846.0, 50636.0, 51054.0, 51085.0, 51099.0, 51171.0, 51291.0, 51339.0, 51466.0, 51473.0, 51690.0, 54039.0, 54518.0, 54820.0, 54874.0, 54897.0, 54908.0, 55012.0, 55055.0, 55191.0, 55303.0, 55357.0, 55520.0, 55614.0, 55768.0, 55811.0, 56288.0, 57161.0, 57176.0, 57491.0, 57537.0, 57571.0, 57696.0, 57709.0, 57718.0, 57761.0, 57819.0, 59338.0, 60312.0, 60676.0, 63922.0, 64092.0, 64105.0, 64170.0, 64283.0, 64855.0, 79070.0, 79092.0, 79622.0, 79682.0, 79825.0, 79841.0, 79890.0, 80115.0, 80824.0, 81704.0, 84270.0, 84433.0, 84735.0, 84812.0, 84851.0, 84875.0, 84942.0, 85415.0, 89765.0, 89846.0, 89891.0, 89958.0, 90861.0, 91607.0, 93100.0, 114757.0, 116496.0, 117245.0, 117289.0, 117584.0, 118460.0, 118788.0, 119391.0, 122970.0, 123624.0, 123872.0, 124944.0, 126433.0, 126549.0, 130916.0, 132158.0, 134359.0, 140578.0, 151393.0, 151531.0, 152206.0, 153090.0, 154214.0, 155038.0, 160140.0, 161823.0, 192668.0, 201294.0, 221472.0, 222235.0, 246184.0, 246329.0, 253714.0, 259173.0, 283807.0, 284403.0, 342667.0, 440603.0, 474344.0, 653784.0, 100137049.0, 100287171.0 
GO:0005654 CC 1.12e-15 204/1423  3406/15181 D02 nucleoplasm                              148.0, 240.0, 393.0, 409.0, 463.0, 595.0, 639.0, 648.0, 672.0, 694.0, 699.0, 745.0, 841.0, 860.0, 994.0, 1104.0, 1436.0, 1643.0, 1663.0, 1787.0, 1846.0, 1894.0, 1959.0, 2122.0, 2175.0, 2187.0, 2313.0, 2353.0, 2444.0, 2645.0, 2874.0, 3164.0, 3394.0, 3642.0, 3709.0, 3717.0, 3726.0, 3838.0, 3978.0, 4004.0, 4085.0, 4261.0, 4602.0, 4781.0, 4798.0, 4843.0, 4855.0, 4931.0, 4939.0, 4973.0, 5426.0, 5580.0, 5598.0, 5699.0, 5744.0, 5777.0, 5893.0, 5925.0, 5935.0, 6228.0, 6234.0, 6470.0, 6502.0, 6606.0, 6607.0, 6663.0, 6886.0, 7089.0, 7186.0, 7267.0, 7307.0, 7318.0, 7494.0, 7516.0, 7849.0, 7922.0, 8013.0, 8363.0, 8365.0, 8367.0, 8449.0, 8464.0, 8504.0, 8704.0, 8819.0, 9015.0, 9079.0, 9111.0, 9189.0, 9194.0, 9401.0, 9423.0, 9429.0, 9443.0, 9557.0, 9612.0, 9891.0, 10109.0, 10272.0, 10320.0, 10324.0, 10346.0, 10458.0, 10475.0, 10620.0, 10739.0, 10799.0, 10973.0, 11097.0, 11130.0, 11157.0, 11200.0, 11221.0, 22797.0, 22900.0, 23234.0, 23283.0, 23314.0, 23421.0, 23582.0, 25885.0, 26095.0, 26147.0, 26173.0, 26256.0, 26298.0, 27341.0, 28987.0, 29893.0, 29894.0, 30827.0, 51085.0, 51099.0, 51149.0, 51291.0, 51339.0, 51690.0, 54855.0, 54897.0, 54962.0, 55012.0, 55051.0, 55149.0, 55357.0, 55520.0, 55621.0, 55636.0, 55892.0, 56672.0, 57477.0, 57491.0, 57616.0, 57654.0, 57696.0, 57709.0, 57761.0, 57804.0, 57819.0, 59338.0, 63922.0, 64105.0, 64318.0, 64855.0, 79070.0, 79075.0, 79622.0, 79682.0, 79991.0, 80115.0, 80177.0, 80824.0, 83444.0, 84515.0, 84733.0, 89958.0, 91607.0, 93953.0, 112950.0, 117584.0, 118460.0, 120425.0, 124739.0, 124944.0, 126549.0, 134359.0, 143570.0, 152206.0, 159963.0, 201254.0, 221527.0, 246184.0, 246329.0, 253714.0, 253769.0, 283514.0, 284058.0, 340152.0, 348654.0, 440353.0, 613037.0, 653784.0, 728489.0, 100288332.0, 102724159.0 
GO:0005634 CC 1.29e-14 294/1423  4445/15181 D05 nucleus                                  148.0, 199.0, 334.0, 409.0, 463.0, 595.0, 639.0, 648.0, 672.0, 694.0, 695.0, 745.0, 790.0, 825.0, 860.0, 972.0, 994.0, 1062.0, 1104.0, 1192.0, 1545.0, 1643.0, 1663.0, 1674.0, 1774.0, 1843.0, 1846.0, 1894.0, 1959.0, 2122.0, 2175.0, 2313.0, 2353.0, 2444.0, 2533.0, 2874.0, 3055.0, 3070.0, 3164.0, 3299.0, 3394.0, 3642.0, 3663.0, 3717.0, 3726.0, 3838.0, 3978.0, 4004.0, 4085.0, 4094.0, 4438.0, 4602.0, 4781.0, 4783.0, 4798.0, 4843.0, 4855.0, 4931.0, 5090.0, 5138.0, 5203.0, 5224.0, 5426.0, 5580.0, 5598.0, 5699.0, 5777.0, 5893.0, 5925.0, 5935.0, 5990.0, 6001.0, 6134.0, 6387.0, 6433.0, 6449.0, 6470.0, 6502.0, 6606.0, 6607.0, 6663.0, 6850.0, 6886.0, 7040.0, 7089.0, 7267.0, 7298.0, 7318.0, 7494.0, 7561.0, 7652.0, 7691.0, 7718.0, 7757.0, 7761.0, 7849.0, 7873.0, 8013.0, 8293.0, 8363.0, 8365.0, 8367.0, 8449.0, 8464.0, 8558.0, 8819.0, 8826.0, 8940.0, 9079.0, 9111.0, 9189.0, 9315.0, 9401.0, 9425.0, 9443.0, 9557.0, 9612.0, 9628.0, 9679.0, 9891.0, 9961.0, 10109.0, 10272.0, 10320.0, 10346.0, 10365.0, 10389.0, 10566.0, 10620.0, 10799.0, 10901.0, 10973.0, 11004.0, 11097.0, 11157.0, 11200.0, 11221.0, 22797.0, 22900.0, 23234.0, 23421.0, 23533.0, 23582.0, 23604.0, 23619.0, 26147.0, 26150.0, 26152.0, 26191.0, 26256.0, 26298.0, 29082.0, 29894.0, 29994.0, 30827.0, 30845.0, 30846.0, 51085.0, 51149.0, 51265.0, 51339.0, 51351.0, 51634.0, 51690.0, 54039.0, 54059.0, 54112.0, 54440.0, 54514.0, 54855.0, 54897.0, 54908.0, 54962.0, 55051.0, 55124.0, 55325.0, 55520.0, 55552.0, 55609.0, 55621.0, 55636.0, 55768.0, 55769.0, 55811.0, 55998.0, 56256.0, 57116.0, 57214.0, 57491.0, 57615.0, 57616.0, 57761.0, 57819.0, 60491.0, 63922.0, 63979.0, 64092.0, 64518.0, 64794.0, 64855.0, 79075.0, 79364.0, 79622.0, 79639.0, 79682.0, 79716.0, 79991.0, 80063.0, 80110.0, 80726.0, 80824.0, 81691.0, 83640.0, 84072.0, 84107.0, 84215.0, 84270.0, 84515.0, 84695.0, 84733.0, 84807.0, 84812.0, 84851.0, 84874.0, 84875.0, 84914.0, 89765.0, 90523.0, 90861.0, 91156.0, 91607.0, 93134.0, 93953.0, 94239.0, 112950.0, 113835.0, 114823.0, 118460.0, 122618.0, 123283.0, 126074.0, 126549.0, 127665.0, 130557.0, 132851.0, 139081.0, 143570.0, 144195.0, 147694.0, 148979.0, 151126.0, 162993.0, 164684.0, 170958.0, 170959.0, 195814.0, 197320.0, 201973.0, 220042.0, 221472.0, 260425.0, 266743.0, 283417.0, 283807.0, 284058.0, 284338.0, 284390.0, 284403.0, 284443.0, 339488.0, 340152.0, 342132.0, 342892.0, 342908.0, 342977.0, 349334.0, 387357.0, 388523.0, 388561.0, 400713.0, 440097.0, 440603.0, 442319.0, 645121.0, 654254.0, 728642.0, 729092.0, 729288.0, 730087.0, 100125288.0, 100130086.0, 100132074.0, 109504726.0, 110116772.0 
GO:0005737 CC 7.95e-08 288/1423  3958/15181 D02 cytoplasm                                39.0, 148.0, 199.0, 216.0, 393.0, 397.0, 409.0, 463.0, 595.0, 639.0, 654.0, 672.0, 684.0, 694.0, 695.0, 790.0, 825.0, 841.0, 972.0, 994.0, 1009.0, 1073.0, 1104.0, 1192.0, 1373.0, 1571.0, 1663.0, 1674.0, 1728.0, 1787.0, 1794.0, 1843.0, 1846.0, 1894.0, 1906.0, 1959.0, 2175.0, 2254.0, 2571.0, 2660.0, 2670.0, 2784.0, 3394.0, 3663.0, 3717.0, 3838.0, 3936.0, 3978.0, 4085.0, 4094.0, 4192.0, 4267.0, 4430.0, 4542.0, 4645.0, 4668.0, 4671.0, 4843.0, 5138.0, 5203.0, 5294.0, 5502.0, 5519.0, 5580.0, 5598.0, 5742.0, 5744.0, 5777.0, 5836.0, 5935.0, 5990.0, 6228.0, 6234.0, 6387.0, 6449.0, 6456.0, 6470.0, 6491.0, 6606.0, 6607.0, 6751.0, 6799.0, 6850.0, 7040.0, 7097.0, 7098.0, 7099.0, 7298.0, 7318.0, 7409.0, 7494.0, 7516.0, 8558.0, 8776.0, 8826.0, 9050.0, 9098.0, 9111.0, 9127.0, 9170.0, 9231.0, 9315.0, 9401.0, 9425.0, 9455.0, 9456.0, 9781.0, 9891.0, 9905.0, 9961.0, 10008.0, 10324.0, 10346.0, 10404.0, 10458.0, 10475.0, 10566.0, 10841.0, 10859.0, 11075.0, 11130.0, 11157.0, 11200.0, 11221.0, 22900.0, 22952.0, 23234.0, 23263.0, 23413.0, 23421.0, 23533.0, 23582.0, 23593.0, 23600.0, 23604.0, 24142.0, 26095.0, 26191.0, 26256.0, 26281.0, 27341.0, 29082.0, 29925.0, 29958.0, 30845.0, 30846.0, 51016.0, 51085.0, 51265.0, 51284.0, 51339.0, 51364.0, 51466.0, 51473.0, 51601.0, 54039.0, 54112.0, 54407.0, 54440.0, 54514.0, 54550.0, 54855.0, 54874.0, 54962.0, 55066.0, 55124.0, 55171.0, 55191.0, 55325.0, 55345.0, 55614.0, 55768.0, 55779.0, 55803.0, 55805.0, 55811.0, 55917.0, 55930.0, 55998.0, 56155.0, 56243.0, 57091.0, 57214.0, 57471.0, 57477.0, 57540.0, 57718.0, 57819.0, 59338.0, 60491.0, 63979.0, 64092.0, 64097.0, 64170.0, 64581.0, 64855.0, 65992.0, 79007.0, 79092.0, 79132.0, 79716.0, 79801.0, 79867.0, 79890.0, 80705.0, 80824.0, 81704.0, 83543.0, 84073.0, 84077.0, 84306.0, 84433.0, 84448.0, 84695.0, 84851.0, 84875.0, 89846.0, 89891.0, 90313.0, 90835.0, 113220.0, 115265.0, 115294.0, 115362.0, 116496.0, 117245.0, 117584.0, 119391.0, 122786.0, 123041.0, 123283.0, 123872.0, 126433.0, 126549.0, 127435.0, 127943.0, 132158.0, 132671.0, 137868.0, 137902.0, 140469.0, 140578.0, 143570.0, 147138.0, 151393.0, 152015.0, 153090.0, 154214.0, 159686.0, 160492.0, 167838.0, 196883.0, 197335.0, 199221.0, 201625.0, 203286.0, 220004.0, 220042.0, 220869.0, 221472.0, 246176.0, 260425.0, 283514.0, 283643.0, 284297.0, 284805.0, 284996.0, 285025.0, 342977.0, 359845.0, 387357.0, 406929.0, 440434.0, 440854.0, 493829.0, 644019.0, 645121.0, 653489.0, 727851.0, 728113.0, 728642.0, 728841.0, 729540.0, 729857.0, 768206.0, 100130086.0, 100132074.0, 100507436.0 
GO:0016607 CC 5.31e-06 12/1423   373/15181 D03 nuclear speck                            2122.0, 3299.0, 3603.0, 7307.0, 9425.0, 10346.0, 10973.0, 11221.0, 30827.0, 55051.0, 64318.0, 123872.0 
GO:0005730 CC 2.27e-05 47/1423   860/15181 D05 nucleolus                                825.0, 1373.0, 1663.0, 3717.0, 4931.0, 5777.0, 6502.0, 7267.0, 7298.0, 9079.0, 11157.0, 26768.0, 54463.0, 55051.0, 55636.0, 57696.0, 64318.0, 64794.0, 65992.0, 81691.0, 83444.0, 84875.0, 89958.0, 114599.0, 118460.0, 260294.0, 283807.0, 338433.0, 400506.0, 677772.0, 677775.0, 677800.0, 677833.0, 677841.0, 692084.0, 692086.0, 767563.0, 767568.0, 100033460.0, 100033806.0, 100033811.0, 100033812.0, 100033813.0, 100033814.0, 100033818.0, 100036564.0, 109616976.0 
GO:0005813 CC 5.29e-05 22/1423   490/15181 D03 centrosome                               994.0, 1663.0, 1815.0, 6491.0, 7516.0, 9189.0, 11004.0, 22981.0, 54820.0, 54855.0, 55012.0, 84221.0, 89891.0, 134359.0, 140578.0, 152206.0, 159686.0, 284403.0, 285025.0, 348654.0, 441054.0, 653784.0 
GO:0005739 CC 5.55e-05 75/1423  1204/15181 D05 mitochondrion                            39.0, 369.0, 487.0, 670.0, 841.0, 1159.0, 1192.0, 1375.0, 1545.0, 2645.0, 2874.0, 3164.0, 3978.0, 4285.0, 4541.0, 4923.0, 5096.0, 5203.0, 5580.0, 7132.0, 7298.0, 10863.0, 10901.0, 10965.0, 23241.0, 23564.0, 23593.0, 23597.0, 23600.0, 25961.0, 26995.0, 29957.0, 29958.0, 51099.0, 51409.0, 51601.0, 51657.0, 51805.0, 54516.0, 54938.0, 55066.0, 55149.0, 55178.0, 55210.0, 55217.0, 55556.0, 55811.0, 56624.0, 57176.0, 60491.0, 64064.0, 64318.0, 64978.0, 80726.0, 83858.0, 84263.0, 84270.0, 90550.0, 115286.0, 116540.0, 116541.0, 130916.0, 132001.0, 132158.0, 132671.0, 135154.0, 151393.0, 155038.0, 219293.0, 283514.0, 284106.0, 374887.0, 728489.0, 751071.0, 102724023.0 
GO:0016020 CC 1.87e-04 132/1423  1867/15181 D02 membrane                                 334.0, 397.0, 613.0, 684.0, 699.0, 752.0, 790.0, 957.0, 972.0, 977.0, 1062.0, 1192.0, 1794.0, 1815.0, 2160.0, 2353.0, 3071.0, 3082.0, 3106.0, 3108.0, 3119.0, 3547.0, 3643.0, 3687.0, 3689.0, 3709.0, 3838.0, 4047.0, 4145.0, 4931.0, 4939.0, 4973.0, 5122.0, 5294.0, 5777.0, 5788.0, 5818.0, 5957.0, 6134.0, 6228.0, 6238.0, 6404.0, 6449.0, 6518.0, 6536.0, 6578.0, 6652.0, 6693.0, 7096.0, 7098.0, 7132.0, 7439.0, 7922.0, 8029.0, 8140.0, 8363.0, 8365.0, 8367.0, 8504.0, 8776.0, 8987.0, 9037.0, 9111.0, 9401.0, 9536.0, 9612.0, 9899.0, 9902.0, 9936.0, 9961.0, 10125.0, 10287.0, 10894.0, 10970.0, 10973.0, 11004.0, 11075.0, 11184.0, 23421.0, 23533.0, 26173.0, 51151.0, 51192.0, 51293.0, 51303.0, 51466.0, 54820.0, 54918.0, 55129.0, 57404.0, 57413.0, 57537.0, 57696.0, 58191.0, 59338.0, 63922.0, 64834.0, 79443.0, 79953.0, 80346.0, 81704.0, 81793.0, 83440.0, 83706.0, 83985.0, 84073.0, 84263.0, 84306.0, 84695.0, 84929.0, 85450.0, 90527.0, 114780.0, 114899.0, 115209.0, 115294.0, 115362.0, 116443.0, 116496.0, 117584.0, 118788.0, 121457.0, 123041.0, 129293.0, 144195.0, 196883.0, 201294.0, 260425.0, 284297.0, 284996.0, 375033.0, 389668.0 
GO:0008021 CC 4.22e-04  1/1423   109/15181 D09 synaptic vesicle                         9899.0 
GO:0005802 CC 4.77e-04  4/1423   168/15181 D04 trans-Golgi network                      5122.0, 57234.0, 58475.0, 64231.0 
GO:0004888 MF 1.88e-07 23/1423    75/15181 D03 transmembrane signaling receptor activity 920.0, 2212.0, 2214.0, 2532.0, 6693.0, 7096.0, 7097.0, 7098.0, 7099.0, 9127.0, 10261.0, 10333.0, 10894.0, 27181.0, 51284.0, 54209.0, 55879.0, 57413.0, 81793.0, 84168.0, 127943.0, 150372.0, 284021.0 
GO:0038023 MF 6.54e-07 32/1423   135/15181 D02 signaling receptor activity              187.0, 920.0, 942.0, 1240.0, 1441.0, 2051.0, 2532.0, 3587.0, 3588.0, 3687.0, 4855.0, 4883.0, 4995.0, 5031.0, 6238.0, 7096.0, 7097.0, 7098.0, 7099.0, 8029.0, 9369.0, 9902.0, 9936.0, 10333.0, 10894.0, 22925.0, 54209.0, 81793.0, 116443.0, 131450.0, 375033.0, 389289.0 
GO:0005515 MF 1.19e-23 741/1423  9777/15181 D02 protein binding                          2.0, 39.0, 148.0, 187.0, 191.0, 199.0, 216.0, 240.0, 268.0, 272.0, 313.0, 334.0, 341.0, 369.0, 393.0, 397.0, 409.0, 463.0, 487.0, 595.0, 613.0, 633.0, 639.0, 648.0, 650.0, 672.0, 684.0, 694.0, 695.0, 699.0, 712.0, 713.0, 714.0, 718.0, 752.0, 825.0, 841.0, 860.0, 920.0, 925.0, 942.0, 957.0, 963.0, 972.0, 977.0, 994.0, 1062.0, 1073.0, 1104.0, 1138.0, 1159.0, 1192.0, 1240.0, 1292.0, 1373.0, 1375.0, 1436.0, 1441.0, 1519.0, 1524.0, 1534.0, 1536.0, 1545.0, 1604.0, 1643.0, 1663.0, 1674.0, 1690.0, 1728.0, 1774.0, 1794.0, 1815.0, 1843.0, 1846.0, 1894.0, 1906.0, 1959.0, 2038.0, 2110.0, 2122.0, 2160.0, 2162.0, 2175.0, 2187.0, 2212.0, 2214.0, 2313.0, 2335.0, 2353.0, 2444.0, 2533.0, 2571.0, 2622.0, 2645.0, 2660.0, 2670.0, 2774.0, 2784.0, 2790.0, 2874.0, 2979.0, 3043.0, 3055.0, 3070.0, 3071.0, 3082.0, 3083.0, 3106.0, 3108.0, 3109.0, 3119.0, 3122.0, 3164.0, 3249.0, 3356.0, 3394.0, 3481.0, 3490.0, 3491.0, 3547.0, 3587.0, 3588.0, 3597.0, 3598.0, 3635.0, 3643.0, 3663.0, 3674.0, 3678.0, 3687.0, 3689.0, 3717.0, 3726.0, 3768.0, 3815.0, 3838.0, 3903.0, 4004.0, 4047.0, 4085.0, 4094.0, 4145.0, 4192.0, 4261.0, 4267.0, 4336.0, 4356.0, 4430.0, 4438.0, 4481.0, 4512.0, 4536.0, 4537.0, 4542.0, 4598.0, 4602.0, 4645.0, 4671.0, 4703.0, 4783.0, 4798.0, 4814.0, 4843.0, 4855.0, 4868.0, 4883.0, 4885.0, 4923.0, 4931.0, 4939.0, 4973.0, 5031.0, 5096.0, 5138.0, 5154.0, 5203.0, 5207.0, 5224.0, 5294.0, 5426.0, 5502.0, 5519.0, 5552.0, 5580.0, 5588.0, 5598.0, 5646.0, 5699.0, 5724.0, 5742.0, 5744.0, 5754.0, 5777.0, 5788.0, 5818.0, 5826.0, 5836.0, 5893.0, 5925.0, 5935.0, 5961.0, 5973.0, 5990.0, 6001.0, 6134.0, 6228.0, 6234.0, 6236.0, 6303.0, 6387.0, 6404.0, 6422.0, 6433.0, 6449.0, 6456.0, 6470.0, 6491.0, 6502.0, 6503.0, 6518.0, 6585.0, 6606.0, 6607.0, 6663.0, 6693.0, 6696.0, 6713.0, 6751.0, 6799.0, 6813.0, 6850.0, 6886.0, 7038.0, 7040.0, 7048.0, 7057.0, 7058.0, 7075.0, 7089.0, 7096.0, 7097.0, 7098.0, 7099.0, 7132.0, 7186.0, 7267.0, 7307.0, 7318.0, 7409.0, 7494.0, 7516.0, 7718.0, 7784.0, 7805.0, 7849.0, 7857.0, 7873.0, 7922.0, 8013.0, 8029.0, 8140.0, 8269.0, 8293.0, 8363.0, 8365.0, 8367.0, 8425.0, 8449.0, 8504.0, 8558.0, 8654.0, 8819.0, 8826.0, 8832.0, 8938.0, 8940.0, 8987.0, 9015.0, 9079.0, 9098.0, 9111.0, 9170.0, 9189.0, 9194.0, 9231.0, 9315.0, 9382.0, 9401.0, 9423.0, 9425.0, 9429.0, 9443.0, 9452.0, 9455.0, 9456.0, 9536.0, 9557.0, 9612.0, 9628.0, 9729.0, 9781.0, 9891.0, 9899.0, 9902.0, 9906.0, 9936.0, 9961.0, 10008.0, 10109.0, 10161.0, 10272.0, 10287.0, 10320.0, 10324.0, 10333.0, 10346.0, 10365.0, 10389.0, 10406.0, 10458.0, 10475.0, 10566.0, 10620.0, 10666.0, 10841.0, 10859.0, 10863.0, 10894.0, 10897.0, 10965.0, 10970.0, 10973.0, 11004.0, 11006.0, 11075.0, 11097.0, 11130.0, 11157.0, 11184.0, 11200.0, 11221.0, 22797.0, 22900.0, 22981.0, 23129.0, 23166.0, 23199.0, 23234.0, 23241.0, 23283.0, 23314.0, 23413.0, 23421.0, 23500.0, 23564.0, 23582.0, 23593.0, 23604.0, 23619.0, 23678.0, 23765.0, 25780.0, 25797.0, 25822.0, 25839.0, 25885.0, 25924.0, 25945.0, 26119.0, 26147.0, 26150.0, 26152.0, 26191.0, 26509.0, 26762.0, 27128.0, 27181.0, 27341.0, 28987.0, 29082.0, 29116.0, 29893.0, 29894.0, 29925.0, 29990.0, 29994.0, 30827.0, 30845.0, 30846.0, 50839.0, 50999.0, 51016.0, 51099.0, 51141.0, 51148.0, 51149.0, 51171.0, 51192.0, 51265.0, 51284.0, 51291.0, 51293.0, 51296.0, 51334.0, 51339.0, 51364.0, 51393.0, 51409.0, 51411.0, 51466.0, 51473.0, 51531.0, 51601.0, 51634.0, 51657.0, 51690.0, 51805.0, 53829.0, 53938.0, 54065.0, 54209.0, 54407.0, 54463.0, 54510.0, 54518.0, 54532.0, 54550.0, 54820.0, 54855.0, 54874.0, 54908.0, 54918.0, 54922.0, 54938.0, 54947.0, 54962.0, 54987.0, 55007.0, 55012.0, 55051.0, 55055.0, 55080.0, 55124.0, 55138.0, 55149.0, 55171.0, 55178.0, 55191.0, 55210.0, 55280.0, 55282.0, 55304.0, 55325.0, 55328.0, 55357.0, 55558.0, 55609.0, 55621.0, 55636.0, 55698.0, 55732.0, 55768.0, 55769.0, 55779.0, 55803.0, 55805.0, 55879.0, 55892.0, 55917.0, 55998.0, 56155.0, 56256.0, 56288.0, 56672.0, 56963.0, 56971.0, 57105.0, 57116.0, 57146.0, 57161.0, 57176.0, 57214.0, 57381.0, 57467.0, 57471.0, 57491.0, 57616.0, 57654.0, 57657.0, 57696.0, 57709.0, 57718.0, 57761.0, 57804.0, 57819.0, 58475.0, 59338.0, 60491.0, 63922.0, 63979.0, 64105.0, 64170.0, 64231.0, 64417.0, 64429.0, 64518.0, 64581.0, 64794.0, 64834.0, 64855.0, 64978.0, 65992.0, 79053.0, 79075.0, 79083.0, 79132.0, 79173.0, 79364.0, 79443.0, 79622.0, 79651.0, 79682.0, 79770.0, 79801.0, 79841.0, 79890.0, 79953.0, 79991.0, 80110.0, 80221.0, 80328.0, 80342.0, 80346.0, 80350.0, 80381.0, 80704.0, 80705.0, 80726.0, 80824.0, 81622.0, 81704.0, 81793.0, 83444.0, 83640.0, 83985.0, 84063.0, 84072.0, 84073.0, 84168.0, 84215.0, 84217.0, 84221.0, 84278.0, 84281.0, 84283.0, 84306.0, 84433.0, 84515.0, 84548.0, 84693.0, 84695.0, 84733.0, 84795.0, 84807.0, 84812.0, 84868.0, 84875.0, 84914.0, 84929.0, 84996.0, 85352.0, 85450.0, 89765.0, 89857.0, 89891.0, 89958.0, 90313.0, 90550.0, 90557.0, 91156.0, 91607.0, 91653.0, 93010.0, 93100.0, 93953.0, 94233.0, 112950.0, 113277.0, 114757.0, 114801.0, 114823.0, 114899.0, 114904.0, 115265.0, 115294.0, 115362.0, 115948.0, 116173.0, 116443.0, 116496.0, 116540.0, 116541.0, 117155.0, 117247.0, 117289.0, 117583.0, 117584.0, 118788.0, 119391.0, 120406.0, 120939.0, 121256.0, 121457.0, 122786.0, 123283.0, 124944.0, 126074.0, 126433.0, 126549.0, 127665.0, 128486.0, 129530.0, 130557.0, 130916.0, 131450.0, 132001.0, 132158.0, 132321.0, 132671.0, 132851.0, 134359.0, 135154.0, 140578.0, 146395.0, 146845.0, 147138.0, 147372.0, 148979.0, 150372.0, 151393.0, 151531.0, 152015.0, 152206.0, 153090.0, 157777.0, 158219.0, 158866.0, 159686.0, 160140.0, 162681.0, 162993.0, 163702.0, 164684.0, 167681.0, 167838.0, 192668.0, 195814.0, 196792.0, 196883.0, 197320.0, 197335.0, 199221.0, 200728.0, 201254.0, 201294.0, 201799.0, 201973.0, 203286.0, 207063.0, 219699.0, 220004.0, 220441.0, 221472.0, 221527.0, 221981.0, 246176.0, 246184.0, 246329.0, 253714.0, 253769.0, 254295.0, 255394.0, 255631.0, 256227.0, 257019.0, 257169.0, 259173.0, 260425.0, 266743.0, 283219.0, 283310.0, 283514.0, 283807.0, 284021.0, 284058.0, 284297.0, 284338.0, 284390.0, 284403.0, 285025.0, 326624.0, 326625.0, 339390.0, 339804.0, 339834.0, 340152.0, 340156.0, 342132.0, 342667.0, 342908.0, 342977.0, 349334.0, 374887.0, 374946.0, 375033.0, 375790.0, 387357.0, 389289.0, 400506.0, 401494.0, 401994.0, 402117.0, 408050.0, 408263.0, 440097.0, 440295.0, 440603.0, 441250.0, 493829.0, 653247.0, 653784.0, 728047.0, 728689.0, 751071.0, 100130086.0, 100131997.0, 100132074.0, 100287171.0, 100505879.0, 100507436.0, 102724023.0 
GO:0003723 MF 4.75e-12 58/1423  1302/15181 D04 RNA binding                              672.0, 684.0, 1728.0, 1787.0, 3838.0, 4931.0, 5935.0, 6134.0, 6228.0, 6234.0, 6238.0, 6433.0, 6606.0, 6607.0, 7307.0, 7873.0, 8363.0, 8365.0, 8367.0, 8449.0, 8940.0, 10970.0, 10973.0, 11097.0, 11157.0, 23283.0, 26995.0, 27341.0, 29958.0, 51081.0, 51634.0, 51690.0, 54039.0, 54514.0, 54855.0, 54938.0, 55124.0, 55149.0, 55178.0, 55345.0, 55621.0, 55998.0, 57696.0, 57819.0, 64092.0, 64283.0, 64318.0, 64794.0, 81691.0, 83640.0, 116541.0, 118460.0, 260294.0, 342977.0, 388115.0, 400506.0, 494115.0, 102724159.0 
