GO:0007218 BP 1.72e-06 26/3408    48/15181 D06 neuropeptide signaling pathway           1363.0, 2847.0, 2861.0, 2925.0, 4828.0, 4887.0, 4923.0, 4935.0, 4986.0, 4987.0, 4988.0, 6751.0, 6752.0, 6753.0, 6863.0, 8001.0, 9607.0, 10800.0, 10886.0, 10888.0, 11251.0, 23620.0, 27297.0, 27344.0, 57105.0, 57537.0 
GO:0006955 BP 9.08e-06 57/3408   147/15181 D02 immune response                          355.0, 567.0, 654.0, 718.0, 920.0, 925.0, 948.0, 976.0, 1515.0, 2537.0, 2826.0, 3105.0, 3106.0, 3107.0, 3113.0, 3140.0, 3394.0, 3554.0, 3556.0, 3566.0, 4261.0, 4277.0, 4860.0, 4986.0, 5167.0, 5168.0, 5272.0, 5293.0, 5393.0, 6387.0, 6693.0, 7057.0, 7097.0, 7099.0, 7409.0, 7494.0, 8503.0, 8517.0, 8743.0, 9466.0, 10333.0, 10346.0, 10410.0, 10507.0, 10512.0, 10561.0, 11251.0, 23533.0, 23545.0, 25939.0, 29126.0, 50856.0, 57105.0, 80328.0, 81793.0, 220972.0, 100507436.0 
GO:0007186 BP 1.05e-05 91/3408   266/15181 D05 G protein-coupled receptor signaling pathway 134.0, 135.0, 136.0, 140.0, 147.0, 148.0, 150.0, 157.0, 187.0, 348.0, 718.0, 719.0, 976.0, 1131.0, 1889.0, 1902.0, 1903.0, 1951.0, 2532.0, 2784.0, 2786.0, 2790.0, 2791.0, 2826.0, 2845.0, 2847.0, 2849.0, 2857.0, 2859.0, 2861.0, 2925.0, 3269.0, 3361.0, 4887.0, 4923.0, 4935.0, 4992.0, 5028.0, 5031.0, 5140.0, 5330.0, 5331.0, 5468.0, 5733.0, 5995.0, 5997.0, 6387.0, 6750.0, 7289.0, 7409.0, 8938.0, 9138.0, 9170.0, 9289.0, 9564.0, 9568.0, 9607.0, 10266.0, 10681.0, 10886.0, 10936.0, 11069.0, 11250.0, 11251.0, 23432.0, 23533.0, 23620.0, 26246.0, 29899.0, 50838.0, 50839.0, 53829.0, 55890.0, 57121.0, 57580.0, 64805.0, 81466.0, 84059.0, 94233.0, 118442.0, 259289.0, 259291.0, 259293.0, 259294.0, 259295.0, 283383.0, 338557.0, 343171.0, 388372.0, 401994.0, 440435.0 
GO:0061644 BP 4.66e-05 10/3408    13/15181 D08 protein localization to CENP-A containing chromatin 3012.0, 8335.0, 8359.0, 8360.0, 8361.0, 8362.0, 8363.0, 8364.0, 8366.0, 8367.0 
GO:0007267 BP 4.68e-05 38/3408    92/15181 D03 cell-cell signaling                      102.0, 134.0, 135.0, 147.0, 148.0, 268.0, 367.0, 712.0, 976.0, 1908.0, 1948.0, 2195.0, 2261.0, 2979.0, 4828.0, 5097.0, 5251.0, 6750.0, 6753.0, 6863.0, 7010.0, 7070.0, 7434.0, 7791.0, 8743.0, 8995.0, 9019.0, 9289.0, 9547.0, 9607.0, 10135.0, 10457.0, 10804.0, 23166.0, 24147.0, 26281.0, 57165.0, 79690.0 
GO:0006954 BP 5.01e-05 74/3408   215/15181 D04 inflammatory response                    134.0, 135.0, 140.0, 246.0, 654.0, 718.0, 719.0, 720.0, 837.0, 929.0, 958.0, 976.0, 1116.0, 1893.0, 1903.0, 2353.0, 2475.0, 2532.0, 2687.0, 3098.0, 3269.0, 3339.0, 3373.0, 3428.0, 3487.0, 3554.0, 3556.0, 3663.0, 3815.0, 3965.0, 4261.0, 4671.0, 4843.0, 5027.0, 5293.0, 5354.0, 5733.0, 5742.0, 6335.0, 6556.0, 6863.0, 7057.0, 7097.0, 7099.0, 8372.0, 8460.0, 8517.0, 8546.0, 8605.0, 8737.0, 8808.0, 9051.0, 9252.0, 10100.0, 10219.0, 10333.0, 10758.0, 23166.0, 23643.0, 29760.0, 50848.0, 51284.0, 57413.0, 64332.0, 64581.0, 81793.0, 84807.0, 114548.0, 132014.0, 144811.0, 146433.0, 338557.0, 388372.0, 100137049.0 
GO:0045892 BP 1.13e-10 48/3408   447/15181 D10 negative regulation of transcription, DNA-templated 429.0, 655.0, 952.0, 1107.0, 2737.0, 3397.0, 3428.0, 4261.0, 4435.0, 4504.0, 4861.0, 5468.0, 6299.0, 6688.0, 6879.0, 6936.0, 8804.0, 8851.0, 8864.0, 9252.0, 9314.0, 9425.0, 9572.0, 10172.0, 10346.0, 10389.0, 22809.0, 23414.0, 26149.0, 26508.0, 51085.0, 54361.0, 54815.0, 55170.0, 57761.0, 63976.0, 64750.0, 80317.0, 81931.0, 83595.0, 84148.0, 84215.0, 84858.0, 84875.0, 91748.0, 118738.0, 155054.0, 387082.0 
GO:0008380 BP 9.07e-09  9/3408   160/15181 D08 RNA splicing                             3958.0, 7307.0, 8449.0, 8458.0, 11157.0, 55051.0, 79622.0, 84687.0, 144983.0 
GO:0006357 BP 2.96e-07 204/3408  1220/15181 D10 regulation of transcription by RNA polymerase II 307.0, 367.0, 429.0, 745.0, 861.0, 1164.0, 1388.0, 1628.0, 1876.0, 1893.0, 1958.0, 1961.0, 2018.0, 2099.0, 2104.0, 2119.0, 2302.0, 2313.0, 2353.0, 2354.0, 2737.0, 3142.0, 3149.0, 3164.0, 3299.0, 3344.0, 3394.0, 3663.0, 3726.0, 4093.0, 4303.0, 4435.0, 4487.0, 4613.0, 4779.0, 4807.0, 4861.0, 4929.0, 5081.0, 5452.0, 5468.0, 5992.0, 6046.0, 6299.0, 6648.0, 6672.0, 6688.0, 6721.0, 6776.0, 6879.0, 6886.0, 7030.0, 7391.0, 7494.0, 7539.0, 7561.0, 7564.0, 7582.0, 7633.0, 7652.0, 7691.0, 7711.0, 7712.0, 7718.0, 7730.0, 7757.0, 7761.0, 7762.0, 7769.0, 7849.0, 7975.0, 8089.0, 8187.0, 8804.0, 9314.0, 9355.0, 9443.0, 9767.0, 9923.0, 9935.0, 10046.0, 10172.0, 10608.0, 10620.0, 10780.0, 22797.0, 22809.0, 22869.0, 23099.0, 23125.0, 23300.0, 23326.0, 23764.0, 26145.0, 26149.0, 26152.0, 26287.0, 26298.0, 26508.0, 27319.0, 29841.0, 29842.0, 29994.0, 30813.0, 51085.0, 51333.0, 51351.0, 51412.0, 51427.0, 54014.0, 54807.0, 54937.0, 55212.0, 55502.0, 55713.0, 55806.0, 55893.0, 56938.0, 57116.0, 57232.0, 57491.0, 57593.0, 57615.0, 63976.0, 79149.0, 79364.0, 79673.0, 79744.0, 80032.0, 80317.0, 81931.0, 83463.0, 83595.0, 83990.0, 84215.0, 84436.0, 84527.0, 84671.0, 84874.0, 84969.0, 85416.0, 90338.0, 90589.0, 91120.0, 91748.0, 92283.0, 113835.0, 117608.0, 121274.0, 125893.0, 126375.0, 127665.0, 134187.0, 136051.0, 139735.0, 146050.0, 147687.0, 148156.0, 148206.0, 148213.0, 155054.0, 162655.0, 162968.0, 163227.0, 166793.0, 168544.0, 169270.0, 197320.0, 220202.0, 222696.0, 253639.0, 266743.0, 282890.0, 283078.0, 284390.0, 286826.0, 339488.0, 340385.0, 342132.0, 342908.0, 344787.0, 349334.0, 359948.0, 374899.0, 388523.0, 388536.0, 388561.0, 389136.0, 389493.0, 389524.0, 404281.0, 440097.0, 442319.0, 654254.0, 729288.0, 730087.0, 731220.0, 100129543.0, 100130086.0, 100132074.0, 100170841.0, 100529215.0, 109504726.0, 110116772.0 
GO:0050821 BP 4.29e-07 15/3408   184/15181 D04 protein stabilization                    483.0, 573.0, 4487.0, 4504.0, 5292.0, 5300.0, 7320.0, 7466.0, 8774.0, 9026.0, 9894.0, 11200.0, 84897.0, 124997.0, 728489.0 
GO:0006355 BP 1.20e-06 60/3408   447/15181 D09 regulation of transcription, DNA-templated 94.0, 135.0, 1107.0, 2099.0, 2104.0, 3344.0, 3481.0, 3547.0, 3899.0, 4303.0, 4330.0, 5324.0, 5829.0, 6046.0, 6591.0, 6664.0, 6688.0, 6936.0, 7289.0, 7539.0, 8089.0, 8544.0, 9252.0, 9404.0, 9935.0, 10346.0, 10450.0, 10732.0, 11200.0, 22809.0, 23421.0, 26147.0, 29946.0, 30813.0, 51085.0, 51351.0, 54796.0, 55249.0, 55502.0, 55893.0, 56938.0, 56978.0, 57116.0, 57615.0, 83595.0, 91120.0, 113835.0, 118738.0, 124411.0, 127665.0, 130916.0, 148206.0, 162655.0, 163227.0, 442319.0, 654254.0, 728642.0, 100129543.0, 100506243.0, 109504726.0 
GO:0045944 BP 2.14e-06 137/3408   854/15181 D11 positive regulation of transcription by RNA polymerase II 94.0, 367.0, 429.0, 654.0, 655.0, 861.0, 958.0, 1388.0, 1628.0, 1958.0, 1961.0, 2099.0, 2104.0, 2119.0, 2246.0, 2302.0, 2313.0, 2353.0, 2354.0, 2553.0, 2737.0, 3082.0, 3164.0, 3299.0, 3394.0, 3428.0, 3481.0, 3491.0, 3663.0, 3726.0, 4004.0, 4005.0, 4072.0, 4157.0, 4261.0, 4303.0, 4435.0, 4487.0, 4613.0, 4792.0, 4807.0, 4854.0, 4929.0, 5028.0, 5300.0, 5324.0, 5393.0, 5452.0, 5468.0, 5530.0, 5598.0, 5702.0, 5763.0, 5915.0, 5916.0, 5992.0, 6041.0, 6299.0, 6556.0, 6664.0, 6688.0, 6721.0, 6772.0, 6776.0, 6879.0, 6886.0, 7030.0, 7097.0, 7099.0, 7391.0, 7494.0, 7525.0, 7582.0, 7652.0, 7757.0, 7769.0, 7849.0, 8517.0, 8543.0, 8546.0, 8692.0, 8737.0, 9252.0, 9314.0, 9355.0, 9572.0, 9935.0, 10062.0, 10135.0, 10463.0, 10620.0, 10859.0, 22797.0, 22809.0, 23125.0, 23300.0, 23414.0, 23433.0, 23558.0, 23764.0, 25865.0, 26149.0, 26206.0, 26298.0, 26508.0, 28514.0, 28996.0, 29028.0, 29841.0, 29842.0, 29843.0, 51085.0, 51284.0, 51427.0, 51741.0, 55893.0, 56938.0, 57658.0, 63976.0, 79447.0, 84148.0, 84836.0, 84922.0, 84969.0, 85441.0, 114548.0, 136051.0, 161882.0, 166793.0, 200424.0, 201163.0, 220202.0, 266743.0, 339488.0, 375790.0, 404281.0, 100131187.0 
GO:0000122 BP 4.49e-06 113/3408   720/15181 D11 negative regulation of transcription by RNA polymerase II 165.0, 274.0, 367.0, 429.0, 648.0, 654.0, 861.0, 948.0, 1021.0, 1107.0, 1789.0, 1876.0, 1958.0, 2099.0, 2119.0, 2302.0, 2354.0, 2444.0, 2737.0, 3006.0, 3299.0, 3394.0, 3397.0, 3428.0, 3429.0, 3481.0, 4004.0, 4261.0, 4487.0, 4854.0, 4861.0, 4929.0, 5074.0, 5138.0, 5468.0, 5727.0, 5915.0, 5916.0, 6134.0, 6299.0, 6591.0, 6664.0, 6672.0, 6688.0, 6721.0, 6772.0, 6879.0, 6886.0, 7295.0, 7466.0, 7538.0, 7539.0, 7633.0, 7730.0, 7975.0, 8187.0, 8864.0, 9314.0, 9572.0, 10062.0, 10459.0, 10507.0, 10608.0, 10628.0, 10637.0, 10732.0, 22797.0, 22849.0, 23405.0, 23414.0, 26145.0, 26147.0, 26152.0, 26287.0, 26508.0, 28996.0, 29842.0, 51085.0, 51317.0, 51548.0, 54567.0, 54815.0, 55170.0, 55502.0, 56950.0, 57332.0, 57761.0, 63976.0, 64750.0, 79595.0, 80032.0, 80317.0, 83463.0, 84527.0, 84627.0, 84733.0, 117608.0, 134701.0, 139081.0, 148156.0, 155054.0, 161882.0, 166793.0, 169270.0, 195814.0, 197320.0, 201163.0, 253639.0, 342908.0, 359948.0, 389493.0, 441478.0, 100529215.0 
GO:0016567 BP 7.93e-06 54/3408   398/15181 D09 protein ubiquitination                   330.0, 580.0, 7320.0, 7681.0, 8507.0, 9025.0, 9443.0, 9903.0, 10324.0, 10346.0, 10739.0, 11043.0, 11237.0, 23014.0, 23113.0, 23194.0, 23220.0, 25827.0, 26233.0, 26270.0, 51191.0, 51257.0, 54894.0, 55008.0, 55070.0, 55223.0, 57574.0, 57654.0, 64750.0, 83461.0, 83892.0, 84282.0, 84727.0, 84851.0, 85363.0, 89122.0, 91107.0, 91947.0, 115123.0, 116138.0, 122416.0, 126433.0, 140458.0, 151525.0, 153830.0, 220441.0, 221687.0, 223082.0, 282808.0, 283219.0, 283755.0, 283807.0, 378108.0, 493829.0 
GO:0006338 BP 1.18e-05 13/3408   150/15181 D05 chromatin remodeling                     1107.0, 2099.0, 6046.0, 8089.0, 8438.0, 8458.0, 9557.0, 10360.0, 10361.0, 29994.0, 51412.0, 54815.0, 83444.0 
GO:0006397 BP 1.64e-05 14/3408   154/15181 D08 mRNA processing                          677.0, 3958.0, 6041.0, 7307.0, 8175.0, 8458.0, 9924.0, 23658.0, 26995.0, 54998.0, 55051.0, 79810.0, 144983.0, 202559.0 
GO:0000381 BP 1.73e-05  1/3408    57/15181 D10 regulation of alternative mRNA splicing, via spliceosome 202559.0 
GO:0045893 BP 3.31e-05 86/3408   557/15181 D10 positive regulation of transcription, DNA-templated 94.0, 348.0, 367.0, 391.0, 655.0, 745.0, 861.0, 920.0, 952.0, 1107.0, 1958.0, 2099.0, 2313.0, 2353.0, 2660.0, 2737.0, 3182.0, 3611.0, 4217.0, 4261.0, 4435.0, 4504.0, 4613.0, 5292.0, 5468.0, 5727.0, 5979.0, 6182.0, 6299.0, 6664.0, 6672.0, 6772.0, 6879.0, 6886.0, 7018.0, 7030.0, 7849.0, 8089.0, 8864.0, 8915.0, 9314.0, 9355.0, 9572.0, 9792.0, 9935.0, 10062.0, 10346.0, 10459.0, 10739.0, 11043.0, 11200.0, 22809.0, 23300.0, 23326.0, 23558.0, 28996.0, 29028.0, 29946.0, 51085.0, 51412.0, 54361.0, 54700.0, 54815.0, 55223.0, 55835.0, 56938.0, 57658.0, 57826.0, 58476.0, 60491.0, 63976.0, 79364.0, 79902.0, 80142.0, 80317.0, 83444.0, 83595.0, 84105.0, 84148.0, 84722.0, 84851.0, 85363.0, 92565.0, 164684.0, 196446.0, 284058.0 
GO:0043161 BP 3.37e-05 19/3408   182/15181 D09 proteasome-mediated ubiquitin-dependent protein catabolic process 3429.0, 5693.0, 5702.0, 5708.0, 7320.0, 9097.0, 9618.0, 9928.0, 64750.0, 83892.0, 84078.0, 84727.0, 90637.0, 91544.0, 116138.0, 122416.0, 283807.0, 378884.0, 493829.0 
GO:0015031 BP 4.57e-05 45/3408   331/15181 D05 protein transport                        321.0, 967.0, 1894.0, 4036.0, 4600.0, 4642.0, 4645.0, 6284.0, 6890.0, 6891.0, 7494.0, 8086.0, 9284.0, 9382.0, 9961.0, 10266.0, 10466.0, 10628.0, 11230.0, 23355.0, 25839.0, 27230.0, 51375.0, 51534.0, 51594.0, 54918.0, 55212.0, 55297.0, 56999.0, 64285.0, 79363.0, 79585.0, 79666.0, 80055.0, 80144.0, 83547.0, 89866.0, 91461.0, 91947.0, 93343.0, 127829.0, 134957.0, 404636.0, 100287171.0, 111240474.0 
GO:0000398 BP 6.12e-05 19/3408   178/15181 D11 mRNA splicing, via spliceosome           6631.0, 6936.0, 7307.0, 8175.0, 8449.0, 9785.0, 10450.0, 11157.0, 23658.0, 26986.0, 51634.0, 53938.0, 54883.0, 54957.0, 55280.0, 56949.0, 79622.0, 79760.0, 84950.0 
GO:0009897 CC 1.27e-11 78/3408   170/15181 D03 external side of plasma membrane         308.0, 355.0, 567.0, 824.0, 920.0, 925.0, 928.0, 929.0, 948.0, 958.0, 1003.0, 1137.0, 1441.0, 1889.0, 2044.0, 2057.0, 2675.0, 2826.0, 3140.0, 3554.0, 3566.0, 3590.0, 3595.0, 3598.0, 3672.0, 3674.0, 3676.0, 3682.0, 3687.0, 3688.0, 3815.0, 3821.0, 3824.0, 3949.0, 4036.0, 4217.0, 4240.0, 4277.0, 4481.0, 4907.0, 5027.0, 6387.0, 6693.0, 7037.0, 7048.0, 7056.0, 7057.0, 7070.0, 7099.0, 7412.0, 8515.0, 8516.0, 8832.0, 9332.0, 9466.0, 9619.0, 9936.0, 10385.0, 10666.0, 10859.0, 11118.0, 11119.0, 11120.0, 29126.0, 50856.0, 53340.0, 54718.0, 78989.0, 80328.0, 80741.0, 84168.0, 115650.0, 117531.0, 153579.0, 161198.0, 283316.0, 339390.0, 100507436.0 
GO:0005615 CC 9.42e-09 240/3408   770/15181 D02 extracellular space                      1.0, 2.0, 58.0, 165.0, 175.0, 268.0, 279.0, 284.0, 285.0, 338.0, 347.0, 348.0, 567.0, 654.0, 655.0, 685.0, 718.0, 720.0, 871.0, 928.0, 929.0, 948.0, 966.0, 967.0, 1101.0, 1113.0, 1116.0, 1192.0, 1267.0, 1278.0, 1282.0, 1284.0, 1285.0, 1286.0, 1287.0, 1289.0, 1292.0, 1293.0, 1294.0, 1296.0, 1297.0, 1301.0, 1363.0, 1368.0, 1462.0, 1471.0, 1515.0, 1519.0, 1809.0, 1893.0, 1908.0, 2065.0, 2160.0, 2170.0, 2218.0, 2246.0, 2277.0, 2321.0, 2519.0, 2650.0, 2660.0, 2661.0, 2990.0, 3043.0, 3075.0, 3082.0, 3140.0, 3250.0, 3315.0, 3339.0, 3371.0, 3373.0, 3481.0, 3486.0, 3487.0, 3490.0, 3566.0, 3598.0, 3815.0, 3818.0, 3915.0, 3958.0, 3964.0, 3965.0, 4023.0, 4053.0, 4240.0, 4242.0, 4277.0, 4353.0, 4504.0, 4521.0, 4828.0, 4880.0, 4940.0, 5167.0, 5168.0, 5175.0, 5271.0, 5272.0, 5274.0, 5276.0, 5360.0, 5446.0, 5549.0, 5554.0, 5646.0, 5649.0, 5768.0, 5817.0, 5918.0, 5950.0, 6284.0, 6285.0, 6425.0, 6441.0, 6585.0, 6609.0, 6652.0, 6678.0, 6693.0, 6750.0, 6781.0, 6863.0, 7018.0, 7037.0, 7042.0, 7056.0, 7057.0, 7060.0, 7076.0, 7092.0, 7123.0, 7412.0, 8292.0, 8339.0, 8425.0, 8614.0, 8646.0, 8751.0, 8804.0, 8857.0, 8985.0, 8995.0, 9110.0, 9388.0, 9478.0, 9547.0, 9607.0, 10234.0, 10446.0, 10464.0, 10501.0, 10507.0, 10512.0, 10637.0, 10855.0, 10875.0, 10882.0, 10924.0, 11272.0, 11341.0, 22795.0, 23150.0, 23213.0, 23234.0, 23263.0, 23318.0, 23643.0, 24147.0, 25890.0, 26002.0, 26281.0, 27123.0, 27344.0, 29074.0, 50509.0, 51129.0, 51192.0, 51816.0, 54361.0, 54414.0, 54674.0, 54910.0, 55471.0, 56034.0, 56241.0, 56975.0, 56999.0, 57509.0, 57556.0, 57715.0, 57758.0, 60343.0, 64388.0, 78989.0, 79812.0, 80328.0, 80350.0, 81035.0, 83690.0, 83716.0, 84417.0, 84929.0, 85301.0, 91522.0, 93099.0, 114794.0, 114897.0, 114899.0, 114904.0, 119587.0, 135228.0, 140576.0, 146433.0, 147138.0, 147372.0, 147920.0, 148113.0, 159686.0, 169044.0, 169714.0, 203228.0, 221914.0, 223117.0, 284207.0, 285315.0, 340267.0, 348174.0, 387104.0, 388372.0, 392617.0, 406911.0, 406962.0, 407738.0, 646627.0, 729238.0, 100302149.0, 100302150.0, 100507436.0 
GO:0005576 CC 1.19e-08 288/3408   956/15181 D02 extracellular region                     1.0, 2.0, 47.0, 165.0, 175.0, 176.0, 210.0, 249.0, 268.0, 279.0, 284.0, 285.0, 308.0, 313.0, 338.0, 341.0, 347.0, 348.0, 353.0, 567.0, 655.0, 685.0, 712.0, 713.0, 718.0, 720.0, 837.0, 925.0, 929.0, 1113.0, 1116.0, 1278.0, 1282.0, 1284.0, 1285.0, 1286.0, 1287.0, 1289.0, 1292.0, 1293.0, 1294.0, 1296.0, 1297.0, 1301.0, 1368.0, 1404.0, 1441.0, 1462.0, 1463.0, 1471.0, 1515.0, 1767.0, 1794.0, 1893.0, 1908.0, 1953.0, 2051.0, 2057.0, 2160.0, 2246.0, 2261.0, 2264.0, 2277.0, 2324.0, 2444.0, 2519.0, 2990.0, 3043.0, 3075.0, 3082.0, 3250.0, 3339.0, 3371.0, 3481.0, 3486.0, 3487.0, 3490.0, 3491.0, 3547.0, 3554.0, 3556.0, 3590.0, 3598.0, 3700.0, 3818.0, 3908.0, 3914.0, 3915.0, 3958.0, 4023.0, 4052.0, 4053.0, 4062.0, 4147.0, 4240.0, 4353.0, 4745.0, 4758.0, 4828.0, 4854.0, 4860.0, 4880.0, 4938.0, 5067.0, 5223.0, 5322.0, 5342.0, 5343.0, 5360.0, 5445.0, 5446.0, 5549.0, 5646.0, 5649.0, 5702.0, 5708.0, 5768.0, 5873.0, 5950.0, 6284.0, 6285.0, 6324.0, 6387.0, 6441.0, 6483.0, 6678.0, 6750.0, 6804.0, 6863.0, 7010.0, 7018.0, 7037.0, 7042.0, 7057.0, 7058.0, 7060.0, 7070.0, 7076.0, 7092.0, 7123.0, 7277.0, 7286.0, 7289.0, 7295.0, 8350.0, 8357.0, 8359.0, 8360.0, 8361.0, 8362.0, 8363.0, 8364.0, 8366.0, 8367.0, 8372.0, 8407.0, 8425.0, 8701.0, 8743.0, 8804.0, 8828.0, 9332.0, 9358.0, 9365.0, 9388.0, 9636.0, 9806.0, 9961.0, 10450.0, 10675.0, 10699.0, 10855.0, 10859.0, 10863.0, 10875.0, 11197.0, 22795.0, 22925.0, 23412.0, 23593.0, 23643.0, 23780.0, 25797.0, 25809.0, 25890.0, 26256.0, 26281.0, 26577.0, 28514.0, 29106.0, 50509.0, 50859.0, 50939.0, 51071.0, 51129.0, 51192.0, 51248.0, 51411.0, 51816.0, 53340.0, 54361.0, 55036.0, 55276.0, 55540.0, 55901.0, 56034.0, 56147.0, 56624.0, 56954.0, 57758.0, 60495.0, 64388.0, 64399.0, 64847.0, 64866.0, 78989.0, 79057.0, 79154.0, 79411.0, 79630.0, 79640.0, 79642.0, 79805.0, 80142.0, 80217.0, 80301.0, 80328.0, 80737.0, 80741.0, 80760.0, 81832.0, 83440.0, 83538.0, 83539.0, 83706.0, 83716.0, 83853.0, 84034.0, 84628.0, 84870.0, 85301.0, 91461.0, 91851.0, 93100.0, 114548.0, 114798.0, 116372.0, 123872.0, 126147.0, 127731.0, 130574.0, 130576.0, 132014.0, 135228.0, 136227.0, 146177.0, 146183.0, 146433.0, 157869.0, 158326.0, 162681.0, 163479.0, 167681.0, 169044.0, 170692.0, 171019.0, 196792.0, 200958.0, 256691.0, 257194.0, 283316.0, 285313.0, 317749.0, 340267.0, 341350.0, 375790.0, 387758.0, 388677.0, 389084.0, 402665.0, 440348.0, 503542.0, 646627.0, 653247.0, 653308.0, 729238.0, 100137049.0, 100462981.0 
GO:0005887 CC 3.72e-07 265/3408   898/15181 D04 integral component of plasma membrane    94.0, 107.0, 134.0, 135.0, 136.0, 140.0, 147.0, 148.0, 150.0, 187.0, 358.0, 364.0, 719.0, 920.0, 925.0, 928.0, 948.0, 953.0, 958.0, 967.0, 976.0, 1131.0, 1134.0, 1135.0, 1137.0, 1138.0, 1268.0, 1441.0, 1815.0, 1816.0, 1902.0, 1903.0, 1948.0, 2044.0, 2051.0, 2057.0, 2065.0, 2195.0, 2212.0, 2261.0, 2264.0, 2321.0, 2324.0, 2558.0, 2559.0, 2826.0, 2845.0, 2846.0, 2847.0, 2857.0, 2859.0, 2861.0, 2897.0, 2899.0, 2900.0, 2925.0, 2996.0, 3105.0, 3106.0, 3107.0, 3113.0, 3249.0, 3269.0, 3356.0, 3361.0, 3384.0, 3385.0, 3554.0, 3556.0, 3566.0, 3587.0, 3590.0, 3595.0, 3739.0, 3759.0, 3767.0, 3785.0, 3815.0, 3821.0, 3824.0, 3949.0, 4033.0, 4099.0, 4157.0, 4267.0, 4360.0, 4481.0, 4868.0, 4882.0, 4883.0, 4887.0, 4919.0, 4923.0, 4986.0, 4987.0, 4988.0, 5027.0, 5028.0, 5031.0, 5097.0, 5167.0, 5172.0, 5175.0, 5251.0, 5733.0, 5787.0, 5789.0, 5961.0, 5979.0, 5995.0, 6006.0, 6091.0, 6324.0, 6335.0, 6404.0, 6507.0, 6511.0, 6515.0, 6535.0, 6538.0, 6540.0, 6542.0, 6547.0, 6556.0, 6566.0, 6578.0, 6579.0, 6580.0, 6693.0, 6751.0, 6752.0, 6753.0, 6865.0, 7010.0, 7037.0, 7048.0, 7056.0, 7070.0, 7097.0, 7099.0, 7412.0, 7434.0, 8001.0, 8743.0, 8808.0, 8832.0, 8884.0, 9019.0, 9076.0, 9170.0, 9197.0, 9201.0, 9289.0, 9332.0, 9365.0, 9424.0, 9466.0, 9568.0, 10100.0, 10161.0, 10242.0, 10266.0, 10326.0, 10333.0, 10457.0, 10501.0, 10507.0, 10512.0, 10630.0, 10666.0, 10675.0, 10800.0, 10886.0, 10888.0, 10894.0, 10936.0, 11120.0, 11136.0, 11251.0, 22829.0, 23166.0, 23416.0, 23531.0, 23554.0, 23620.0, 26503.0, 26872.0, 27345.0, 28514.0, 29990.0, 50512.0, 50856.0, 51201.0, 51393.0, 53832.0, 54894.0, 54910.0, 55117.0, 55144.0, 55540.0, 55558.0, 55890.0, 56102.0, 56103.0, 56109.0, 56112.0, 56128.0, 56131.0, 56133.0, 56137.0, 56138.0, 56143.0, 56146.0, 56147.0, 56262.0, 56301.0, 56606.0, 56624.0, 57105.0, 57413.0, 57419.0, 57488.0, 57526.0, 57535.0, 57537.0, 57556.0, 57586.0, 57715.0, 58494.0, 60401.0, 64399.0, 81793.0, 83850.0, 84063.0, 85320.0, 89832.0, 90139.0, 94233.0, 114897.0, 117531.0, 117532.0, 123041.0, 126321.0, 127943.0, 131096.0, 131566.0, 140803.0, 144195.0, 144448.0, 147138.0, 163702.0, 196883.0, 221074.0, 223117.0, 283383.0, 285220.0, 338557.0, 339390.0, 340348.0, 376497.0, 441168.0, 441631.0, 653160.0, 100130733.0, 100507436.0 
GO:0062023 CC 1.06e-05 81/3408   231/15181 D04 collagen-containing extracellular matrix 1.0, 2.0, 165.0, 176.0, 284.0, 285.0, 307.0, 308.0, 348.0, 655.0, 712.0, 713.0, 871.0, 1278.0, 1282.0, 1284.0, 1285.0, 1286.0, 1287.0, 1289.0, 1292.0, 1293.0, 1294.0, 1296.0, 1297.0, 1301.0, 1404.0, 1462.0, 1893.0, 3339.0, 3371.0, 3490.0, 3491.0, 3700.0, 3908.0, 3914.0, 3915.0, 3958.0, 3965.0, 4052.0, 4053.0, 4147.0, 4240.0, 5271.0, 5272.0, 5549.0, 6387.0, 6678.0, 7042.0, 7057.0, 7058.0, 7060.0, 7123.0, 8292.0, 8425.0, 8985.0, 9672.0, 10875.0, 22795.0, 23213.0, 25890.0, 50509.0, 51129.0, 56999.0, 78987.0, 79812.0, 80144.0, 80760.0, 83872.0, 84034.0, 84929.0, 85301.0, 91522.0, 136227.0, 157869.0, 161198.0, 221914.0, 340267.0, 375790.0, 389084.0, 439921.0 
GO:0043505 CC 4.66e-05 10/3408    13/15181 D04 CENP-A containing nucleosome             3012.0, 8335.0, 8359.0, 8360.0, 8361.0, 8362.0, 8363.0, 8364.0, 8366.0, 8367.0 
GO:0005581 CC 4.70e-05 20/3408    38/15181 D02 collagen trimer                          712.0, 713.0, 1292.0, 1296.0, 4481.0, 6441.0, 8292.0, 10882.0, 78989.0, 81035.0, 84034.0, 91522.0, 114897.0, 114899.0, 114904.0, 136227.0, 147372.0, 169044.0, 340267.0, 729238.0 
GO:0005886 CC 6.56e-05 763/3408  3030/15181 D03 plasma membrane                          94.0, 102.0, 107.0, 134.0, 135.0, 136.0, 140.0, 147.0, 148.0, 150.0, 157.0, 187.0, 246.0, 249.0, 274.0, 284.0, 285.0, 306.0, 307.0, 321.0, 338.0, 348.0, 355.0, 358.0, 364.0, 367.0, 391.0, 483.0, 533.0, 537.0, 567.0, 685.0, 695.0, 718.0, 719.0, 720.0, 747.0, 760.0, 779.0, 824.0, 837.0, 920.0, 925.0, 928.0, 929.0, 948.0, 952.0, 953.0, 958.0, 966.0, 967.0, 976.0, 1003.0, 1006.0, 1131.0, 1134.0, 1135.0, 1137.0, 1138.0, 1192.0, 1201.0, 1267.0, 1268.0, 1363.0, 1368.0, 1441.0, 1455.0, 1471.0, 1495.0, 1558.0, 1612.0, 1687.0, 1734.0, 1794.0, 1815.0, 1816.0, 1824.0, 1832.0, 1889.0, 1902.0, 1903.0, 1946.0, 1948.0, 1951.0, 2012.0, 2038.0, 2039.0, 2044.0, 2051.0, 2057.0, 2065.0, 2099.0, 2160.0, 2195.0, 2212.0, 2261.0, 2264.0, 2321.0, 2324.0, 2532.0, 2537.0, 2558.0, 2559.0, 2572.0, 2675.0, 2687.0, 2752.0, 2769.0, 2774.0, 2784.0, 2786.0, 2790.0, 2791.0, 2826.0, 2845.0, 2846.0, 2847.0, 2849.0, 2859.0, 2861.0, 2897.0, 2899.0, 2900.0, 2925.0, 2979.0, 2996.0, 3028.0, 3105.0, 3106.0, 3107.0, 3111.0, 3113.0, 3115.0, 3140.0, 3249.0, 3269.0, 3306.0, 3339.0, 3356.0, 3361.0, 3384.0, 3385.0, 3554.0, 3556.0, 3566.0, 3587.0, 3590.0, 3595.0, 3611.0, 3635.0, 3672.0, 3674.0, 3676.0, 3682.0, 3687.0, 3688.0, 3700.0, 3702.0, 3739.0, 3749.0, 3752.0, 3753.0, 3755.0, 3759.0, 3763.0, 3767.0, 3773.0, 3785.0, 3815.0, 3818.0, 3821.0, 3824.0, 3903.0, 3949.0, 3958.0, 4023.0, 4033.0, 4036.0, 4037.0, 4062.0, 4067.0, 4072.0, 4099.0, 4157.0, 4257.0, 4267.0, 4277.0, 4355.0, 4360.0, 4481.0, 4504.0, 4521.0, 4615.0, 4642.0, 4758.0, 4792.0, 4843.0, 4846.0, 4854.0, 4868.0, 4882.0, 4887.0, 4907.0, 4919.0, 4923.0, 4935.0, 4940.0, 4986.0, 4987.0, 4988.0, 4992.0, 5027.0, 5028.0, 5031.0, 5067.0, 5074.0, 5097.0, 5138.0, 5158.0, 5167.0, 5168.0, 5170.0, 5172.0, 5175.0, 5251.0, 5255.0, 5292.0, 5293.0, 5322.0, 5330.0, 5333.0, 5336.0, 5354.0, 5355.0, 5376.0, 5395.0, 5445.0, 5530.0, 5575.0, 5578.0, 5592.0, 5649.0, 5727.0, 5733.0, 5747.0, 5774.0, 5787.0, 5789.0, 5817.0, 5819.0, 5829.0, 5878.0, 5899.0, 5912.0, 5979.0, 5997.0, 6006.0, 6091.0, 6262.0, 6284.0, 6324.0, 6334.0, 6404.0, 6444.0, 6507.0, 6511.0, 6515.0, 6527.0, 6535.0, 6538.0, 6540.0, 6542.0, 6545.0, 6547.0, 6549.0, 6556.0, 6557.0, 6566.0, 6578.0, 6579.0, 6580.0, 6584.0, 6609.0, 6664.0, 6678.0, 6693.0, 6710.0, 6751.0, 6752.0, 6753.0, 6804.0, 6833.0, 6850.0, 6860.0, 6865.0, 6900.0, 7010.0, 7018.0, 7037.0, 7048.0, 7056.0, 7070.0, 7097.0, 7099.0, 7122.0, 7289.0, 7320.0, 7368.0, 7409.0, 7412.0, 7434.0, 7439.0, 7525.0, 7791.0, 7881.0, 7923.0, 8001.0, 8029.0, 8073.0, 8153.0, 8291.0, 8292.0, 8372.0, 8436.0, 8492.0, 8515.0, 8516.0, 8577.0, 8605.0, 8692.0, 8737.0, 8751.0, 8808.0, 8828.0, 8832.0, 8851.0, 8884.0, 8934.0, 8938.0, 8972.0, 8995.0, 9019.0, 9026.0, 9051.0, 9055.0, 9071.0, 9076.0, 9097.0, 9098.0, 9138.0, 9170.0, 9262.0, 9283.0, 9332.0, 9358.0, 9362.0, 9365.0, 9404.0, 9414.0, 9424.0, 9452.0, 9455.0, 9466.0, 9478.0, 9545.0, 9557.0, 9564.0, 9568.0, 9618.0, 9619.0, 9672.0, 9696.0, 9712.0, 9844.0, 9899.0, 9928.0, 10003.0, 10008.0, 10021.0, 10060.0, 10114.0, 10156.0, 10161.0, 10219.0, 10235.0, 10242.0, 10253.0, 10257.0, 10266.0, 10314.0, 10324.0, 10326.0, 10333.0, 10347.0, 10351.0, 10385.0, 10410.0, 10451.0, 10457.0, 10458.0, 10507.0, 10630.0, 10666.0, 10686.0, 10699.0, 10788.0, 10800.0, 10841.0, 10859.0, 10863.0, 10886.0, 10888.0, 10894.0, 10936.0, 10970.0, 10979.0, 10999.0, 11001.0, 11006.0, 11031.0, 11033.0, 11069.0, 11118.0, 11119.0, 11120.0, 11136.0, 11250.0, 11251.0, 22795.0, 22808.0, 22829.0, 22844.0, 22849.0, 22925.0, 22931.0, 22950.0, 23007.0, 23075.0, 23120.0, 23166.0, 23189.0, 23213.0, 23221.0, 23234.0, 23256.0, 23263.0, 23396.0, 23416.0, 23433.0, 23460.0, 23504.0, 23533.0, 23545.0, 23600.0, 23620.0, 23643.0, 23657.0, 24141.0, 25759.0, 25825.0, 25849.0, 25865.0, 25939.0, 26052.0, 26246.0, 26503.0, 26511.0, 26762.0, 26872.0, 27111.0, 27112.0, 27128.0, 27181.0, 27255.0, 27297.0, 27345.0, 28514.0, 29126.0, 29760.0, 29990.0, 30820.0, 30846.0, 50617.0, 50838.0, 50839.0, 50848.0, 50856.0, 50944.0, 51148.0, 51181.0, 51199.0, 51201.0, 51257.0, 51284.0, 51285.0, 51291.0, 51393.0, 51411.0, 51606.0, 51703.0, 51741.0, 51760.0, 53829.0, 53832.0, 53834.0, 54221.0, 54361.0, 54434.0, 54549.0, 54550.0, 54566.0, 54567.0, 54756.0, 54769.0, 54798.0, 54842.0, 54847.0, 54857.0, 54894.0, 54918.0, 54947.0, 55117.0, 55129.0, 55144.0, 55240.0, 55244.0, 55300.0, 55315.0, 55352.0, 55353.0, 55357.0, 55540.0, 55558.0, 55620.0, 55740.0, 55775.0, 55890.0, 55974.0, 56034.0, 56241.0, 56262.0, 56301.0, 56606.0, 56624.0, 56704.0, 56990.0, 57026.0, 57030.0, 57091.0, 57105.0, 57121.0, 57139.0, 57338.0, 57381.0, 57413.0, 57419.0, 57476.0, 57488.0, 57509.0, 57535.0, 57580.0, 57586.0, 57622.0, 57628.0, 57678.0, 57722.0, 57761.0, 57826.0, 58475.0, 58480.0, 58494.0, 58538.0, 59307.0, 60401.0, 60437.0, 60495.0, 63826.0, 63895.0, 64005.0, 64231.0, 64284.0, 64581.0, 64750.0, 64780.0, 64787.0, 64805.0, 64849.0, 64866.0, 65108.0, 79012.0, 79026.0, 79057.0, 79092.0, 79570.0, 79633.0, 79658.0, 79674.0, 79778.0, 79895.0, 79901.0, 80144.0, 80328.0, 80342.0, 80731.0, 80820.0, 80975.0, 81035.0, 81466.0, 81544.0, 81671.0, 81793.0, 83692.0, 83849.0, 83874.0, 83959.0, 83987.0, 84059.0, 84063.0, 84100.0, 84106.0, 84168.0, 84210.0, 84281.0, 84433.0, 84628.0, 84687.0, 84957.0, 84958.0, 85320.0, 85415.0, 85459.0, 88455.0, 89122.0, 90102.0, 90417.0, 90861.0, 91419.0, 91522.0, 91851.0, 91947.0, 92797.0, 93129.0, 93492.0, 94121.0, 94122.0, 94233.0, 112476.0, 112609.0, 113146.0, 114798.0, 115557.0, 115650.0, 115827.0, 116225.0, 116372.0, 116443.0, 116841.0, 116985.0, 117155.0, 118442.0, 121601.0, 123041.0, 123606.0, 123872.0, 124976.0, 127829.0, 128853.0, 128866.0, 129807.0, 130574.0, 130576.0, 131096.0, 132014.0, 134957.0, 135228.0, 136227.0, 139065.0, 140576.0, 140803.0, 143458.0, 144195.0, 144245.0, 146183.0, 148252.0, 153020.0, 153579.0, 161253.0, 163702.0, 169714.0, 170850.0, 171586.0, 195814.0, 196051.0, 196264.0, 196883.0, 199920.0, 200958.0, 201163.0, 201255.0, 201780.0, 206338.0, 206358.0, 219790.0, 221914.0, 222662.0, 222962.0, 223082.0, 246176.0, 255101.0, 256227.0, 257194.0, 259289.0, 259291.0, 259293.0, 259294.0, 259295.0, 282808.0, 283383.0, 284111.0, 284525.0, 285220.0, 285513.0, 285966.0, 286183.0, 286204.0, 338557.0, 339390.0, 340348.0, 341350.0, 341640.0, 342372.0, 343171.0, 344805.0, 375307.0, 375790.0, 376267.0, 376497.0, 387804.0, 388121.0, 401647.0, 401994.0, 402415.0, 402778.0, 414194.0, 440279.0, 440435.0, 503542.0, 644139.0, 646627.0, 727910.0, 728233.0, 729359.0, 729873.0, 768211.0, 100130733.0, 100506084.0, 100506658.0, 100507050.0, 100507436.0, 101060321.0, 101060376.0, 101060389.0, 102723859.0 
GO:0031012 CC 1.11e-04 55/3408   151/15181 D03 extracellular matrix                     176.0, 249.0, 348.0, 1101.0, 1116.0, 1278.0, 1282.0, 1284.0, 1285.0, 1286.0, 1287.0, 1289.0, 1293.0, 1296.0, 1297.0, 1301.0, 1404.0, 1462.0, 1463.0, 1893.0, 2246.0, 3491.0, 4052.0, 4053.0, 4147.0, 5549.0, 5649.0, 7057.0, 7076.0, 8214.0, 8292.0, 8425.0, 8857.0, 9806.0, 10234.0, 10446.0, 10855.0, 22932.0, 50509.0, 50939.0, 54361.0, 54674.0, 56999.0, 60495.0, 81035.0, 83716.0, 85301.0, 91522.0, 114794.0, 147372.0, 169044.0, 170692.0, 171019.0, 340267.0, 392617.0 
GO:0005604 CC 5.04e-04 29/3408    71/15181 D05 basement membrane                        1282.0, 1285.0, 1286.0, 1287.0, 1289.0, 1294.0, 1296.0, 1297.0, 1946.0, 3339.0, 3371.0, 3908.0, 3915.0, 6678.0, 7058.0, 7060.0, 7076.0, 8292.0, 8577.0, 22795.0, 55214.0, 79812.0, 80144.0, 83872.0, 126147.0, 158326.0, 340267.0, 341640.0, 375790.0 
GO:0005587 CC 5.69e-04  5/3408     5/15181 D04 collagen type IV trimer                  1282.0, 1284.0, 1285.0, 1286.0, 1287.0 
GO:0005654 CC 4.31e-41 487/3408  3406/15181 D02 nucleoplasm                              47.0, 148.0, 219.0, 330.0, 353.0, 367.0, 393.0, 445.0, 573.0, 580.0, 587.0, 648.0, 699.0, 745.0, 754.0, 816.0, 840.0, 861.0, 900.0, 967.0, 1003.0, 1021.0, 1026.0, 1107.0, 1135.0, 1468.0, 1663.0, 1677.0, 1763.0, 1787.0, 1789.0, 1854.0, 1876.0, 1894.0, 1958.0, 1961.0, 2029.0, 2099.0, 2104.0, 2119.0, 2246.0, 2313.0, 2324.0, 2353.0, 2354.0, 2444.0, 2475.0, 2553.0, 2558.0, 2643.0, 2737.0, 2872.0, 3018.0, 3024.0, 3164.0, 3182.0, 3344.0, 3394.0, 3397.0, 3428.0, 3566.0, 3611.0, 3726.0, 3838.0, 3899.0, 3958.0, 3978.0, 4004.0, 4005.0, 4013.0, 4085.0, 4093.0, 4170.0, 4172.0, 4174.0, 4175.0, 4176.0, 4261.0, 4303.0, 4353.0, 4361.0, 4435.0, 4487.0, 4613.0, 4683.0, 4779.0, 4792.0, 4796.0, 4835.0, 4843.0, 4854.0, 4907.0, 4929.0, 4938.0, 4940.0, 4986.0, 5097.0, 5208.0, 5272.0, 5292.0, 5300.0, 5303.0, 5324.0, 5393.0, 5394.0, 5395.0, 5422.0, 5435.0, 5452.0, 5468.0, 5530.0, 5557.0, 5571.0, 5578.0, 5598.0, 5600.0, 5613.0, 5625.0, 5693.0, 5702.0, 5708.0, 5711.0, 5720.0, 5822.0, 5890.0, 5915.0, 5916.0, 5935.0, 5980.0, 6046.0, 6119.0, 6155.0, 6191.0, 6192.0, 6203.0, 6218.0, 6231.0, 6234.0, 6284.0, 6285.0, 6299.0, 6470.0, 6591.0, 6606.0, 6607.0, 6631.0, 6664.0, 6672.0, 6688.0, 6697.0, 6717.0, 6721.0, 6772.0, 6776.0, 6790.0, 6838.0, 6879.0, 6886.0, 6908.0, 6936.0, 7030.0, 7159.0, 7174.0, 7186.0, 7267.0, 7268.0, 7289.0, 7295.0, 7307.0, 7320.0, 7358.0, 7378.0, 7391.0, 7494.0, 7516.0, 7564.0, 7818.0, 7849.0, 7975.0, 8086.0, 8089.0, 8175.0, 8266.0, 8334.0, 8339.0, 8342.0, 8350.0, 8357.0, 8359.0, 8360.0, 8361.0, 8362.0, 8363.0, 8364.0, 8366.0, 8367.0, 8436.0, 8438.0, 8449.0, 8507.0, 8517.0, 8544.0, 8556.0, 8605.0, 8851.0, 8864.0, 9015.0, 9025.0, 9054.0, 9055.0, 9088.0, 9246.0, 9252.0, 9284.0, 9314.0, 9401.0, 9414.0, 9443.0, 9493.0, 9557.0, 9572.0, 9595.0, 9618.0, 9636.0, 9652.0, 9687.0, 9767.0, 9785.0, 9792.0, 9917.0, 9933.0, 9949.0, 9960.0, 10046.0, 10062.0, 10100.0, 10106.0, 10131.0, 10171.0, 10172.0, 10324.0, 10346.0, 10360.0, 10361.0, 10450.0, 10458.0, 10459.0, 10466.0, 10607.0, 10608.0, 10620.0, 10635.0, 10668.0, 10739.0, 10776.0, 10799.0, 10855.0, 10979.0, 11157.0, 11200.0, 11221.0, 22797.0, 22809.0, 22832.0, 22849.0, 22909.0, 22932.0, 22950.0, 22974.0, 23117.0, 23220.0, 23231.0, 23234.0, 23283.0, 23326.0, 23396.0, 23414.0, 23421.0, 23460.0, 23558.0, 23582.0, 23583.0, 23658.0, 23764.0, 25849.0, 25865.0, 25885.0, 25920.0, 25939.0, 26095.0, 26145.0, 26147.0, 26173.0, 26256.0, 26277.0, 26298.0, 26469.0, 26508.0, 27111.0, 27297.0, 27301.0, 27341.0, 28996.0, 29028.0, 29126.0, 29841.0, 29843.0, 29894.0, 30834.0, 51071.0, 51085.0, 51096.0, 51131.0, 51149.0, 51199.0, 51291.0, 51317.0, 51333.0, 51367.0, 51397.0, 51433.0, 51534.0, 51548.0, 51605.0, 51703.0, 51741.0, 54014.0, 54221.0, 54443.0, 54494.0, 54700.0, 54756.0, 54796.0, 54815.0, 54883.0, 54951.0, 54957.0, 54962.0, 54998.0, 55008.0, 55051.0, 55127.0, 55149.0, 55170.0, 55214.0, 55249.0, 55297.0, 55352.0, 55357.0, 55619.0, 55719.0, 55748.0, 55775.0, 55806.0, 55812.0, 55893.0, 55924.0, 56647.0, 56704.0, 56852.0, 56938.0, 56949.0, 56950.0, 56978.0, 57222.0, 57332.0, 57407.0, 57477.0, 57491.0, 57654.0, 57761.0, 57804.0, 60528.0, 63976.0, 64005.0, 64105.0, 64750.0, 64782.0, 64789.0, 64800.0, 65109.0, 65258.0, 79075.0, 79622.0, 79682.0, 79731.0, 79760.0, 79870.0, 79902.0, 80317.0, 80774.0, 83444.0, 83595.0, 83892.0, 83931.0, 83987.0, 83990.0, 84128.0, 84148.0, 84296.0, 84687.0, 84722.0, 84733.0, 84750.0, 84836.0, 84881.0, 84897.0, 84930.0, 84950.0, 84957.0, 84969.0, 84984.0, 85313.0, 85363.0, 85441.0, 89978.0, 91607.0, 91748.0, 92521.0, 92565.0, 92797.0, 94032.0, 116028.0, 116138.0, 116447.0, 116985.0, 117246.0, 118460.0, 121274.0, 128312.0, 143570.0, 144233.0, 152206.0, 155054.0, 160428.0, 161882.0, 163259.0, 166793.0, 169714.0, 201254.0, 201255.0, 202559.0, 221711.0, 222236.0, 223082.0, 245711.0, 253714.0, 253769.0, 254827.0, 256309.0, 261734.0, 283383.0, 283489.0, 284058.0, 284111.0, 285220.0, 285643.0, 286257.0, 286826.0, 339448.0, 345895.0, 353322.0, 359948.0, 375298.0, 378708.0, 387103.0, 388121.0, 388695.0, 389524.0, 399818.0, 401541.0, 440348.0, 440353.0, 440689.0, 613037.0, 642799.0, 653689.0, 653784.0, 728489.0, 728734.0, 728741.0, 728888.0, 729978.0, 100132247.0, 100288332.0, 101059938.0, 102724159.0 
GO:0005634 CC 1.27e-35 713/3408  4445/15181 D05 nucleus                                  102.0, 107.0, 147.0, 148.0, 165.0, 210.0, 274.0, 285.0, 307.0, 330.0, 348.0, 358.0, 367.0, 429.0, 443.0, 501.0, 573.0, 580.0, 648.0, 677.0, 695.0, 745.0, 754.0, 790.0, 793.0, 794.0, 824.0, 840.0, 842.0, 861.0, 900.0, 952.0, 1021.0, 1026.0, 1062.0, 1107.0, 1192.0, 1201.0, 1388.0, 1455.0, 1466.0, 1468.0, 1545.0, 1612.0, 1628.0, 1663.0, 1674.0, 1677.0, 1763.0, 1789.0, 1832.0, 1843.0, 1854.0, 1876.0, 1894.0, 1958.0, 2018.0, 2021.0, 2099.0, 2119.0, 2170.0, 2173.0, 2185.0, 2195.0, 2218.0, 2246.0, 2261.0, 2302.0, 2313.0, 2353.0, 2354.0, 2444.0, 2475.0, 2553.0, 2643.0, 2737.0, 2752.0, 2872.0, 2947.0, 3006.0, 3012.0, 3018.0, 3024.0, 3070.0, 3142.0, 3149.0, 3164.0, 3182.0, 3299.0, 3306.0, 3315.0, 3344.0, 3394.0, 3397.0, 3428.0, 3486.0, 3663.0, 3702.0, 3706.0, 3726.0, 3838.0, 3899.0, 3958.0, 3965.0, 3978.0, 4004.0, 4067.0, 4085.0, 4093.0, 4170.0, 4172.0, 4174.0, 4175.0, 4176.0, 4303.0, 4330.0, 4353.0, 4361.0, 4435.0, 4438.0, 4487.0, 4494.0, 4495.0, 4499.0, 4504.0, 4521.0, 4599.0, 4600.0, 4613.0, 4615.0, 4683.0, 4704.0, 4752.0, 4779.0, 4792.0, 4807.0, 4843.0, 4846.0, 4860.0, 4861.0, 4900.0, 4929.0, 4938.0, 5074.0, 5081.0, 5138.0, 5160.0, 5170.0, 5224.0, 5272.0, 5292.0, 5300.0, 5331.0, 5360.0, 5375.0, 5393.0, 5394.0, 5395.0, 5422.0, 5435.0, 5445.0, 5452.0, 5468.0, 5570.0, 5571.0, 5598.0, 5600.0, 5613.0, 5693.0, 5702.0, 5708.0, 5727.0, 5747.0, 5763.0, 5890.0, 5915.0, 5916.0, 5935.0, 5980.0, 5992.0, 5997.0, 6046.0, 6133.0, 6134.0, 6155.0, 6192.0, 6203.0, 6284.0, 6285.0, 6299.0, 6387.0, 6419.0, 6470.0, 6576.0, 6591.0, 6606.0, 6607.0, 6664.0, 6672.0, 6688.0, 6721.0, 6772.0, 6781.0, 6790.0, 6795.0, 6850.0, 6879.0, 6886.0, 6908.0, 6920.0, 6936.0, 7030.0, 7037.0, 7159.0, 7267.0, 7268.0, 7289.0, 7295.0, 7320.0, 7358.0, 7391.0, 7494.0, 7538.0, 7539.0, 7561.0, 7564.0, 7582.0, 7633.0, 7652.0, 7691.0, 7711.0, 7712.0, 7718.0, 7730.0, 7757.0, 7761.0, 7762.0, 7769.0, 7791.0, 7849.0, 7975.0, 8073.0, 8086.0, 8089.0, 8175.0, 8187.0, 8214.0, 8266.0, 8287.0, 8293.0, 8334.0, 8335.0, 8339.0, 8342.0, 8350.0, 8357.0, 8359.0, 8360.0, 8361.0, 8362.0, 8363.0, 8364.0, 8366.0, 8367.0, 8438.0, 8449.0, 8507.0, 8517.0, 8544.0, 8572.0, 8629.0, 8851.0, 8864.0, 8915.0, 8927.0, 9025.0, 9054.0, 9055.0, 9088.0, 9204.0, 9232.0, 9246.0, 9252.0, 9262.0, 9315.0, 9355.0, 9401.0, 9404.0, 9414.0, 9425.0, 9443.0, 9493.0, 9557.0, 9572.0, 9581.0, 9618.0, 9636.0, 9652.0, 9683.0, 9785.0, 9792.0, 9894.0, 9923.0, 9924.0, 9928.0, 9935.0, 9949.0, 9960.0, 9961.0, 10000.0, 10036.0, 10062.0, 10095.0, 10114.0, 10169.0, 10172.0, 10229.0, 10247.0, 10253.0, 10309.0, 10346.0, 10361.0, 10381.0, 10382.0, 10388.0, 10389.0, 10450.0, 10459.0, 10463.0, 10464.0, 10566.0, 10591.0, 10620.0, 10628.0, 10635.0, 10643.0, 10681.0, 10732.0, 10758.0, 10769.0, 10780.0, 10799.0, 10855.0, 10901.0, 10950.0, 10979.0, 11004.0, 11033.0, 11078.0, 11157.0, 11170.0, 11186.0, 11200.0, 11221.0, 11259.0, 22797.0, 22809.0, 22849.0, 22869.0, 22881.0, 22884.0, 22909.0, 22974.0, 23075.0, 23099.0, 23125.0, 23170.0, 23178.0, 23189.0, 23216.0, 23234.0, 23300.0, 23405.0, 23412.0, 23414.0, 23421.0, 23521.0, 23533.0, 23558.0, 23582.0, 23604.0, 23616.0, 23658.0, 23764.0, 23786.0, 25865.0, 25939.0, 26092.0, 26145.0, 26147.0, 26149.0, 26150.0, 26152.0, 26206.0, 26233.0, 26256.0, 26287.0, 26298.0, 26469.0, 26508.0, 26986.0, 27175.0, 27301.0, 27319.0, 28996.0, 29028.0, 29841.0, 29842.0, 29843.0, 29894.0, 29946.0, 29994.0, 30813.0, 30846.0, 50511.0, 51085.0, 51096.0, 51102.0, 51131.0, 51149.0, 51181.0, 51218.0, 51333.0, 51351.0, 51412.0, 51427.0, 51433.0, 51527.0, 51548.0, 51605.0, 51634.0, 51741.0, 54014.0, 54494.0, 54502.0, 54514.0, 54700.0, 54796.0, 54807.0, 54815.0, 54883.0, 54937.0, 54962.0, 54998.0, 55051.0, 55070.0, 55124.0, 55170.0, 55208.0, 55212.0, 55249.0, 55325.0, 55352.0, 55502.0, 55619.0, 55713.0, 55719.0, 55771.0, 55775.0, 55835.0, 55893.0, 55924.0, 56034.0, 56146.0, 56647.0, 56852.0, 56890.0, 56911.0, 56938.0, 56949.0, 56950.0, 56978.0, 57110.0, 57116.0, 57232.0, 57332.0, 57447.0, 57478.0, 57491.0, 57509.0, 57519.0, 57593.0, 57610.0, 57615.0, 57658.0, 57710.0, 57761.0, 58476.0, 58504.0, 60386.0, 60491.0, 60528.0, 63976.0, 63979.0, 64332.0, 64359.0, 64399.0, 64518.0, 64750.0, 64782.0, 64789.0, 64848.0, 64854.0, 65109.0, 79003.0, 79026.0, 79075.0, 79149.0, 79364.0, 79447.0, 79595.0, 79622.0, 79673.0, 79682.0, 79716.0, 79744.0, 79745.0, 79780.0, 79866.0, 79882.0, 79986.0, 80032.0, 80142.0, 80150.0, 80317.0, 80336.0, 80726.0, 81624.0, 81931.0, 83480.0, 83595.0, 83640.0, 83659.0, 83714.0, 83990.0, 84072.0, 84078.0, 84084.0, 84105.0, 84148.0, 84215.0, 84296.0, 84436.0, 84527.0, 84617.0, 84627.0, 84671.0, 84733.0, 84790.0, 84807.0, 84836.0, 84851.0, 84858.0, 84874.0, 84875.0, 84897.0, 84922.0, 84930.0, 84950.0, 84969.0, 85012.0, 85313.0, 85416.0, 89765.0, 90338.0, 90417.0, 90529.0, 90589.0, 90637.0, 90861.0, 90990.0, 91107.0, 91120.0, 91156.0, 91607.0, 91768.0, 92283.0, 92565.0, 92797.0, 93343.0, 93492.0, 113146.0, 113510.0, 113835.0, 114548.0, 114971.0, 116028.0, 117178.0, 117608.0, 118460.0, 118738.0, 118924.0, 121274.0, 122402.0, 123036.0, 123803.0, 125893.0, 126375.0, 126520.0, 127665.0, 128312.0, 128344.0, 128866.0, 132851.0, 134187.0, 134701.0, 136051.0, 139081.0, 139735.0, 140576.0, 140597.0, 143570.0, 144195.0, 144811.0, 146050.0, 147687.0, 148156.0, 148206.0, 148213.0, 148932.0, 151126.0, 152877.0, 155054.0, 157695.0, 158931.0, 161725.0, 161882.0, 161931.0, 162655.0, 162968.0, 163227.0, 164684.0, 166793.0, 168544.0, 169270.0, 170082.0, 170261.0, 170685.0, 195814.0, 196446.0, 197320.0, 200424.0, 201163.0, 201973.0, 202559.0, 203228.0, 219790.0, 220042.0, 220202.0, 221472.0, 222696.0, 222698.0, 245711.0, 253639.0, 266743.0, 282890.0, 283078.0, 283417.0, 283489.0, 283807.0, 284058.0, 284338.0, 284390.0, 286257.0, 317781.0, 339488.0, 340385.0, 342132.0, 342908.0, 344787.0, 349334.0, 359948.0, 374899.0, 375307.0, 378884.0, 387082.0, 388523.0, 388536.0, 388561.0, 389136.0, 389493.0, 389524.0, 399818.0, 401541.0, 404281.0, 407046.0, 440097.0, 440603.0, 440689.0, 441951.0, 442319.0, 494470.0, 503542.0, 642273.0, 642574.0, 645121.0, 647309.0, 654254.0, 728492.0, 728642.0, 729288.0, 730087.0, 731220.0, 100129543.0, 100129583.0, 100130086.0, 100131187.0, 100132074.0, 100137047.0, 100529215.0, 100885848.0, 109504726.0, 110116772.0 
GO:0005829 CC 1.05e-34 732/3408  4519/15181 D02 cytosol                                  31.0, 47.0, 58.0, 148.0, 157.0, 191.0, 210.0, 219.0, 220.0, 246.0, 262.0, 274.0, 308.0, 330.0, 338.0, 353.0, 355.0, 367.0, 391.0, 393.0, 443.0, 445.0, 501.0, 567.0, 570.0, 573.0, 648.0, 677.0, 695.0, 699.0, 745.0, 760.0, 766.0, 790.0, 793.0, 794.0, 816.0, 824.0, 837.0, 840.0, 842.0, 1021.0, 1026.0, 1033.0, 1062.0, 1120.0, 1124.0, 1155.0, 1201.0, 1371.0, 1384.0, 1455.0, 1491.0, 1495.0, 1645.0, 1674.0, 1677.0, 1687.0, 1719.0, 1725.0, 1728.0, 1794.0, 1806.0, 1807.0, 1809.0, 1824.0, 1894.0, 1964.0, 2009.0, 2021.0, 2039.0, 2051.0, 2053.0, 2099.0, 2125.0, 2170.0, 2173.0, 2185.0, 2246.0, 2313.0, 2324.0, 2330.0, 2353.0, 2444.0, 2475.0, 2558.0, 2572.0, 2620.0, 2635.0, 2643.0, 2670.0, 2710.0, 2737.0, 2752.0, 2778.0, 2784.0, 2935.0, 2944.0, 2947.0, 2948.0, 3018.0, 3043.0, 3073.0, 3081.0, 3098.0, 3164.0, 3269.0, 3295.0, 3306.0, 3315.0, 3356.0, 3394.0, 3422.0, 3428.0, 3434.0, 3437.0, 3587.0, 3611.0, 3635.0, 3663.0, 3702.0, 3706.0, 3838.0, 3899.0, 3958.0, 3964.0, 3965.0, 3991.0, 4067.0, 4085.0, 4093.0, 4145.0, 4170.0, 4174.0, 4176.0, 4217.0, 4261.0, 4296.0, 4303.0, 4361.0, 4435.0, 4481.0, 4504.0, 4521.0, 4524.0, 4547.0, 4599.0, 4600.0, 4615.0, 4642.0, 4647.0, 4683.0, 4703.0, 4779.0, 4792.0, 4835.0, 4843.0, 4846.0, 4854.0, 4860.0, 4900.0, 4907.0, 4938.0, 4940.0, 4953.0, 4986.0, 5096.0, 5106.0, 5136.0, 5137.0, 5138.0, 5140.0, 5170.0, 5207.0, 5208.0, 5210.0, 5223.0, 5224.0, 5255.0, 5271.0, 5272.0, 5292.0, 5293.0, 5300.0, 5324.0, 5330.0, 5331.0, 5336.0, 5375.0, 5393.0, 5394.0, 5395.0, 5422.0, 5435.0, 5468.0, 5507.0, 5530.0, 5533.0, 5571.0, 5575.0, 5578.0, 5592.0, 5598.0, 5600.0, 5693.0, 5702.0, 5708.0, 5711.0, 5720.0, 5747.0, 5774.0, 5829.0, 5873.0, 5912.0, 5973.0, 5997.0, 6041.0, 6133.0, 6134.0, 6155.0, 6158.0, 6181.0, 6191.0, 6192.0, 6203.0, 6218.0, 6231.0, 6234.0, 6284.0, 6285.0, 6468.0, 6470.0, 6584.0, 6606.0, 6607.0, 6624.0, 6652.0, 6697.0, 6710.0, 6717.0, 6721.0, 6752.0, 6772.0, 6776.0, 6790.0, 6799.0, 6804.0, 6850.0, 6936.0, 7030.0, 7048.0, 7070.0, 7138.0, 7159.0, 7169.0, 7170.0, 7171.0, 7174.0, 7185.0, 7186.0, 7264.0, 7267.0, 7277.0, 7295.0, 7358.0, 7378.0, 7409.0, 7439.0, 7447.0, 7525.0, 7538.0, 7791.0, 7881.0, 8029.0, 8073.0, 8086.0, 8226.0, 8228.0, 8266.0, 8287.0, 8293.0, 8339.0, 8342.0, 8407.0, 8436.0, 8458.0, 8499.0, 8503.0, 8517.0, 8544.0, 8556.0, 8557.0, 8605.0, 8623.0, 8665.0, 8692.0, 8737.0, 8790.0, 8851.0, 8854.0, 8864.0, 8905.0, 8915.0, 8934.0, 8938.0, 9025.0, 9026.0, 9051.0, 9054.0, 9055.0, 9060.0, 9088.0, 9097.0, 9110.0, 9138.0, 9232.0, 9246.0, 9314.0, 9332.0, 9404.0, 9414.0, 9455.0, 9493.0, 9557.0, 9564.0, 9581.0, 9595.0, 9618.0, 9636.0, 9639.0, 9652.0, 9683.0, 9696.0, 9710.0, 9712.0, 9748.0, 9792.0, 9812.0, 9844.0, 9894.0, 9903.0, 9924.0, 9928.0, 9940.0, 9961.0, 10044.0, 10062.0, 10095.0, 10114.0, 10135.0, 10144.0, 10156.0, 10169.0, 10226.0, 10233.0, 10235.0, 10247.0, 10253.0, 10324.0, 10346.0, 10360.0, 10382.0, 10450.0, 10451.0, 10458.0, 10459.0, 10466.0, 10591.0, 10628.0, 10630.0, 10643.0, 10681.0, 10693.0, 10769.0, 10788.0, 10804.0, 10811.0, 10841.0, 10901.0, 10979.0, 10981.0, 10993.0, 11001.0, 11004.0, 11031.0, 11033.0, 11069.0, 11075.0, 11157.0, 11190.0, 11221.0, 11234.0, 22809.0, 22832.0, 22844.0, 22849.0, 22909.0, 22931.0, 22974.0, 22977.0, 23014.0, 23075.0, 23113.0, 23178.0, 23194.0, 23220.0, 23229.0, 23234.0, 23256.0, 23263.0, 23318.0, 23396.0, 23405.0, 23421.0, 23475.0, 23521.0, 23533.0, 23558.0, 23576.0, 23583.0, 23600.0, 23616.0, 23658.0, 23729.0, 23743.0, 23766.0, 25759.0, 25791.0, 25802.0, 25839.0, 25849.0, 25865.0, 25897.0, 25917.0, 26063.0, 26153.0, 26233.0, 26256.0, 26270.0, 26287.0, 26469.0, 26503.0, 26986.0, 27111.0, 27128.0, 27141.0, 27143.0, 27175.0, 27230.0, 27232.0, 27233.0, 27295.0, 27297.0, 29760.0, 29899.0, 29904.0, 30846.0, 30849.0, 50944.0, 51054.0, 51071.0, 51074.0, 51084.0, 51085.0, 51171.0, 51191.0, 51248.0, 51257.0, 51259.0, 51291.0, 51324.0, 51332.0, 51433.0, 51473.0, 51477.0, 51534.0, 51594.0, 51606.0, 51741.0, 54014.0, 54443.0, 54456.0, 54566.0, 54809.0, 54867.0, 54885.0, 54903.0, 54930.0, 54951.0, 54957.0, 54974.0, 54981.0, 55008.0, 55055.0, 55062.0, 55191.0, 55212.0, 55214.0, 55223.0, 55224.0, 55276.0, 55297.0, 55300.0, 55352.0, 55357.0, 55613.0, 55619.0, 55620.0, 55690.0, 55715.0, 55740.0, 55748.0, 55812.0, 55835.0, 55893.0, 55901.0, 55902.0, 56034.0, 56647.0, 56890.0, 56896.0, 56898.0, 56905.0, 56911.0, 56950.0, 56954.0, 57026.0, 57110.0, 57139.0, 57176.0, 57407.0, 57447.0, 57488.0, 57491.0, 57514.0, 57537.0, 57580.0, 57610.0, 57658.0, 57718.0, 57761.0, 57826.0, 58476.0, 58480.0, 58488.0, 58504.0, 58538.0, 60528.0, 63826.0, 63976.0, 64105.0, 64359.0, 64577.0, 64750.0, 64772.0, 64780.0, 64787.0, 64789.0, 64854.0, 64926.0, 65109.0, 65999.0, 79003.0, 79017.0, 79026.0, 79092.0, 79585.0, 79622.0, 79658.0, 79682.0, 79731.0, 79760.0, 79778.0, 79825.0, 79841.0, 79866.0, 79870.0, 79873.0, 79902.0, 80142.0, 80150.0, 80336.0, 80765.0, 80774.0, 81617.0, 81624.0, 83394.0, 83461.0, 83480.0, 83547.0, 83549.0, 83592.0, 83874.0, 83892.0, 83931.0, 83987.0, 84078.0, 84084.0, 84282.0, 84433.0, 84722.0, 84727.0, 84836.0, 84851.0, 84875.0, 85313.0, 85363.0, 85415.0, 85459.0, 87769.0, 89122.0, 89765.0, 89846.0, 89866.0, 89891.0, 89978.0, 90102.0, 90861.0, 91107.0, 91419.0, 91544.0, 91607.0, 91768.0, 91807.0, 92521.0, 92565.0, 93100.0, 93343.0, 93492.0, 94032.0, 113146.0, 114548.0, 114757.0, 114879.0, 115106.0, 115557.0, 115827.0, 115939.0, 116028.0, 116138.0, 116985.0, 117245.0, 117289.0, 118460.0, 119391.0, 121274.0, 121278.0, 121952.0, 122416.0, 122481.0, 122970.0, 123624.0, 123872.0, 124997.0, 125058.0, 126003.0, 126433.0, 128312.0, 128853.0, 128866.0, 129049.0, 130916.0, 134429.0, 134957.0, 135228.0, 140458.0, 140576.0, 140578.0, 144233.0, 146330.0, 146705.0, 151393.0, 152206.0, 155038.0, 157695.0, 158067.0, 160140.0, 161725.0, 161823.0, 166793.0, 170685.0, 192668.0, 196743.0, 197258.0, 201163.0, 201176.0, 201255.0, 201456.0, 203228.0, 221143.0, 221472.0, 222235.0, 223082.0, 253714.0, 255488.0, 259173.0, 261734.0, 283807.0, 284076.0, 284111.0, 284434.0, 285231.0, 285643.0, 340351.0, 352954.0, 353322.0, 374407.0, 375298.0, 375337.0, 378108.0, 378708.0, 378884.0, 388121.0, 388962.0, 399818.0, 401541.0, 415116.0, 440503.0, 440603.0, 440689.0, 641371.0, 643246.0, 653689.0, 653784.0, 728492.0, 729359.0, 729920.0, 100131187.0, 100137049.0, 100287171.0, 100885848.0, 111240474.0 
GO:0016607 CC 1.00e-11 34/3408   373/15181 D03 nuclear speck                            367.0, 580.0, 2057.0, 2737.0, 3299.0, 3428.0, 4303.0, 4929.0, 5300.0, 5324.0, 6046.0, 6891.0, 7307.0, 8175.0, 9404.0, 9425.0, 10135.0, 10346.0, 10450.0, 11170.0, 11221.0, 27111.0, 54815.0, 54883.0, 55051.0, 55893.0, 64332.0, 64750.0, 79595.0, 79882.0, 113246.0, 116028.0, 123872.0, 146705.0 
GO:0005737 CC 2.88e-11 740/3408  3958/15181 D02 cytoplasm                                102.0, 107.0, 147.0, 148.0, 150.0, 165.0, 175.0, 220.0, 274.0, 306.0, 307.0, 308.0, 321.0, 330.0, 338.0, 347.0, 348.0, 353.0, 358.0, 364.0, 367.0, 393.0, 445.0, 573.0, 580.0, 654.0, 677.0, 695.0, 754.0, 760.0, 767.0, 779.0, 790.0, 816.0, 824.0, 828.0, 837.0, 840.0, 842.0, 900.0, 948.0, 1021.0, 1033.0, 1039.0, 1107.0, 1116.0, 1120.0, 1155.0, 1192.0, 1201.0, 1267.0, 1268.0, 1371.0, 1455.0, 1466.0, 1491.0, 1558.0, 1571.0, 1612.0, 1663.0, 1674.0, 1687.0, 1725.0, 1728.0, 1757.0, 1763.0, 1767.0, 1787.0, 1794.0, 1806.0, 1832.0, 1843.0, 1894.0, 1902.0, 1903.0, 1958.0, 1964.0, 2029.0, 2099.0, 2121.0, 2125.0, 2185.0, 2246.0, 2475.0, 2572.0, 2635.0, 2643.0, 2660.0, 2670.0, 2737.0, 2752.0, 2784.0, 2861.0, 2872.0, 2935.0, 2944.0, 2947.0, 2948.0, 3028.0, 3149.0, 3182.0, 3306.0, 3315.0, 3373.0, 3394.0, 3422.0, 3434.0, 3437.0, 3663.0, 3688.0, 3706.0, 3834.0, 3838.0, 3958.0, 3964.0, 3965.0, 3978.0, 4067.0, 4085.0, 4093.0, 4099.0, 4157.0, 4170.0, 4217.0, 4267.0, 4303.0, 4355.0, 4361.0, 4435.0, 4494.0, 4495.0, 4499.0, 4504.0, 4521.0, 4599.0, 4600.0, 4615.0, 4642.0, 4645.0, 4647.0, 4671.0, 4745.0, 4752.0, 4758.0, 4792.0, 4796.0, 4843.0, 4846.0, 4860.0, 4919.0, 4929.0, 4935.0, 4938.0, 4940.0, 4953.0, 5027.0, 5074.0, 5138.0, 5170.0, 5223.0, 5271.0, 5272.0, 5292.0, 5293.0, 5300.0, 5333.0, 5336.0, 5393.0, 5394.0, 5452.0, 5480.0, 5530.0, 5533.0, 5570.0, 5571.0, 5575.0, 5578.0, 5592.0, 5598.0, 5600.0, 5613.0, 5649.0, 5693.0, 5720.0, 5742.0, 5747.0, 5774.0, 5817.0, 5915.0, 5916.0, 5935.0, 5997.0, 6046.0, 6091.0, 6133.0, 6155.0, 6158.0, 6181.0, 6203.0, 6218.0, 6231.0, 6234.0, 6284.0, 6285.0, 6299.0, 6387.0, 6470.0, 6538.0, 6584.0, 6591.0, 6606.0, 6607.0, 6624.0, 6672.0, 6678.0, 6717.0, 6721.0, 6751.0, 6753.0, 6772.0, 6781.0, 6795.0, 6799.0, 6850.0, 6876.0, 6879.0, 6908.0, 6991.0, 7010.0, 7030.0, 7053.0, 7097.0, 7099.0, 7123.0, 7159.0, 7164.0, 7174.0, 7185.0, 7268.0, 7277.0, 7286.0, 7295.0, 7320.0, 7409.0, 7494.0, 7516.0, 7538.0, 7791.0, 8045.0, 8073.0, 8225.0, 8228.0, 8266.0, 8287.0, 8412.0, 8436.0, 8499.0, 8507.0, 8517.0, 8544.0, 8556.0, 8572.0, 8629.0, 8692.0, 8790.0, 8851.0, 8854.0, 8864.0, 8915.0, 8934.0, 9051.0, 9055.0, 9071.0, 9076.0, 9098.0, 9110.0, 9138.0, 9170.0, 9232.0, 9252.0, 9315.0, 9401.0, 9404.0, 9425.0, 9448.0, 9455.0, 9501.0, 9564.0, 9568.0, 9572.0, 9595.0, 9618.0, 9636.0, 9637.0, 9652.0, 9748.0, 9792.0, 9796.0, 9844.0, 9894.0, 9905.0, 9940.0, 9960.0, 9961.0, 10000.0, 10008.0, 10062.0, 10114.0, 10226.0, 10233.0, 10247.0, 10266.0, 10309.0, 10314.0, 10324.0, 10346.0, 10360.0, 10361.0, 10381.0, 10382.0, 10450.0, 10451.0, 10458.0, 10464.0, 10561.0, 10566.0, 10628.0, 10643.0, 10681.0, 10769.0, 10776.0, 10788.0, 10841.0, 10859.0, 10882.0, 10903.0, 10950.0, 10979.0, 11033.0, 11043.0, 11067.0, 11075.0, 11078.0, 11157.0, 11170.0, 11186.0, 11200.0, 11221.0, 11234.0, 11259.0, 22849.0, 22881.0, 22884.0, 22949.0, 22950.0, 22952.0, 22977.0, 23007.0, 23075.0, 23150.0, 23170.0, 23178.0, 23189.0, 23234.0, 23263.0, 23303.0, 23318.0, 23339.0, 23405.0, 23414.0, 23421.0, 23475.0, 23521.0, 23533.0, 23558.0, 23582.0, 23593.0, 23600.0, 23604.0, 23658.0, 23729.0, 24139.0, 25809.0, 25827.0, 25865.0, 25886.0, 25897.0, 25917.0, 25920.0, 26052.0, 26095.0, 26206.0, 26256.0, 26270.0, 26281.0, 26469.0, 26472.0, 26508.0, 26986.0, 27111.0, 27143.0, 27175.0, 27233.0, 27341.0, 28996.0, 29760.0, 29842.0, 29843.0, 29899.0, 29904.0, 29925.0, 30820.0, 30846.0, 49856.0, 50853.0, 51016.0, 51074.0, 51085.0, 51191.0, 51205.0, 51257.0, 51284.0, 51332.0, 51364.0, 51397.0, 51473.0, 51477.0, 51527.0, 51601.0, 51741.0, 51807.0, 53340.0, 54221.0, 54361.0, 54434.0, 54491.0, 54514.0, 54550.0, 54566.0, 54602.0, 54809.0, 54857.0, 54903.0, 54937.0, 54962.0, 54970.0, 54981.0, 55036.0, 55062.0, 55124.0, 55144.0, 55171.0, 55191.0, 55208.0, 55223.0, 55224.0, 55240.0, 55249.0, 55251.0, 55316.0, 55325.0, 55344.0, 55613.0, 55619.0, 55672.0, 55715.0, 55764.0, 55771.0, 55775.0, 55798.0, 55805.0, 55835.0, 55857.0, 55871.0, 55893.0, 55902.0, 55909.0, 56155.0, 56164.0, 56267.0, 56852.0, 56898.0, 56938.0, 56950.0, 56990.0, 57026.0, 57091.0, 57110.0, 57447.0, 57477.0, 57509.0, 57513.0, 57519.0, 57540.0, 57610.0, 57698.0, 57718.0, 57826.0, 60491.0, 63826.0, 63979.0, 64005.0, 64097.0, 64399.0, 64581.0, 64750.0, 64770.0, 64780.0, 64901.0, 64926.0, 65108.0, 65109.0, 65999.0, 66002.0, 79007.0, 79026.0, 79092.0, 79363.0, 79442.0, 79663.0, 79716.0, 79745.0, 79752.0, 79760.0, 79781.0, 79805.0, 79866.0, 79870.0, 79882.0, 80150.0, 80317.0, 81551.0, 81624.0, 81706.0, 83394.0, 83449.0, 83450.0, 83480.0, 83538.0, 83543.0, 83547.0, 83549.0, 83595.0, 83659.0, 83714.0, 83853.0, 83872.0, 83987.0, 83990.0, 84059.0, 84073.0, 84077.0, 84100.0, 84220.0, 84224.0, 84253.0, 84282.0, 84288.0, 84296.0, 84306.0, 84417.0, 84433.0, 84517.0, 84553.0, 84617.0, 84687.0, 84705.0, 84722.0, 84790.0, 84836.0, 84851.0, 84875.0, 84922.0, 84930.0, 84984.0, 85016.0, 85363.0, 85441.0, 85459.0, 85462.0, 85477.0, 88455.0, 89122.0, 89846.0, 89891.0, 90417.0, 90637.0, 90835.0, 90990.0, 91807.0, 91947.0, 91978.0, 92565.0, 92797.0, 94134.0, 112483.0, 112752.0, 113146.0, 113220.0, 113246.0, 114548.0, 115294.0, 115557.0, 116138.0, 116225.0, 117178.0, 117245.0, 119391.0, 121214.0, 121952.0, 122402.0, 122481.0, 123041.0, 123803.0, 123872.0, 124093.0, 126003.0, 126282.0, 126433.0, 126520.0, 127829.0, 127943.0, 128153.0, 128866.0, 129049.0, 129807.0, 130574.0, 132014.0, 132671.0, 134429.0, 134957.0, 140469.0, 140576.0, 140578.0, 140699.0, 142679.0, 143570.0, 144233.0, 144983.0, 146705.0, 147138.0, 148932.0, 151242.0, 151393.0, 151651.0, 152015.0, 154197.0, 155054.0, 157506.0, 157695.0, 158067.0, 159686.0, 160492.0, 161725.0, 161931.0, 166614.0, 166793.0, 167838.0, 170685.0, 196883.0, 197335.0, 199221.0, 200030.0, 200132.0, 200424.0, 201163.0, 201176.0, 201625.0, 202151.0, 202243.0, 203228.0, 206338.0, 219621.0, 219790.0, 220042.0, 220296.0, 220869.0, 220972.0, 221472.0, 221687.0, 222236.0, 223082.0, 246176.0, 255027.0, 255101.0, 255488.0, 255758.0, 282808.0, 283489.0, 284565.0, 285025.0, 285190.0, 285590.0, 285753.0, 286077.0, 286204.0, 286257.0, 286464.0, 339416.0, 341019.0, 359845.0, 359948.0, 375307.0, 375743.0, 376267.0, 378108.0, 387119.0, 387694.0, 388121.0, 388677.0, 389084.0, 399818.0, 400818.0, 407046.0, 415116.0, 440434.0, 440503.0, 441951.0, 493829.0, 642574.0, 643037.0, 644019.0, 645121.0, 653689.0, 727851.0, 728113.0, 728233.0, 728642.0, 728841.0, 729857.0, 100127983.0, 100129583.0, 100130086.0, 100131187.0, 100132074.0, 100137047.0, 100462981.0, 100506084.0, 100507436.0, 101060684.0 
GO:0016020 CC 2.06e-09 320/3408  1867/15181 D02 membrane                                 47.0, 102.0, 135.0, 246.0, 249.0, 274.0, 306.0, 308.0, 348.0, 533.0, 537.0, 567.0, 573.0, 699.0, 754.0, 790.0, 928.0, 948.0, 952.0, 953.0, 966.0, 976.0, 1003.0, 1062.0, 1124.0, 1137.0, 1192.0, 1267.0, 1455.0, 1462.0, 1687.0, 1717.0, 1734.0, 1794.0, 1815.0, 1832.0, 1889.0, 2099.0, 2125.0, 2160.0, 2277.0, 2353.0, 2475.0, 2620.0, 2778.0, 2990.0, 3073.0, 3082.0, 3105.0, 3106.0, 3107.0, 3108.0, 3115.0, 3295.0, 3306.0, 3371.0, 3384.0, 3428.0, 3547.0, 3554.0, 3556.0, 3611.0, 3672.0, 3676.0, 3687.0, 3688.0, 3838.0, 3949.0, 3958.0, 3964.0, 3991.0, 4033.0, 4145.0, 4170.0, 4172.0, 4174.0, 4176.0, 4240.0, 4296.0, 4599.0, 4600.0, 4758.0, 4907.0, 4935.0, 4938.0, 4940.0, 5027.0, 5140.0, 5170.0, 5223.0, 5272.0, 5293.0, 5331.0, 5355.0, 5394.0, 5557.0, 5571.0, 5702.0, 5708.0, 5912.0, 5957.0, 6133.0, 6134.0, 6155.0, 6158.0, 6181.0, 6191.0, 6192.0, 6203.0, 6218.0, 6231.0, 6262.0, 6404.0, 6507.0, 6511.0, 6515.0, 6547.0, 6557.0, 6566.0, 6578.0, 6580.0, 6652.0, 6693.0, 6717.0, 6833.0, 6890.0, 6891.0, 6991.0, 7037.0, 7056.0, 7171.0, 7357.0, 7439.0, 7447.0, 8029.0, 8086.0, 8228.0, 8266.0, 8350.0, 8357.0, 8359.0, 8360.0, 8361.0, 8362.0, 8363.0, 8364.0, 8366.0, 8367.0, 8412.0, 8460.0, 8546.0, 8605.0, 8665.0, 8828.0, 8851.0, 8884.0, 8906.0, 9051.0, 9088.0, 9110.0, 9197.0, 9362.0, 9401.0, 9404.0, 9672.0, 9785.0, 9844.0, 9894.0, 9899.0, 9902.0, 9922.0, 9928.0, 9936.0, 9961.0, 10000.0, 10060.0, 10131.0, 10162.0, 10226.0, 10253.0, 10257.0, 10269.0, 10466.0, 10548.0, 10630.0, 10675.0, 10800.0, 10894.0, 10903.0, 10970.0, 10981.0, 10999.0, 11000.0, 11004.0, 11037.0, 11069.0, 11075.0, 11118.0, 11184.0, 11230.0, 11259.0, 23120.0, 23339.0, 23344.0, 23421.0, 23521.0, 23527.0, 23531.0, 23533.0, 23554.0, 23780.0, 25791.0, 25802.0, 25825.0, 25827.0, 26052.0, 26092.0, 26173.0, 26206.0, 26503.0, 26872.0, 26986.0, 29760.0, 29842.0, 30849.0, 50640.0, 50944.0, 51192.0, 51332.0, 51594.0, 51606.0, 51643.0, 51703.0, 54842.0, 54857.0, 54903.0, 54918.0, 55127.0, 55129.0, 55144.0, 55212.0, 55244.0, 55297.0, 55300.0, 55540.0, 55613.0, 55619.0, 55764.0, 55771.0, 56262.0, 56301.0, 56606.0, 56949.0, 57185.0, 57222.0, 57413.0, 57476.0, 57488.0, 57513.0, 57537.0, 57628.0, 59307.0, 63895.0, 64005.0, 64072.0, 64834.0, 64926.0, 79026.0, 79087.0, 79443.0, 79585.0, 79627.0, 79690.0, 79709.0, 79902.0, 80267.0, 81544.0, 81671.0, 81706.0, 81793.0, 83394.0, 83440.0, 83706.0, 83985.0, 84059.0, 84073.0, 84100.0, 84306.0, 84929.0, 85320.0, 85441.0, 92521.0, 93129.0, 112476.0, 114780.0, 114879.0, 114899.0, 115209.0, 115294.0, 116443.0, 123041.0, 123606.0, 124976.0, 126133.0, 127829.0, 129807.0, 144195.0, 196883.0, 201176.0, 222662.0, 254102.0, 256471.0, 256691.0, 317781.0, 340596.0, 342372.0, 375033.0, 376497.0, 728233.0, 100507050.0 
GO:0005739 CC 6.24e-08 197/3408  1204/15181 D05 mitochondrion                            33.0, 219.0, 501.0, 587.0, 670.0, 837.0, 842.0, 844.0, 1159.0, 1160.0, 1192.0, 1371.0, 1375.0, 1384.0, 1468.0, 1545.0, 1719.0, 1757.0, 1763.0, 1854.0, 2021.0, 2230.0, 2232.0, 2537.0, 2710.0, 2747.0, 2752.0, 3028.0, 3098.0, 3164.0, 3429.0, 3437.0, 3978.0, 4129.0, 4170.0, 4257.0, 4521.0, 4541.0, 4704.0, 4722.0, 4728.0, 4833.0, 4923.0, 4938.0, 5028.0, 5096.0, 5106.0, 5160.0, 5445.0, 5530.0, 5578.0, 5625.0, 5997.0, 6150.0, 6182.0, 6341.0, 6389.0, 6648.0, 6833.0, 7037.0, 7351.0, 7352.0, 7818.0, 8192.0, 8209.0, 8228.0, 8546.0, 8737.0, 8774.0, 8934.0, 9026.0, 9054.0, 9551.0, 9619.0, 9812.0, 9949.0, 10131.0, 10247.0, 10630.0, 10863.0, 10901.0, 10981.0, 10993.0, 11000.0, 11067.0, 23593.0, 23600.0, 23764.0, 23786.0, 26995.0, 27301.0, 29074.0, 29957.0, 50640.0, 51027.0, 51075.0, 51102.0, 51205.0, 51218.0, 51312.0, 51601.0, 51657.0, 51703.0, 51741.0, 54543.0, 54602.0, 54802.0, 54902.0, 54938.0, 54974.0, 54996.0, 54998.0, 55127.0, 55149.0, 55210.0, 55278.0, 55316.0, 55471.0, 55687.0, 55760.0, 55812.0, 56181.0, 56267.0, 56624.0, 56652.0, 56942.0, 56953.0, 57110.0, 57176.0, 57505.0, 57509.0, 57546.0, 58472.0, 60386.0, 60491.0, 60528.0, 63970.0, 64064.0, 64963.0, 64978.0, 64983.0, 79611.0, 79731.0, 79810.0, 79979.0, 80142.0, 80207.0, 80726.0, 83693.0, 83787.0, 84233.0, 84269.0, 84705.0, 84881.0, 89876.0, 90529.0, 91543.0, 91574.0, 93974.0, 94097.0, 114971.0, 116447.0, 116541.0, 124997.0, 126789.0, 130916.0, 132001.0, 132671.0, 133686.0, 137872.0, 140823.0, 151393.0, 153328.0, 155038.0, 160428.0, 171425.0, 192286.0, 201164.0, 205251.0, 219293.0, 219402.0, 255027.0, 282808.0, 283459.0, 284106.0, 284184.0, 284427.0, 353322.0, 374887.0, 388962.0, 440503.0, 548596.0, 728294.0, 728489.0, 728568.0, 100303755.0, 102724023.0 
GO:0005730 CC 6.56e-08 131/3408   860/15181 D05 nucleolus                                1026.0, 1107.0, 1663.0, 1677.0, 2246.0, 2737.0, 3428.0, 4613.0, 4683.0, 5097.0, 5160.0, 5292.0, 5303.0, 5393.0, 5394.0, 5422.0, 5980.0, 5997.0, 6155.0, 6203.0, 6284.0, 6389.0, 6419.0, 6772.0, 6838.0, 6936.0, 7267.0, 7289.0, 7564.0, 8507.0, 8556.0, 8864.0, 9088.0, 9683.0, 9858.0, 9922.0, 9933.0, 10171.0, 10257.0, 10309.0, 10360.0, 10361.0, 10459.0, 10607.0, 11157.0, 23318.0, 23521.0, 23583.0, 25917.0, 26071.0, 26768.0, 27111.0, 51096.0, 51199.0, 51333.0, 51367.0, 51703.0, 54014.0, 54700.0, 54865.0, 55051.0, 55127.0, 55170.0, 55249.0, 56938.0, 57509.0, 64782.0, 65109.0, 79882.0, 81671.0, 83444.0, 83590.0, 83876.0, 84128.0, 84836.0, 84875.0, 85395.0, 89978.0, 92797.0, 114599.0, 117246.0, 118460.0, 126520.0, 140576.0, 161931.0, 283807.0, 284434.0, 317781.0, 345895.0, 375298.0, 387103.0, 388403.0, 400506.0, 401541.0, 619383.0, 654319.0, 677763.0, 677769.0, 677772.0, 677774.0, 677800.0, 677811.0, 677828.0, 677833.0, 677841.0, 692225.0, 767563.0, 767568.0, 767569.0, 767577.0, 767579.0, 767582.0, 767588.0, 767589.0, 767598.0, 100033443.0, 100033445.0, 100033451.0, 100033455.0, 100033460.0, 100033603.0, 100033800.0, 100033806.0, 100033813.0, 100033814.0, 100033818.0, 100036564.0, 100158262.0, 100873856.0, 109616970.0, 109616976.0 
GO:0032991 CC 1.30e-06 73/3408   519/15181 D01 protein-containing complex               330.0, 367.0, 718.0, 837.0, 842.0, 928.0, 1026.0, 1292.0, 1677.0, 2099.0, 2643.0, 2752.0, 4052.0, 4217.0, 4615.0, 4645.0, 4880.0, 4883.0, 4929.0, 5175.0, 5331.0, 6134.0, 6262.0, 6710.0, 6772.0, 6850.0, 6908.0, 7053.0, 8293.0, 8350.0, 8357.0, 8359.0, 8360.0, 8361.0, 8362.0, 8363.0, 8364.0, 8366.0, 8367.0, 8438.0, 8517.0, 8737.0, 8915.0, 9076.0, 9758.0, 10036.0, 10269.0, 10410.0, 10635.0, 11190.0, 22844.0, 29899.0, 50848.0, 51025.0, 55698.0, 56896.0, 58538.0, 64787.0, 80741.0, 83547.0, 84106.0, 84134.0, 84952.0, 92960.0, 93974.0, 117178.0, 169166.0, 223082.0, 286204.0, 389362.0, 494470.0, 728492.0, 100506658.0 
GO:0005813 CC 1.64e-05 72/3408   490/15181 D03 centrosome                               1021.0, 1107.0, 1663.0, 1815.0, 3397.0, 3834.0, 4172.0, 4296.0, 5324.0, 5693.0, 6566.0, 6790.0, 7516.0, 8086.0, 8556.0, 9493.0, 9639.0, 9696.0, 10046.0, 10464.0, 10769.0, 11004.0, 11190.0, 22809.0, 22832.0, 23194.0, 25886.0, 25897.0, 27175.0, 29899.0, 49856.0, 51199.0, 54902.0, 54903.0, 54930.0, 54970.0, 55212.0, 55835.0, 55857.0, 56647.0, 56852.0, 56890.0, 56954.0, 64072.0, 64770.0, 80071.0, 83987.0, 84084.0, 84221.0, 84930.0, 84984.0, 85459.0, 89891.0, 91978.0, 93343.0, 93594.0, 94032.0, 115106.0, 126520.0, 140578.0, 152206.0, 159686.0, 201163.0, 201255.0, 219621.0, 255758.0, 261734.0, 285025.0, 285753.0, 387119.0, 441054.0, 653784.0 
GO:0048471 CC 1.81e-05 94/3408   605/15181 D02 perinuclear region of cytoplasm          307.0, 347.0, 695.0, 900.0, 1033.0, 1113.0, 1116.0, 1192.0, 1267.0, 1889.0, 2009.0, 2039.0, 2044.0, 2185.0, 2195.0, 2572.0, 2635.0, 3688.0, 4067.0, 4085.0, 4172.0, 4504.0, 4599.0, 4745.0, 4843.0, 5138.0, 5251.0, 5336.0, 5578.0, 5727.0, 6284.0, 6285.0, 6507.0, 6547.0, 6772.0, 6790.0, 6860.0, 7018.0, 7037.0, 7099.0, 7159.0, 7164.0, 8572.0, 8614.0, 8692.0, 8851.0, 8854.0, 8864.0, 8915.0, 8934.0, 9026.0, 9051.0, 9404.0, 9478.0, 9618.0, 9748.0, 9961.0, 10021.0, 10410.0, 10970.0, 11075.0, 11155.0, 11190.0, 23405.0, 23545.0, 26052.0, 27141.0, 30846.0, 51191.0, 51673.0, 54514.0, 54602.0, 57407.0, 57447.0, 57698.0, 63979.0, 64423.0, 64848.0, 79658.0, 80142.0, 81544.0, 84957.0, 85415.0, 88455.0, 115827.0, 116841.0, 124093.0, 140578.0, 221074.0, 375298.0, 376267.0, 378884.0, 387849.0, 100131187.0 
GO:0016604 CC 3.36e-05 37/3408   290/15181 D02 nuclear body                             355.0, 648.0, 1026.0, 1894.0, 2313.0, 2846.0, 2872.0, 3899.0, 4722.0, 4796.0, 6606.0, 6607.0, 6672.0, 7174.0, 8556.0, 9443.0, 9572.0, 9894.0, 10046.0, 10114.0, 10346.0, 10699.0, 23300.0, 23582.0, 26277.0, 28996.0, 54494.0, 56852.0, 56978.0, 79760.0, 83444.0, 84851.0, 143570.0, 261734.0, 283489.0, 388962.0, 399818.0 
GO:1990904 CC 6.22e-05 13/3408   141/15181 D02 ribonucleoprotein complex                677.0, 3182.0, 6155.0, 6191.0, 6203.0, 7538.0, 7681.0, 8629.0, 23521.0, 26986.0, 79882.0, 80336.0, 84282.0 
GO:0001650 CC 6.23e-05 12/3408   133/15181 D02 fibrillar center                         31.0, 3815.0, 5435.0, 6150.0, 9618.0, 23583.0, 27301.0, 55127.0, 55249.0, 91543.0, 92521.0, 223082.0 
GO:0005789 CC 8.04e-05 141/3408   830/15181 D04 endoplasmic reticulum membrane           338.0, 391.0, 537.0, 745.0, 837.0, 920.0, 966.0, 1131.0, 1388.0, 1545.0, 1558.0, 1571.0, 1717.0, 2052.0, 2222.0, 2330.0, 2475.0, 2861.0, 3105.0, 3140.0, 3249.0, 3429.0, 3838.0, 4033.0, 4257.0, 4599.0, 4779.0, 4854.0, 5351.0, 5355.0, 5742.0, 5959.0, 6441.0, 6547.0, 6717.0, 6721.0, 6890.0, 6891.0, 7466.0, 7494.0, 8605.0, 8985.0, 9088.0, 9197.0, 9200.0, 9249.0, 9488.0, 9517.0, 9619.0, 10162.0, 10324.0, 10558.0, 10675.0, 10901.0, 10954.0, 10970.0, 10999.0, 11001.0, 22931.0, 23120.0, 23256.0, 23344.0, 23544.0, 23780.0, 26002.0, 26580.0, 27230.0, 27315.0, 29800.0, 29940.0, 50640.0, 51016.0, 51075.0, 51201.0, 51257.0, 51284.0, 51478.0, 51594.0, 51703.0, 54732.0, 54867.0, 54894.0, 54947.0, 55144.0, 55300.0, 55304.0, 56605.0, 56704.0, 57338.0, 57476.0, 57488.0, 57535.0, 57540.0, 57834.0, 64285.0, 64816.0, 64834.0, 66002.0, 79022.0, 79087.0, 79844.0, 79947.0, 80055.0, 80235.0, 80270.0, 81671.0, 83440.0, 83787.0, 83850.0, 84650.0, 84750.0, 84803.0, 84920.0, 89866.0, 91543.0, 93183.0, 93492.0, 94101.0, 112609.0, 114879.0, 116443.0, 129807.0, 140578.0, 145226.0, 147138.0, 151742.0, 153830.0, 154197.0, 157506.0, 195814.0, 196410.0, 196446.0, 202052.0, 204219.0, 219855.0, 284098.0, 285525.0, 388650.0, 408050.0, 729238.0, 111240474.0 
GO:0016363 CC 3.24e-04 11/3408   117/15181 D02 nuclear matrix                           790.0, 5422.0, 6041.0, 6678.0, 8089.0, 8507.0, 26277.0, 51412.0, 84148.0, 285643.0, 387103.0 
GO:0005635 CC 5.53e-04 20/3408   169/15181 D04 nuclear envelope                         274.0, 1192.0, 2475.0, 3429.0, 4033.0, 4745.0, 5422.0, 5733.0, 8086.0, 8605.0, 25777.0, 29057.0, 54491.0, 54894.0, 55329.0, 55613.0, 79902.0, 128866.0, 160492.0, 222236.0 
GO:0071013 CC 6.62e-04  7/3408    86/15181 D04 catalytic step 2 spliceosome             7307.0, 8175.0, 9785.0, 10450.0, 26986.0, 53938.0, 56949.0 
GO:0004930 MF 1.02e-09 70/3408   158/15181 D04 G protein-coupled receptor activity      134.0, 135.0, 136.0, 140.0, 147.0, 148.0, 150.0, 187.0, 719.0, 976.0, 1268.0, 1816.0, 1902.0, 1903.0, 1951.0, 2532.0, 2826.0, 2845.0, 2846.0, 2847.0, 2849.0, 2857.0, 2859.0, 2861.0, 2925.0, 3269.0, 4157.0, 4923.0, 4935.0, 4986.0, 4987.0, 4988.0, 4992.0, 5031.0, 5995.0, 6751.0, 6752.0, 6753.0, 7434.0, 9170.0, 9283.0, 9289.0, 10161.0, 10314.0, 10886.0, 10888.0, 10936.0, 11250.0, 11251.0, 23432.0, 23620.0, 26246.0, 50838.0, 50839.0, 55890.0, 57121.0, 81466.0, 84059.0, 118442.0, 259289.0, 259291.0, 259293.0, 259294.0, 259295.0, 283383.0, 338557.0, 343171.0, 401994.0, 440435.0, 653160.0 
GO:0005201 MF 1.11e-09 46/3408    88/15181 D02 extracellular matrix structural constituent 165.0, 176.0, 920.0, 1116.0, 1278.0, 1282.0, 1284.0, 1285.0, 1286.0, 1287.0, 1289.0, 1296.0, 1297.0, 1301.0, 1893.0, 3371.0, 3490.0, 3491.0, 3908.0, 3914.0, 3915.0, 4052.0, 4053.0, 4147.0, 4240.0, 5549.0, 6678.0, 7057.0, 7058.0, 8292.0, 8425.0, 10875.0, 22795.0, 25890.0, 50509.0, 50939.0, 78987.0, 79812.0, 80144.0, 83872.0, 85301.0, 91522.0, 157869.0, 169044.0, 340267.0, 375790.0 
GO:0030020 MF 5.05e-05 17/3408    30/15181 D03 extracellular matrix structural constituent conferring tensile strength 1278.0, 1282.0, 1284.0, 1285.0, 1286.0, 1287.0, 1289.0, 1292.0, 1293.0, 1294.0, 1296.0, 1297.0, 1301.0, 50509.0, 85301.0, 91522.0, 340267.0 
GO:0005509 MF 9.87e-05 152/3408   511/15181 D05 calcium ion binding                      249.0, 279.0, 306.0, 307.0, 308.0, 313.0, 793.0, 794.0, 824.0, 828.0, 844.0, 976.0, 1003.0, 1006.0, 1462.0, 1463.0, 1824.0, 1951.0, 1953.0, 2009.0, 2195.0, 2643.0, 2979.0, 3339.0, 3949.0, 4023.0, 4036.0, 4052.0, 4053.0, 4147.0, 4745.0, 4854.0, 5097.0, 5167.0, 5168.0, 5322.0, 5330.0, 5331.0, 5333.0, 5530.0, 5646.0, 5957.0, 5979.0, 6262.0, 6284.0, 6285.0, 6585.0, 6678.0, 6717.0, 6860.0, 7053.0, 7056.0, 7057.0, 7058.0, 7060.0, 7092.0, 7123.0, 7171.0, 7447.0, 8029.0, 8291.0, 8425.0, 8605.0, 8851.0, 8938.0, 9362.0, 9478.0, 9806.0, 10235.0, 10382.0, 22795.0, 23007.0, 23075.0, 23166.0, 23213.0, 23344.0, 26256.0, 27445.0, 28513.0, 28514.0, 29904.0, 29957.0, 30820.0, 30846.0, 50856.0, 50859.0, 51199.0, 51661.0, 51760.0, 54550.0, 54567.0, 54798.0, 54825.0, 54885.0, 54947.0, 56102.0, 56103.0, 56109.0, 56112.0, 56128.0, 56131.0, 56133.0, 56137.0, 56138.0, 56143.0, 56146.0, 56147.0, 56624.0, 56975.0, 57488.0, 57526.0, 57586.0, 57758.0, 60437.0, 63826.0, 63926.0, 64072.0, 64405.0, 64420.0, 64800.0, 65989.0, 78987.0, 78989.0, 79057.0, 79180.0, 79633.0, 79645.0, 79825.0, 80258.0, 80267.0, 83394.0, 83543.0, 83849.0, 83850.0, 83872.0, 84059.0, 84288.0, 85477.0, 91860.0, 114780.0, 140576.0, 147372.0, 162494.0, 219621.0, 286204.0, 374786.0, 375790.0, 388677.0, 440279.0, 728113.0, 100130771.0, 100137049.0 
GO:0005515 MF 1.72e-54 1807/3408  9777/15181 D02 protein binding                          2.0, 31.0, 33.0, 47.0, 58.0, 94.0, 102.0, 134.0, 135.0, 136.0, 147.0, 148.0, 150.0, 157.0, 175.0, 176.0, 187.0, 191.0, 246.0, 249.0, 262.0, 268.0, 274.0, 284.0, 285.0, 307.0, 308.0, 313.0, 321.0, 330.0, 338.0, 341.0, 347.0, 348.0, 353.0, 355.0, 358.0, 364.0, 367.0, 391.0, 393.0, 429.0, 443.0, 445.0, 483.0, 501.0, 533.0, 537.0, 567.0, 570.0, 573.0, 580.0, 648.0, 655.0, 677.0, 685.0, 695.0, 699.0, 712.0, 713.0, 718.0, 747.0, 754.0, 760.0, 767.0, 779.0, 793.0, 816.0, 824.0, 837.0, 840.0, 842.0, 844.0, 861.0, 871.0, 900.0, 920.0, 925.0, 928.0, 929.0, 948.0, 953.0, 958.0, 966.0, 967.0, 976.0, 1003.0, 1021.0, 1026.0, 1033.0, 1039.0, 1062.0, 1107.0, 1116.0, 1124.0, 1131.0, 1137.0, 1138.0, 1155.0, 1159.0, 1160.0, 1164.0, 1192.0, 1201.0, 1267.0, 1268.0, 1278.0, 1282.0, 1284.0, 1285.0, 1289.0, 1292.0, 1294.0, 1297.0, 1363.0, 1375.0, 1388.0, 1441.0, 1455.0, 1462.0, 1466.0, 1468.0, 1471.0, 1491.0, 1495.0, 1515.0, 1519.0, 1534.0, 1545.0, 1558.0, 1612.0, 1628.0, 1645.0, 1663.0, 1674.0, 1677.0, 1687.0, 1717.0, 1725.0, 1728.0, 1731.0, 1763.0, 1789.0, 1794.0, 1806.0, 1807.0, 1809.0, 1815.0, 1816.0, 1824.0, 1832.0, 1843.0, 1854.0, 1876.0, 1889.0, 1893.0, 1894.0, 1902.0, 1903.0, 1946.0, 1948.0, 1951.0, 1953.0, 1958.0, 1961.0, 1964.0, 2009.0, 2012.0, 2018.0, 2021.0, 2029.0, 2038.0, 2039.0, 2052.0, 2057.0, 2065.0, 2099.0, 2104.0, 2110.0, 2119.0, 2160.0, 2170.0, 2173.0, 2185.0, 2195.0, 2212.0, 2218.0, 2222.0, 2246.0, 2261.0, 2264.0, 2277.0, 2302.0, 2313.0, 2321.0, 2324.0, 2353.0, 2354.0, 2444.0, 2475.0, 2519.0, 2537.0, 2553.0, 2572.0, 2635.0, 2643.0, 2650.0, 2660.0, 2670.0, 2710.0, 2737.0, 2752.0, 2774.0, 2778.0, 2784.0, 2786.0, 2790.0, 2791.0, 2826.0, 2861.0, 2872.0, 2935.0, 2947.0, 2948.0, 2979.0, 2982.0, 3006.0, 3012.0, 3018.0, 3024.0, 3028.0, 3043.0, 3070.0, 3073.0, 3075.0, 3081.0, 3082.0, 3098.0, 3105.0, 3106.0, 3107.0, 3108.0, 3109.0, 3111.0, 3115.0, 3140.0, 3142.0, 3149.0, 3164.0, 3182.0, 3249.0, 3306.0, 3315.0, 3339.0, 3344.0, 3356.0, 3371.0, 3385.0, 3394.0, 3397.0, 3428.0, 3429.0, 3434.0, 3437.0, 3481.0, 3486.0, 3487.0, 3490.0, 3491.0, 3547.0, 3554.0, 3566.0, 3587.0, 3590.0, 3598.0, 3611.0, 3635.0, 3663.0, 3672.0, 3674.0, 3676.0, 3687.0, 3688.0, 3700.0, 3702.0, 3726.0, 3739.0, 3749.0, 3752.0, 3753.0, 3759.0, 3763.0, 3767.0, 3785.0, 3815.0, 3818.0, 3821.0, 3824.0, 3838.0, 3903.0, 3914.0, 3949.0, 3958.0, 3964.0, 3991.0, 4004.0, 4005.0, 4013.0, 4023.0, 4034.0, 4036.0, 4052.0, 4053.0, 4062.0, 4067.0, 4072.0, 4085.0, 4093.0, 4129.0, 4145.0, 4147.0, 4157.0, 4170.0, 4172.0, 4174.0, 4175.0, 4176.0, 4217.0, 4257.0, 4261.0, 4267.0, 4296.0, 4303.0, 4330.0, 4353.0, 4355.0, 4360.0, 4361.0, 4435.0, 4438.0, 4481.0, 4487.0, 4494.0, 4495.0, 4499.0, 4504.0, 4509.0, 4521.0, 4535.0, 4537.0, 4547.0, 4599.0, 4600.0, 4613.0, 4615.0, 4645.0, 4647.0, 4671.0, 4683.0, 4703.0, 4704.0, 4722.0, 4728.0, 4745.0, 4752.0, 4758.0, 4779.0, 4792.0, 4796.0, 4807.0, 4828.0, 4833.0, 4835.0, 4843.0, 4846.0, 4854.0, 4860.0, 4868.0, 4882.0, 4883.0, 4887.0, 4907.0, 4919.0, 4923.0, 4929.0, 4935.0, 4938.0, 4940.0, 4953.0, 4986.0, 4987.0, 4988.0, 5027.0, 5028.0, 5031.0, 5074.0, 5096.0, 5106.0, 5138.0, 5140.0, 5160.0, 5167.0, 5170.0, 5175.0, 5207.0, 5208.0, 5210.0, 5223.0, 5224.0, 5251.0, 5271.0, 5272.0, 5276.0, 5292.0, 5293.0, 5300.0, 5303.0, 5330.0, 5331.0, 5333.0, 5336.0, 5351.0, 5354.0, 5355.0, 5375.0, 5376.0, 5393.0, 5394.0, 5395.0, 5422.0, 5468.0, 5480.0, 5507.0, 5530.0, 5533.0, 5554.0, 5557.0, 5571.0, 5575.0, 5578.0, 5592.0, 5598.0, 5600.0, 5613.0, 5646.0, 5662.0, 5693.0, 5702.0, 5708.0, 5711.0, 5720.0, 5727.0, 5742.0, 5747.0, 5774.0, 5787.0, 5789.0, 5817.0, 5819.0, 5829.0, 5873.0, 5878.0, 5890.0, 5899.0, 5912.0, 5916.0, 5918.0, 5935.0, 5950.0, 5961.0, 5973.0, 5979.0, 5980.0, 5992.0, 5995.0, 5997.0, 6035.0, 6041.0, 6046.0, 6091.0, 6119.0, 6133.0, 6134.0, 6150.0, 6155.0, 6158.0, 6181.0, 6182.0, 6191.0, 6203.0, 6231.0, 6234.0, 6262.0, 6284.0, 6285.0, 6299.0, 6324.0, 6334.0, 6341.0, 6387.0, 6389.0, 6404.0, 6419.0, 6441.0, 6468.0, 6470.0, 6507.0, 6515.0, 6527.0, 6566.0, 6580.0, 6584.0, 6585.0, 6591.0, 6606.0, 6607.0, 6609.0, 6624.0, 6631.0, 6648.0, 6672.0, 6678.0, 6688.0, 6693.0, 6710.0, 6717.0, 6721.0, 6750.0, 6751.0, 6752.0, 6753.0, 6772.0, 6776.0, 6781.0, 6790.0, 6795.0, 6799.0, 6804.0, 6838.0, 6850.0, 6860.0, 6865.0, 6876.0, 6879.0, 6886.0, 6890.0, 6891.0, 6900.0, 6908.0, 6920.0, 6936.0, 6991.0, 7010.0, 7018.0, 7030.0, 7037.0, 7042.0, 7048.0, 7056.0, 7057.0, 7058.0, 7060.0, 7070.0, 7076.0, 7097.0, 7099.0, 7122.0, 7138.0, 7159.0, 7164.0, 7170.0, 7171.0, 7174.0, 7185.0, 7186.0, 7264.0, 7267.0, 7268.0, 7277.0, 7286.0, 7289.0, 7295.0, 7307.0, 7320.0, 7351.0, 7352.0, 7357.0, 7391.0, 7409.0, 7447.0, 7466.0, 7494.0, 7516.0, 7525.0, 7538.0, 7564.0, 7582.0, 7633.0, 7681.0, 7711.0, 7718.0, 7730.0, 7791.0, 7818.0, 7849.0, 7923.0, 7975.0, 8029.0, 8045.0, 8073.0, 8086.0, 8089.0, 8153.0, 8175.0, 8187.0, 8192.0, 8214.0, 8226.0, 8266.0, 8269.0, 8291.0, 8292.0, 8293.0, 8334.0, 8335.0, 8339.0, 8350.0, 8357.0, 8359.0, 8360.0, 8361.0, 8362.0, 8363.0, 8364.0, 8366.0, 8367.0, 8372.0, 8407.0, 8412.0, 8425.0, 8436.0, 8438.0, 8449.0, 8458.0, 8499.0, 8503.0, 8507.0, 8517.0, 8543.0, 8544.0, 8546.0, 8556.0, 8557.0, 8572.0, 8605.0, 8623.0, 8629.0, 8646.0, 8665.0, 8692.0, 8737.0, 8743.0, 8751.0, 8774.0, 8828.0, 8832.0, 8851.0, 8857.0, 8864.0, 8884.0, 8905.0, 8906.0, 8911.0, 8915.0, 8934.0, 8938.0, 8972.0, 8985.0, 8995.0, 9015.0, 9019.0, 9025.0, 9026.0, 9051.0, 9054.0, 9055.0, 9060.0, 9071.0, 9076.0, 9088.0, 9097.0, 9098.0, 9110.0, 9138.0, 9170.0, 9200.0, 9232.0, 9246.0, 9252.0, 9283.0, 9289.0, 9314.0, 9315.0, 9332.0, 9355.0, 9362.0, 9382.0, 9401.0, 9403.0, 9404.0, 9414.0, 9425.0, 9443.0, 9448.0, 9452.0, 9455.0, 9466.0, 9478.0, 9493.0, 9501.0, 9545.0, 9547.0, 9557.0, 9564.0, 9568.0, 9572.0, 9595.0, 9607.0, 9618.0, 9619.0, 9636.0, 9637.0, 9639.0, 9652.0, 9672.0, 9683.0, 9696.0, 9697.0, 9699.0, 9710.0, 9741.0, 9748.0, 9758.0, 9767.0, 9785.0, 9792.0, 9806.0, 9812.0, 9844.0, 9858.0, 9894.0, 9899.0, 9902.0, 9903.0, 9906.0, 9917.0, 9922.0, 9923.0, 9924.0, 9928.0, 9933.0, 9935.0, 9936.0, 9940.0, 9949.0, 9961.0, 10000.0, 10003.0, 10008.0, 10036.0, 10044.0, 10062.0, 10069.0, 10095.0, 10100.0, 10106.0, 10131.0, 10135.0, 10161.0, 10171.0, 10172.0, 10219.0, 10226.0, 10229.0, 10233.0, 10242.0, 10247.0, 10253.0, 10257.0, 10266.0, 10269.0, 10309.0, 10314.0, 10324.0, 10326.0, 10333.0, 10346.0, 10360.0, 10361.0, 10381.0, 10382.0, 10385.0, 10389.0, 10410.0, 10450.0, 10451.0, 10457.0, 10458.0, 10459.0, 10464.0, 10466.0, 10501.0, 10507.0, 10529.0, 10558.0, 10561.0, 10566.0, 10591.0, 10607.0, 10608.0, 10620.0, 10628.0, 10630.0, 10635.0, 10643.0, 10666.0, 10668.0, 10675.0, 10678.0, 10681.0, 10686.0, 10699.0, 10749.0, 10758.0, 10769.0, 10776.0, 10804.0, 10811.0, 10841.0, 10855.0, 10859.0, 10863.0, 10882.0, 10894.0, 10924.0, 10950.0, 10954.0, 10970.0, 10979.0, 10981.0, 10993.0, 11004.0, 11006.0, 11031.0, 11033.0, 11069.0, 11075.0, 11118.0, 11119.0, 11136.0, 11147.0, 11155.0, 11157.0, 11170.0, 11184.0, 11186.0, 11190.0, 11197.0, 11200.0, 11221.0, 11230.0, 11234.0, 11237.0, 11250.0, 11272.0, 11341.0, 22795.0, 22797.0, 22808.0, 22809.0, 22829.0, 22832.0, 22844.0, 22849.0, 22874.0, 22909.0, 22931.0, 22949.0, 22950.0, 22974.0, 22977.0, 23075.0, 23099.0, 23113.0, 23117.0, 23120.0, 23125.0, 23166.0, 23170.0, 23178.0, 23189.0, 23194.0, 23216.0, 23221.0, 23229.0, 23234.0, 23256.0, 23283.0, 23300.0, 23303.0, 23318.0, 23326.0, 23339.0, 23344.0, 23355.0, 23396.0, 23405.0, 23412.0, 23414.0, 23416.0, 23421.0, 23432.0, 23433.0, 23475.0, 23531.0, 23545.0, 23554.0, 23558.0, 23582.0, 23583.0, 23585.0, 23593.0, 23603.0, 23604.0, 23616.0, 23643.0, 23657.0, 23658.0, 23704.0, 23764.0, 23780.0, 23786.0, 24139.0, 25759.0, 25777.0, 25791.0, 25797.0, 25825.0, 25827.0, 25839.0, 25847.0, 25849.0, 25865.0, 25870.0, 25885.0, 25886.0, 25897.0, 25917.0, 25920.0, 25939.0, 26002.0, 26052.0, 26063.0, 26071.0, 26092.0, 26145.0, 26147.0, 26150.0, 26152.0, 26153.0, 26206.0, 26270.0, 26277.0, 26287.0, 26469.0, 26508.0, 26511.0, 26580.0, 26762.0, 26973.0, 26986.0, 27111.0, 27123.0, 27128.0, 27141.0, 27143.0, 27156.0, 27181.0, 27230.0, 27232.0, 27295.0, 27297.0, 27301.0, 27315.0, 27341.0, 27345.0, 28514.0, 28990.0, 28996.0, 29028.0, 29057.0, 29074.0, 29094.0, 29103.0, 29106.0, 29126.0, 29760.0, 29800.0, 29841.0, 29843.0, 29894.0, 29899.0, 29906.0, 29925.0, 29946.0, 29990.0, 29994.0, 30813.0, 30820.0, 30834.0, 30846.0, 30849.0, 49856.0, 50511.0, 50512.0, 50617.0, 50839.0, 50848.0, 50944.0, 51016.0, 51025.0, 51027.0, 51030.0, 51071.0, 51074.0, 51075.0, 51110.0, 51129.0, 51131.0, 51148.0, 51149.0, 51171.0, 51181.0, 51191.0, 51192.0, 51199.0, 51218.0, 51233.0, 51248.0, 51257.0, 51259.0, 51284.0, 51285.0, 51291.0, 51312.0, 51317.0, 51324.0, 51364.0, 51367.0, 51375.0, 51393.0, 51397.0, 51411.0, 51427.0, 51473.0, 51477.0, 51522.0, 51527.0, 51531.0, 51534.0, 51548.0, 51594.0, 51601.0, 51605.0, 51606.0, 51634.0, 51643.0, 51657.0, 51661.0, 51703.0, 51741.0, 51760.0, 51807.0, 53340.0, 53827.0, 53829.0, 53832.0, 53938.0, 54065.0, 54103.0, 54221.0, 54434.0, 54491.0, 54502.0, 54532.0, 54543.0, 54549.0, 54550.0, 54567.0, 54602.0, 54732.0, 54769.0, 54796.0, 54809.0, 54815.0, 54825.0, 54842.0, 54865.0, 54883.0, 54885.0, 54887.0, 54894.0, 54902.0, 54903.0, 54910.0, 54918.0, 54930.0, 54932.0, 54938.0, 54947.0, 54951.0, 54957.0, 54958.0, 54962.0, 54974.0, 54981.0, 54998.0, 55007.0, 55051.0, 55055.0, 55062.0, 55070.0, 55117.0, 55124.0, 55127.0, 55130.0, 55138.0, 55144.0, 55149.0, 55150.0, 55170.0, 55171.0, 55191.0, 55208.0, 55210.0, 55212.0, 55222.0, 55223.0, 55224.0, 55231.0, 55240.0, 55244.0, 55249.0, 55251.0, 55276.0, 55278.0, 55280.0, 55282.0, 55304.0, 55315.0, 55325.0, 55329.0, 55352.0, 55353.0, 55357.0, 55471.0, 55502.0, 55540.0, 55558.0, 55592.0, 55613.0, 55619.0, 55620.0, 55672.0, 55681.0, 55690.0, 55698.0, 55713.0, 55715.0, 55719.0, 55740.0, 55760.0, 55764.0, 55775.0, 55798.0, 55805.0, 55806.0, 55812.0, 55835.0, 55857.0, 55871.0, 55901.0, 55909.0, 55974.0, 56034.0, 56155.0, 56181.0, 56241.0, 56262.0, 56301.0, 56605.0, 56647.0, 56704.0, 56852.0, 56890.0, 56896.0, 56898.0, 56911.0, 56931.0, 56942.0, 56949.0, 56950.0, 56952.0, 56971.0, 56975.0, 56978.0, 56990.0, 57026.0, 57105.0, 57110.0, 57116.0, 57139.0, 57176.0, 57185.0, 57222.0, 57332.0, 57338.0, 57381.0, 57407.0, 57447.0, 57463.0, 57488.0, 57491.0, 57505.0, 57528.0, 57536.0, 57556.0, 57580.0, 57610.0, 57654.0, 57658.0, 57678.0, 57698.0, 57715.0, 57718.0, 57730.0, 57758.0, 57761.0, 57804.0, 57826.0, 57834.0, 58475.0, 58476.0, 58480.0, 58488.0, 58494.0, 58504.0, 58538.0, 59307.0, 60401.0, 60437.0, 60491.0, 60672.0, 63826.0, 63926.0, 63976.0, 63979.0, 64072.0, 64105.0, 64231.0, 64284.0, 64285.0, 64332.0, 64399.0, 64423.0, 64518.0, 64581.0, 64714.0, 64750.0, 64770.0, 64780.0, 64782.0, 64787.0, 64834.0, 64848.0, 64849.0, 64854.0, 64866.0, 64926.0, 64963.0, 64978.0, 64983.0, 65108.0, 65109.0, 65258.0, 65999.0, 66002.0, 78987.0, 78989.0, 78998.0, 79003.0, 79022.0, 79026.0, 79075.0, 79095.0, 79149.0, 79173.0, 79363.0, 79364.0, 79443.0, 79447.0, 79585.0, 79611.0, 79622.0, 79633.0, 79658.0, 79663.0, 79666.0, 79673.0, 79674.0, 79682.0, 79738.0, 79744.0, 79745.0, 79752.0, 79760.0, 79778.0, 79805.0, 79810.0, 79812.0, 79839.0, 79841.0, 79844.0, 79866.0, 79873.0, 79882.0, 79895.0, 79901.0, 79902.0, 79947.0, 79979.0, 79986.0, 80142.0, 80222.0, 80258.0, 80270.0, 80317.0, 80328.0, 80342.0, 80350.0, 80726.0, 80774.0, 80820.0, 81544.0, 81617.0, 81629.0, 81671.0, 81793.0, 83394.0, 83444.0, 83450.0, 83461.0, 83463.0, 83538.0, 83547.0, 83590.0, 83595.0, 83640.0, 83659.0, 83692.0, 83693.0, 83714.0, 83733.0, 83850.0, 83853.0, 83872.0, 83874.0, 83892.0, 83931.0, 83985.0, 83987.0, 83990.0, 84002.0, 84034.0, 84059.0, 84063.0, 84071.0, 84072.0, 84073.0, 84078.0, 84084.0, 84100.0, 84105.0, 84106.0, 84148.0, 84168.0, 84215.0, 84221.0, 84269.0, 84278.0, 84281.0, 84282.0, 84283.0, 84296.0, 84306.0, 84314.0, 84332.0, 84417.0, 84433.0, 84527.0, 84561.0, 84617.0, 84628.0, 84645.0, 84680.0, 84687.0, 84696.0, 84705.0, 84722.0, 84727.0, 84733.0, 84790.0, 84807.0, 84836.0, 84858.0, 84875.0, 84881.0, 84897.0, 84920.0, 84929.0, 84950.0, 84952.0, 84957.0, 84958.0, 84976.0, 84984.0, 84996.0, 85007.0, 85016.0, 85027.0, 85313.0, 85352.0, 85363.0, 85395.0, 85441.0, 87769.0, 89765.0, 89832.0, 89866.0, 89876.0, 89891.0, 90102.0, 90416.0, 90417.0, 90557.0, 90589.0, 90637.0, 91156.0, 91419.0, 91522.0, 91543.0, 91544.0, 91574.0, 91607.0, 91749.0, 91768.0, 91947.0, 92283.0, 92565.0, 92960.0, 93099.0, 93100.0, 93129.0, 93343.0, 93426.0, 93974.0, 94097.0, 94101.0, 94121.0, 94122.0, 94233.0, 112476.0, 112483.0, 112609.0, 112752.0, 113146.0, 113246.0, 113452.0, 113510.0, 113828.0, 113829.0, 114548.0, 114757.0, 114798.0, 114824.0, 114897.0, 114899.0, 114904.0, 114971.0, 115106.0, 115123.0, 115207.0, 115294.0, 115827.0, 115948.0, 116028.0, 116138.0, 116225.0, 116441.0, 116443.0, 116541.0, 116832.0, 116841.0, 116985.0, 117155.0, 117178.0, 117246.0, 117289.0, 118442.0, 118738.0, 118924.0, 119391.0, 120224.0, 121793.0, 123606.0, 123803.0, 124411.0, 124997.0, 125058.0, 126003.0, 126133.0, 126282.0, 126375.0, 126433.0, 126868.0, 127255.0, 127665.0, 127829.0, 128153.0, 128344.0, 128853.0, 128866.0, 129807.0, 130574.0, 130916.0, 131566.0, 132001.0, 132014.0, 132671.0, 132851.0, 133022.0, 134121.0, 134187.0, 134285.0, 134429.0, 134701.0, 136051.0, 140576.0, 140578.0, 140767.0, 140803.0, 140823.0, 142679.0, 143458.0, 144233.0, 144245.0, 144811.0, 145226.0, 146433.0, 146705.0, 146845.0, 147138.0, 147372.0, 147687.0, 148156.0, 148252.0, 148932.0, 149840.0, 150590.0, 150864.0, 151242.0, 151393.0, 151651.0, 152015.0, 152206.0, 153328.0, 154075.0, 154467.0, 155054.0, 155368.0, 157310.0, 157506.0, 157697.0, 157777.0, 157807.0, 158067.0, 158326.0, 158787.0, 158866.0, 159686.0, 160140.0, 160428.0, 161198.0, 161253.0, 161502.0, 161882.0, 162681.0, 162968.0, 163227.0, 163702.0, 164684.0, 166793.0, 167681.0, 167838.0, 168544.0, 169166.0, 169270.0, 170082.0, 170261.0, 170685.0, 170850.0, 192668.0, 195814.0, 196051.0, 196264.0, 196792.0, 196883.0, 196996.0, 197258.0, 197320.0, 197335.0, 199221.0, 199920.0, 200132.0, 200424.0, 201163.0, 201164.0, 201254.0, 201255.0, 201456.0, 201780.0, 201799.0, 201973.0, 202151.0, 202243.0, 202559.0, 203228.0, 204219.0, 205251.0, 206358.0, 219402.0, 219621.0, 220108.0, 220202.0, 220441.0, 220972.0, 221421.0, 221472.0, 221687.0, 221914.0, 222389.0, 222662.0, 222696.0, 222698.0, 245711.0, 246176.0, 253314.0, 253639.0, 253714.0, 253769.0, 254295.0, 254827.0, 255101.0, 255394.0, 255488.0, 255758.0, 256227.0, 256309.0, 256691.0, 257169.0, 257194.0, 259173.0, 259294.0, 261734.0, 266743.0, 283131.0, 283219.0, 283383.0, 283459.0, 283489.0, 283726.0, 283807.0, 283847.0, 283985.0, 284058.0, 284076.0, 284111.0, 284184.0, 284338.0, 284390.0, 285025.0, 285093.0, 285141.0, 285220.0, 285315.0, 285590.0, 285753.0, 286077.0, 286204.0, 286257.0, 286343.0, 286464.0, 286826.0, 317671.0, 339122.0, 339390.0, 339416.0, 339448.0, 339804.0, 339834.0, 340277.0, 340348.0, 340547.0, 340596.0, 341019.0, 341640.0, 342132.0, 342372.0, 342908.0, 343263.0, 344787.0, 345079.0, 348174.0, 349334.0, 353322.0, 374407.0, 374887.0, 375033.0, 375307.0, 375790.0, 376267.0, 376497.0, 378708.0, 378884.0, 387103.0, 387849.0, 388121.0, 388335.0, 388336.0, 388372.0, 388403.0, 388677.0, 388695.0, 388962.0, 389084.0, 389524.0, 389791.0, 399947.0, 400506.0, 401494.0, 401541.0, 401647.0, 401994.0, 407738.0, 408050.0, 408263.0, 415116.0, 440097.0, 440295.0, 440435.0, 440503.0, 440603.0, 441150.0, 441168.0, 441478.0, 493829.0, 494470.0, 497661.0, 548596.0, 554251.0, 613212.0, 642273.0, 642938.0, 647309.0, 653140.0, 653247.0, 653319.0, 653784.0, 728047.0, 728492.0, 728568.0, 729238.0, 768211.0, 100129583.0, 100130086.0, 100131997.0, 100132074.0, 100137047.0, 100287171.0, 100506658.0, 100507436.0, 100529215.0, 101059938.0, 101060321.0, 101928601.0, 102724023.0, 111240474.0 
GO:0003723 MF 1.67e-27 146/3408  1302/15181 D04 RNA binding                              445.0, 580.0, 677.0, 871.0, 1107.0, 1267.0, 1495.0, 1728.0, 1763.0, 1787.0, 1832.0, 1854.0, 1964.0, 2935.0, 3006.0, 3028.0, 3105.0, 3149.0, 3182.0, 3315.0, 3428.0, 3434.0, 3437.0, 3838.0, 3958.0, 5303.0, 5393.0, 5394.0, 5822.0, 5935.0, 6041.0, 6133.0, 6134.0, 6150.0, 6155.0, 6158.0, 6182.0, 6191.0, 6192.0, 6203.0, 6218.0, 6231.0, 6234.0, 6606.0, 6607.0, 6624.0, 6631.0, 6688.0, 6838.0, 7037.0, 7295.0, 7307.0, 7538.0, 7681.0, 7791.0, 7818.0, 8175.0, 8187.0, 8359.0, 8360.0, 8361.0, 8362.0, 8363.0, 8364.0, 8366.0, 8367.0, 8449.0, 9138.0, 9785.0, 9933.0, 10131.0, 10247.0, 10360.0, 10361.0, 10450.0, 10607.0, 10635.0, 10643.0, 10749.0, 10970.0, 11157.0, 22849.0, 23283.0, 23318.0, 23405.0, 23521.0, 23536.0, 23658.0, 25917.0, 25920.0, 25939.0, 26986.0, 26995.0, 27341.0, 29106.0, 51096.0, 51191.0, 51605.0, 51634.0, 54456.0, 54502.0, 54514.0, 54865.0, 54938.0, 55124.0, 55127.0, 55149.0, 55760.0, 56267.0, 56647.0, 56931.0, 57535.0, 60528.0, 64778.0, 64848.0, 64963.0, 64983.0, 65109.0, 79026.0, 79810.0, 79882.0, 80336.0, 83480.0, 83640.0, 84128.0, 84881.0, 84950.0, 85313.0, 85441.0, 92797.0, 115207.0, 116541.0, 117246.0, 118460.0, 122402.0, 126789.0, 140576.0, 144983.0, 150590.0, 154197.0, 255101.0, 280636.0, 317781.0, 388115.0, 400506.0, 102724159.0 
GO:0046872 MF 8.13e-09 345/3408  1971/15181 D04 metal ion binding                        31.0, 47.0, 94.0, 102.0, 107.0, 176.0, 280.0, 285.0, 330.0, 443.0, 580.0, 677.0, 695.0, 747.0, 779.0, 1026.0, 1124.0, 1278.0, 1289.0, 1297.0, 1301.0, 1466.0, 1534.0, 1663.0, 1763.0, 1789.0, 1806.0, 1815.0, 1961.0, 2110.0, 2222.0, 2737.0, 2769.0, 2774.0, 2778.0, 2872.0, 3043.0, 3081.0, 3422.0, 3486.0, 3672.0, 3674.0, 3676.0, 3682.0, 3687.0, 3688.0, 3702.0, 3752.0, 3815.0, 3978.0, 4004.0, 4005.0, 4093.0, 4242.0, 4353.0, 4494.0, 4495.0, 4499.0, 4504.0, 4521.0, 4671.0, 4728.0, 4752.0, 4833.0, 4843.0, 4907.0, 4938.0, 4940.0, 5136.0, 5137.0, 5140.0, 5158.0, 5324.0, 5445.0, 5446.0, 5533.0, 5649.0, 5742.0, 5829.0, 5980.0, 6041.0, 6299.0, 6507.0, 6511.0, 6547.0, 6591.0, 6890.0, 6891.0, 7048.0, 7267.0, 7307.0, 7409.0, 7538.0, 7561.0, 7564.0, 7582.0, 7633.0, 7652.0, 7681.0, 7691.0, 7711.0, 7712.0, 7718.0, 7730.0, 7762.0, 7769.0, 7791.0, 8001.0, 8187.0, 8225.0, 8226.0, 8438.0, 8515.0, 8516.0, 8517.0, 8543.0, 8544.0, 8572.0, 8751.0, 8828.0, 8927.0, 9054.0, 9088.0, 9110.0, 9331.0, 9355.0, 9404.0, 9501.0, 9699.0, 9767.0, 9917.0, 9923.0, 9924.0, 10003.0, 10106.0, 10156.0, 10172.0, 10229.0, 10269.0, 10451.0, 10668.0, 10739.0, 10780.0, 10863.0, 11033.0, 11155.0, 11200.0, 22869.0, 23099.0, 23113.0, 23300.0, 23355.0, 23405.0, 23527.0, 23536.0, 23576.0, 25809.0, 25865.0, 25870.0, 25897.0, 26145.0, 26147.0, 26149.0, 26152.0, 26872.0, 27295.0, 29940.0, 29994.0, 50614.0, 51131.0, 51218.0, 51291.0, 51317.0, 51333.0, 51364.0, 51427.0, 51559.0, 54796.0, 54807.0, 54815.0, 54857.0, 54894.0, 54932.0, 54981.0, 54988.0, 55124.0, 55240.0, 55316.0, 55351.0, 55713.0, 55748.0, 55790.0, 55806.0, 55893.0, 56852.0, 56931.0, 56950.0, 56953.0, 56978.0, 57116.0, 57232.0, 57546.0, 57593.0, 57615.0, 57658.0, 58480.0, 60528.0, 63976.0, 64581.0, 64780.0, 64789.0, 64854.0, 64943.0, 79149.0, 79364.0, 79443.0, 79642.0, 79666.0, 79673.0, 79744.0, 79778.0, 79882.0, 79901.0, 79947.0, 79986.0, 80032.0, 80144.0, 80317.0, 80774.0, 81035.0, 83440.0, 83444.0, 83990.0, 84100.0, 84148.0, 84168.0, 84215.0, 84282.0, 84436.0, 84527.0, 84627.0, 84671.0, 84858.0, 84874.0, 84922.0, 84929.0, 85301.0, 85416.0, 85441.0, 89846.0, 90338.0, 90589.0, 91120.0, 91419.0, 91543.0, 92283.0, 93100.0, 93589.0, 94121.0, 94122.0, 113835.0, 115209.0, 116225.0, 116985.0, 117608.0, 118738.0, 121274.0, 124637.0, 125893.0, 126375.0, 127665.0, 135152.0, 136051.0, 137872.0, 139735.0, 140803.0, 146050.0, 147687.0, 148156.0, 148206.0, 148213.0, 148932.0, 151313.0, 151742.0, 154197.0, 155054.0, 155185.0, 158326.0, 161823.0, 161882.0, 162655.0, 162968.0, 163227.0, 166793.0, 168544.0, 169270.0, 170685.0, 170692.0, 171019.0, 196883.0, 197320.0, 199221.0, 200035.0, 201164.0, 220441.0, 221472.0, 221687.0, 222696.0, 223082.0, 253639.0, 254295.0, 255488.0, 282890.0, 283489.0, 283755.0, 284076.0, 284106.0, 284390.0, 285498.0, 285643.0, 317671.0, 340385.0, 341350.0, 341640.0, 341676.0, 342132.0, 342908.0, 344787.0, 359948.0, 374899.0, 378884.0, 388403.0, 388523.0, 388536.0, 388561.0, 404281.0, 442117.0, 442319.0, 654254.0, 729288.0, 730087.0, 100129543.0, 100137047.0, 100529215.0, 110116772.0 
GO:0003677 MF 1.97e-06 115/3408   740/15181 D04 DNA binding                              677.0, 1107.0, 1663.0, 1677.0, 1763.0, 1789.0, 1958.0, 2119.0, 2302.0, 2313.0, 2354.0, 3012.0, 3018.0, 3164.0, 3726.0, 3978.0, 4172.0, 4176.0, 4303.0, 4361.0, 4438.0, 4613.0, 4929.0, 5303.0, 5395.0, 5422.0, 5435.0, 5468.0, 5890.0, 5915.0, 5916.0, 5980.0, 6419.0, 6648.0, 6672.0, 6838.0, 6920.0, 6936.0, 7494.0, 7538.0, 7849.0, 8187.0, 8334.0, 8335.0, 8339.0, 8342.0, 8350.0, 8357.0, 8359.0, 8360.0, 8361.0, 8362.0, 8363.0, 8364.0, 8366.0, 8367.0, 8458.0, 8629.0, 9015.0, 9204.0, 9933.0, 10062.0, 10388.0, 10620.0, 10635.0, 10732.0, 23014.0, 23075.0, 23405.0, 23414.0, 23583.0, 25885.0, 26147.0, 26298.0, 27301.0, 29800.0, 29994.0, 50511.0, 51085.0, 51317.0, 54962.0, 55893.0, 56978.0, 64789.0, 78989.0, 79075.0, 79986.0, 80142.0, 80317.0, 80820.0, 83990.0, 84627.0, 84733.0, 85441.0, 91748.0, 113510.0, 116028.0, 116447.0, 118738.0, 128312.0, 157777.0, 161725.0, 161882.0, 201254.0, 204219.0, 222389.0, 246721.0, 285643.0, 286826.0, 378708.0, 387103.0, 389206.0, 389524.0, 440097.0, 440689.0 
GO:0003682 MF 1.58e-05 48/3408   357/15181 D02 chromatin binding                        367.0, 429.0, 1107.0, 1164.0, 1663.0, 2099.0, 2313.0, 2353.0, 2737.0, 3070.0, 4353.0, 4435.0, 5422.0, 5468.0, 5916.0, 6046.0, 6591.0, 6688.0, 6886.0, 9025.0, 9355.0, 9425.0, 10036.0, 10360.0, 10361.0, 10389.0, 10463.0, 22809.0, 23125.0, 25885.0, 26147.0, 29028.0, 51149.0, 51317.0, 51412.0, 51548.0, 55170.0, 57658.0, 80317.0, 83990.0, 84733.0, 116138.0, 117608.0, 201973.0, 222698.0, 378708.0, 647309.0, 100170841.0 
GO:0003729 MF 1.74e-05 20/3408   192/15181 D05 mRNA binding                             677.0, 1719.0, 3182.0, 6231.0, 6631.0, 7538.0, 8629.0, 9683.0, 9933.0, 10247.0, 10450.0, 10643.0, 22950.0, 23283.0, 23521.0, 54502.0, 55124.0, 65109.0, 202559.0, 222183.0 
GO:0003714 MF 3.79e-05 17/3408   169/15181 D03 transcription corepressor activity       1789.0, 5074.0, 8804.0, 9425.0, 10346.0, 23414.0, 26145.0, 28996.0, 51548.0, 54361.0, 57761.0, 84215.0, 84875.0, 91748.0, 161882.0, 195814.0, 359948.0 
GO:0031625 MF 4.19e-05 35/3408   277/15181 D05 ubiquitin protein ligase binding         573.0, 958.0, 1026.0, 1734.0, 2065.0, 2185.0, 2861.0, 4067.0, 4157.0, 4792.0, 5899.0, 6790.0, 7185.0, 7186.0, 7320.0, 7466.0, 8517.0, 8737.0, 8915.0, 9025.0, 9246.0, 9618.0, 9636.0, 10628.0, 11078.0, 11200.0, 23113.0, 23766.0, 55070.0, 55353.0, 55719.0, 56852.0, 57761.0, 643246.0, 100287171.0 
GO:0003712 MF 4.45e-05 10/3408   122/15181 D02 transcription coregulator activity       5829.0, 8544.0, 9404.0, 23125.0, 55249.0, 55806.0, 57658.0, 63976.0, 79364.0, 84148.0 
GO:0047485 MF 5.18e-05  6/3408    94/15181 D03 protein N-terminus binding               3397.0, 4683.0, 4923.0, 6804.0, 8153.0, 23256.0 
GO:0045296 MF 6.31e-05 38/3408   290/15181 D04 cadherin binding                         1003.0, 1006.0, 1192.0, 1495.0, 2125.0, 3688.0, 4361.0, 4854.0, 5331.0, 5787.0, 6231.0, 6624.0, 6772.0, 8350.0, 8357.0, 8407.0, 8851.0, 9414.0, 9748.0, 10226.0, 23075.0, 28513.0, 50848.0, 53827.0, 54443.0, 55357.0, 57488.0, 57698.0, 60437.0, 64072.0, 64405.0, 64787.0, 79026.0, 79180.0, 81624.0, 83874.0, 90102.0, 128866.0 
GO:0042393 MF 1.00e-04 16/3408   156/15181 D03 histone binding                          1107.0, 1164.0, 4796.0, 5763.0, 6772.0, 8089.0, 9025.0, 9960.0, 10360.0, 10361.0, 10389.0, 23234.0, 29028.0, 55170.0, 55352.0, 84148.0 
