GO:0006955 BP 1.80e-09 61/3007   147/15181 D02 immune response                          567.0, 654.0, 714.0, 715.0, 718.0, 920.0, 925.0, 942.0, 1075.0, 1240.0, 1524.0, 2214.0, 2533.0, 3106.0, 3107.0, 3113.0, 3119.0, 3122.0, 3140.0, 3274.0, 3394.0, 3554.0, 3556.0, 3588.0, 3603.0, 3717.0, 4261.0, 4277.0, 4783.0, 4860.0, 4986.0, 5167.0, 5272.0, 5294.0, 5724.0, 5818.0, 6387.0, 6693.0, 7057.0, 7096.0, 7097.0, 7099.0, 7409.0, 7494.0, 8744.0, 8764.0, 8862.0, 9466.0, 9641.0, 10261.0, 10333.0, 10346.0, 10410.0, 10561.0, 11251.0, 23533.0, 57007.0, 57105.0, 80328.0, 81793.0, 100507436.0 
GO:0006954 BP 1.94e-08 78/3007   215/15181 D04 inflammatory response                    134.0, 140.0, 199.0, 650.0, 654.0, 658.0, 718.0, 719.0, 720.0, 721.0, 837.0, 960.0, 1240.0, 1436.0, 1536.0, 2353.0, 2532.0, 2687.0, 3055.0, 3269.0, 3339.0, 3373.0, 3428.0, 3487.0, 3554.0, 3556.0, 3588.0, 3663.0, 3689.0, 3815.0, 4261.0, 4282.0, 4671.0, 4843.0, 4973.0, 5294.0, 5588.0, 5724.0, 5737.0, 5742.0, 5919.0, 6335.0, 6696.0, 6863.0, 6869.0, 7040.0, 7057.0, 7096.0, 7097.0, 7099.0, 7132.0, 7857.0, 9473.0, 10100.0, 10333.0, 10758.0, 11315.0, 22900.0, 23166.0, 23643.0, 23765.0, 51284.0, 53342.0, 55655.0, 57413.0, 64581.0, 79792.0, 81793.0, 84695.0, 84807.0, 84868.0, 115362.0, 122618.0, 132014.0, 150372.0, 153090.0, 388372.0, 100137049.0 
GO:0007186 BP 3.30e-07 88/3007   266/15181 D05 G protein-coupled receptor signaling pathway 134.0, 136.0, 140.0, 148.0, 150.0, 152.0, 183.0, 187.0, 334.0, 718.0, 719.0, 1131.0, 1240.0, 1524.0, 1906.0, 2532.0, 2784.0, 2786.0, 2790.0, 2791.0, 2847.0, 2849.0, 2857.0, 2859.0, 2925.0, 3269.0, 3643.0, 3710.0, 3717.0, 4887.0, 4923.0, 4992.0, 4995.0, 5028.0, 5031.0, 5140.0, 5294.0, 5332.0, 5724.0, 5737.0, 5777.0, 5995.0, 6001.0, 6004.0, 6272.0, 6387.0, 6750.0, 7409.0, 7855.0, 8323.0, 8324.0, 8590.0, 8644.0, 8787.0, 8938.0, 9170.0, 9293.0, 9607.0, 9628.0, 10266.0, 10267.0, 10287.0, 10886.0, 11214.0, 11251.0, 23533.0, 23620.0, 50831.0, 50839.0, 53829.0, 54112.0, 57007.0, 57121.0, 57512.0, 64123.0, 64805.0, 81466.0, 84435.0, 94233.0, 259289.0, 259291.0, 259292.0, 259294.0, 284339.0, 343171.0, 388372.0, 391190.0, 401994.0 
GO:0031284 BP 4.65e-07  9/3007     9/15181 D11 positive regulation of guanylate cyclase activity 136.0, 2978.0, 2979.0, 4842.0, 4843.0, 4846.0, 5957.0, 23413.0, 118142757.0 
GO:0032729 BP 2.65e-06 23/3007    45/15181 D08 positive regulation of interferon-gamma production 3113.0, 3115.0, 3394.0, 3554.0, 3717.0, 7098.0, 7099.0, 7474.0, 7784.0, 7855.0, 8140.0, 9466.0, 10125.0, 10666.0, 10859.0, 11118.0, 11119.0, 26191.0, 51284.0, 54440.0, 64581.0, 80381.0, 84868.0 
GO:0002250 BP 5.59e-06 35/3007    84/15181 D03 adaptive immune response                 639.0, 695.0, 920.0, 925.0, 942.0, 1512.0, 1524.0, 3106.0, 3107.0, 3108.0, 3109.0, 3111.0, 3113.0, 3115.0, 3119.0, 3122.0, 3717.0, 3903.0, 4277.0, 5294.0, 6850.0, 6890.0, 6891.0, 8764.0, 8832.0, 10859.0, 11006.0, 11119.0, 25865.0, 27242.0, 54795.0, 81622.0, 84868.0, 89790.0, 387357.0 
GO:0007200 BP 6.24e-06 19/3007    35/15181 D06 phospholipase C-activating G protein-coupled receptor signaling pathway 148.0, 183.0, 719.0, 1240.0, 1524.0, 2925.0, 3269.0, 3356.0, 4883.0, 4986.0, 4988.0, 5028.0, 5031.0, 6869.0, 7052.0, 23620.0, 51196.0, 55107.0, 64805.0 
GO:0001525 BP 6.67e-06 59/3007   171/15181 D03 angiogenesis                             187.0, 688.0, 841.0, 1296.0, 1545.0, 2191.0, 2254.0, 2321.0, 2335.0, 2752.0, 3339.0, 3397.0, 3674.0, 3678.0, 3953.0, 4814.0, 4846.0, 5140.0, 5154.0, 5294.0, 5578.0, 5613.0, 6303.0, 6850.0, 6886.0, 7075.0, 7127.0, 7410.0, 7453.0, 7476.0, 7494.0, 7855.0, 7857.0, 8828.0, 8862.0, 10203.0, 10266.0, 10267.0, 10451.0, 10519.0, 22846.0, 23129.0, 23251.0, 25865.0, 51129.0, 51162.0, 54922.0, 56005.0, 57007.0, 57381.0, 64344.0, 80781.0, 81575.0, 83478.0, 83854.0, 153090.0, 169044.0, 219699.0, 221981.0 
GO:0045766 BP 1.29e-05 39/3007   101/15181 D07 positive regulation of angiogenesis      187.0, 672.0, 694.0, 718.0, 719.0, 1003.0, 1139.0, 1512.0, 1524.0, 1536.0, 1545.0, 2152.0, 2247.0, 2277.0, 2321.0, 3082.0, 3315.0, 3373.0, 3687.0, 4814.0, 4846.0, 5578.0, 5740.0, 7048.0, 7057.0, 7075.0, 7098.0, 7101.0, 7474.0, 7494.0, 8038.0, 9037.0, 10266.0, 23576.0, 25865.0, 51129.0, 56005.0, 84034.0, 147372.0 
GO:0002503 BP 1.74e-05  8/3007     9/15181 D07 peptide antigen assembly with MHC class II protein complex 567.0, 3108.0, 3109.0, 3111.0, 3113.0, 3115.0, 3119.0, 3122.0 
GO:0002381 BP 1.74e-05  8/3007     9/15181 D07 immunoglobulin production involved in immunoglobulin-mediated immune response 567.0, 3108.0, 3109.0, 3111.0, 3113.0, 3115.0, 3119.0, 3122.0 
GO:0032755 BP 1.86e-05 27/3007    62/15181 D08 positive regulation of interleukin-6 production 136.0, 199.0, 972.0, 3556.0, 3603.0, 4023.0, 4615.0, 4843.0, 5603.0, 5724.0, 6850.0, 7096.0, 7097.0, 7098.0, 7099.0, 7474.0, 7494.0, 8692.0, 10333.0, 23765.0, 51284.0, 53342.0, 64135.0, 64170.0, 64581.0, 113277.0, 114900.0 
GO:0007166 BP 3.26e-05 46/3007   130/15181 D05 cell surface receptor signaling pathway  154.0, 183.0, 330.0, 920.0, 925.0, 942.0, 1132.0, 1796.0, 1906.0, 1908.0, 1956.0, 2064.0, 2212.0, 2214.0, 2740.0, 2847.0, 3554.0, 3597.0, 3623.0, 3707.0, 3953.0, 4282.0, 4615.0, 5028.0, 5595.0, 5788.0, 6693.0, 6750.0, 8764.0, 8795.0, 9466.0, 10203.0, 10261.0, 10379.0, 11033.0, 23620.0, 23643.0, 23765.0, 51466.0, 58475.0, 64123.0, 64231.0, 65078.0, 84435.0, 127943.0, 284021.0 
GO:0043406 BP 3.40e-05 25/3007    57/15181 D12 positive regulation of MAP kinase activity 150.0, 1815.0, 1906.0, 1908.0, 1956.0, 2064.0, 2247.0, 2321.0, 2690.0, 3356.0, 3643.0, 3815.0, 4282.0, 5154.0, 5294.0, 5788.0, 6091.0, 7040.0, 7057.0, 7099.0, 8654.0, 10125.0, 11214.0, 23533.0, 80310.0 
GO:0032760 BP 5.65e-05 30/3007    75/15181 D09 positive regulation of tumor necrosis factor production 1536.0, 1652.0, 2214.0, 3315.0, 3717.0, 4023.0, 4282.0, 4615.0, 4939.0, 5724.0, 5788.0, 6693.0, 6850.0, 7057.0, 7096.0, 7097.0, 7098.0, 7099.0, 7474.0, 7855.0, 8832.0, 10125.0, 23643.0, 54440.0, 64135.0, 64170.0, 64581.0, 84868.0, 113277.0, 114900.0 
GO:0051764 BP 5.69e-05  9/3007    12/15181 D06 actin crosslink formation                199.0, 1809.0, 2059.0, 2620.0, 3936.0, 10458.0, 80115.0, 246176.0, 283431.0 
GO:0009617 BP 6.43e-05 22/3007    48/15181 D05 response to bacterium                    650.0, 718.0, 1571.0, 2277.0, 2289.0, 2519.0, 4023.0, 4781.0, 4843.0, 5836.0, 6332.0, 8029.0, 10458.0, 10561.0, 11145.0, 55008.0, 55026.0, 55636.0, 56999.0, 79132.0, 89857.0, 115362.0 
GO:0050829 BP 6.72e-05 14/3007    25/15181 D07 defense response to Gram-negative bacterium 920.0, 1113.0, 3140.0, 4843.0, 5919.0, 7099.0, 8764.0, 54209.0, 79792.0, 85236.0, 140823.0, 219972.0, 284297.0, 646627.0 
GO:0043410 BP 7.20e-05 40/3007   112/15181 D08 positive regulation of MAPK cascade      134.0, 148.0, 150.0, 152.0, 154.0, 238.0, 242.0, 650.0, 920.0, 972.0, 975.0, 1139.0, 2046.0, 2064.0, 2247.0, 2321.0, 2915.0, 3082.0, 3481.0, 3487.0, 3489.0, 3643.0, 3717.0, 3815.0, 5154.0, 5788.0, 6657.0, 7043.0, 7805.0, 8558.0, 8826.0, 9607.0, 11184.0, 23566.0, 25759.0, 51196.0, 56005.0, 57161.0, 113277.0, 153090.0 
GO:0010951 BP 7.30e-05 26/3007    62/15181 D10 negative regulation of endopeptidase activity 2.0, 183.0, 334.0, 684.0, 710.0, 718.0, 720.0, 721.0, 871.0, 1293.0, 5272.0, 5274.0, 5276.0, 5918.0, 5973.0, 6695.0, 7077.0, 9806.0, 10406.0, 27344.0, 51232.0, 58189.0, 80760.0, 89932.0, 135228.0, 340267.0 
GO:0050729 BP 7.34e-05 24/3007    56/15181 D07 positive regulation of inflammatory response 183.0, 837.0, 1050.0, 1636.0, 1652.0, 3603.0, 3717.0, 4023.0, 4192.0, 4671.0, 4814.0, 5138.0, 5603.0, 7097.0, 7098.0, 7099.0, 7132.0, 7474.0, 7784.0, 8692.0, 9111.0, 23765.0, 51284.0, 81793.0 
GO:0042742 BP 1.01e-04 22/3007    50/15181 D06 defense response to bacterium            1113.0, 1690.0, 3394.0, 4615.0, 4671.0, 4843.0, 4939.0, 5580.0, 6693.0, 6850.0, 7098.0, 7099.0, 7132.0, 10333.0, 11096.0, 23166.0, 79792.0, 81035.0, 116842.0, 140823.0, 219972.0, 100507436.0 
GO:0042130 BP 1.19e-04 14/3007    26/15181 D09 negative regulation of T cell proliferation 942.0, 5074.0, 5777.0, 6385.0, 6693.0, 8654.0, 9231.0, 10457.0, 10859.0, 11006.0, 27242.0, 53833.0, 84868.0, 339390.0 
GO:0070374 BP 1.22e-04 44/3007   128/15181 D09 positive regulation of ERK1 and ERK2 cascade 59.0, 148.0, 409.0, 650.0, 920.0, 960.0, 972.0, 1139.0, 1436.0, 1652.0, 1956.0, 2247.0, 2264.0, 2651.0, 3084.0, 3356.0, 3383.0, 4282.0, 4988.0, 5028.0, 5031.0, 5154.0, 5322.0, 5578.0, 5595.0, 5609.0, 5788.0, 7040.0, 7099.0, 10125.0, 10347.0, 10457.0, 10519.0, 10979.0, 25865.0, 26191.0, 26281.0, 54209.0, 54550.0, 57007.0, 64170.0, 80310.0, 84868.0, 388372.0 
GO:0032731 BP 1.22e-04 17/3007    35/15181 D09 positive regulation of interleukin-1 beta production 841.0, 3315.0, 3428.0, 3717.0, 4023.0, 4615.0, 4671.0, 7099.0, 7474.0, 7855.0, 10333.0, 22900.0, 55655.0, 64581.0, 79792.0, 113277.0, 115362.0 
GO:0043161 BP 5.44e-08 10/3007   182/15181 D09 proteasome-mediated ubiquitin-dependent protein catabolic process 409.0, 5693.0, 6502.0, 9618.0, 10475.0, 84727.0, 117584.0, 283514.0, 283807.0, 493829.0 
GO:0016567 BP 2.88e-07 41/3007   398/15181 D09 protein ubiquitination                   330.0, 409.0, 672.0, 7318.0, 7347.0, 7737.0, 8450.0, 9442.0, 9443.0, 9781.0, 9903.0, 10324.0, 10346.0, 10475.0, 10739.0, 23024.0, 23066.0, 26232.0, 29116.0, 51191.0, 51257.0, 55008.0, 55521.0, 57654.0, 81603.0, 83461.0, 84727.0, 84851.0, 91947.0, 112950.0, 115123.0, 126433.0, 142684.0, 220441.0, 221687.0, 283219.0, 283514.0, 283755.0, 283807.0, 284996.0, 493829.0 
GO:0006511 BP 4.59e-07 16/3007   216/15181 D08 ubiquitin-dependent protein catabolic process 7267.0, 7347.0, 7494.0, 7706.0, 9098.0, 9246.0, 9781.0, 29116.0, 51191.0, 55008.0, 84727.0, 117584.0, 124739.0, 154214.0, 283219.0, 284996.0 
GO:0050821 BP 2.33e-06 13/3007   184/15181 D04 protein stabilization                    5203.0, 5580.0, 6201.0, 7466.0, 8613.0, 10471.0, 11200.0, 11315.0, 51616.0, 55742.0, 84515.0, 126074.0, 728489.0 
GO:0006281 BP 4.09e-06 19/3007   224/15181 D07 DNA repair                               672.0, 1643.0, 1663.0, 2175.0, 3978.0, 4798.0, 7516.0, 7737.0, 9401.0, 9557.0, 10036.0, 10721.0, 11315.0, 22909.0, 51149.0, 83444.0, 116028.0, 126549.0, 378708.0 
GO:0000209 BP 1.58e-05 11/3007   154/15181 D10 protein polyubiquitination               596.0, 672.0, 865.0, 1643.0, 9246.0, 9781.0, 10346.0, 10475.0, 57161.0, 151112.0, 154214.0 
GO:0006397 BP 1.58e-05 11/3007   154/15181 D08 mRNA processing                          105.0, 2334.0, 7307.0, 8458.0, 26995.0, 55051.0, 55544.0, 55796.0, 144983.0, 282996.0, 494115.0 
GO:0000398 BP 1.63e-05 14/3007   178/15181 D11 mRNA splicing, via spliceosome           4809.0, 4858.0, 6936.0, 7307.0, 7737.0, 8449.0, 11157.0, 51634.0, 51690.0, 53938.0, 55280.0, 57819.0, 79622.0, 84950.0 
GO:0008380 BP 2.24e-05 12/3007   160/15181 D08 RNA splicing                             2334.0, 7307.0, 8449.0, 8458.0, 11157.0, 55051.0, 55544.0, 55796.0, 79622.0, 144983.0, 282996.0, 494115.0 
GO:0005576 CC 1.57e-24 319/3007   956/15181 D02 extracellular region                     2.0, 165.0, 183.0, 230.0, 240.0, 268.0, 272.0, 279.0, 308.0, 313.0, 338.0, 341.0, 419.0, 567.0, 590.0, 633.0, 650.0, 655.0, 683.0, 685.0, 710.0, 712.0, 713.0, 714.0, 715.0, 718.0, 720.0, 721.0, 837.0, 925.0, 957.0, 1075.0, 1113.0, 1286.0, 1290.0, 1291.0, 1292.0, 1293.0, 1296.0, 1297.0, 1299.0, 1301.0, 1325.0, 1404.0, 1441.0, 1512.0, 1604.0, 1636.0, 1690.0, 1774.0, 1794.0, 1906.0, 1908.0, 2006.0, 2051.0, 2160.0, 2162.0, 2202.0, 2247.0, 2254.0, 2264.0, 2277.0, 2335.0, 2444.0, 2519.0, 2622.0, 2690.0, 2760.0, 2878.0, 3043.0, 3082.0, 3083.0, 3084.0, 3250.0, 3339.0, 3371.0, 3481.0, 3485.0, 3486.0, 3487.0, 3489.0, 3490.0, 3491.0, 3547.0, 3554.0, 3556.0, 3598.0, 3603.0, 3623.0, 3625.0, 3908.0, 3909.0, 3953.0, 3959.0, 4023.0, 4062.0, 4192.0, 4282.0, 4745.0, 4811.0, 4814.0, 4855.0, 4860.0, 4880.0, 4885.0, 4973.0, 5154.0, 5173.0, 5322.0, 5342.0, 5343.0, 5360.0, 5445.0, 5549.0, 5552.0, 5580.0, 5646.0, 5649.0, 5654.0, 5737.0, 5744.0, 5764.0, 5768.0, 5777.0, 5818.0, 5836.0, 5919.0, 5950.0, 6051.0, 6277.0, 6281.0, 6285.0, 6387.0, 6414.0, 6422.0, 6678.0, 6696.0, 6750.0, 6813.0, 6863.0, 7038.0, 7040.0, 7043.0, 7057.0, 7058.0, 7060.0, 7077.0, 7123.0, 7132.0, 7373.0, 7473.0, 7474.0, 7476.0, 7784.0, 7873.0, 8038.0, 8350.0, 8361.0, 8363.0, 8365.0, 8366.0, 8367.0, 8407.0, 8425.0, 8701.0, 8804.0, 8828.0, 8862.0, 9332.0, 9358.0, 9388.0, 9423.0, 9588.0, 9806.0, 9961.0, 10272.0, 10319.0, 10699.0, 10718.0, 10859.0, 10863.0, 10875.0, 11061.0, 11096.0, 11167.0, 11174.0, 11197.0, 11249.0, 22854.0, 22925.0, 23052.0, 23418.0, 23593.0, 23643.0, 23765.0, 25797.0, 25840.0, 25890.0, 26256.0, 26281.0, 26577.0, 28514.0, 29106.0, 30010.0, 50509.0, 51129.0, 51162.0, 51192.0, 51232.0, 51411.0, 51705.0, 54209.0, 55203.0, 55328.0, 55540.0, 55811.0, 56147.0, 56624.0, 56884.0, 57214.0, 57493.0, 58191.0, 58485.0, 59271.0, 59272.0, 59277.0, 60495.0, 60676.0, 63827.0, 64388.0, 64399.0, 64847.0, 78989.0, 79057.0, 79154.0, 79792.0, 80217.0, 80301.0, 80310.0, 80328.0, 80741.0, 80760.0, 80781.0, 81575.0, 81577.0, 83440.0, 83539.0, 83643.0, 83706.0, 83853.0, 84034.0, 84293.0, 84570.0, 84695.0, 84735.0, 84870.0, 89790.0, 89932.0, 91461.0, 92949.0, 93100.0, 116372.0, 116842.0, 123872.0, 126147.0, 127731.0, 128434.0, 129080.0, 129530.0, 131450.0, 132014.0, 135228.0, 136853.0, 146183.0, 152330.0, 157869.0, 158326.0, 162681.0, 163479.0, 167681.0, 169044.0, 170692.0, 196463.0, 196792.0, 201294.0, 203190.0, 207063.0, 219972.0, 221806.0, 221981.0, 222008.0, 225689.0, 255631.0, 257194.0, 283316.0, 284656.0, 285313.0, 286256.0, 338645.0, 339479.0, 340267.0, 340419.0, 341350.0, 374946.0, 375704.0, 375790.0, 387758.0, 388677.0, 390940.0, 401115.0, 402665.0, 440348.0, 646627.0, 653247.0, 653308.0, 728464.0, 729238.0, 768206.0, 100137049.0 
GO:0005615 CC 6.39e-24 269/3007   770/15181 D02 extracellular space                      2.0, 58.0, 59.0, 60.0, 165.0, 183.0, 240.0, 268.0, 279.0, 338.0, 567.0, 590.0, 633.0, 650.0, 654.0, 655.0, 685.0, 710.0, 714.0, 715.0, 718.0, 720.0, 721.0, 871.0, 957.0, 1073.0, 1075.0, 1113.0, 1192.0, 1286.0, 1290.0, 1291.0, 1292.0, 1293.0, 1296.0, 1297.0, 1299.0, 1301.0, 1325.0, 1512.0, 1519.0, 1636.0, 1652.0, 1809.0, 1906.0, 1908.0, 1956.0, 2054.0, 2152.0, 2160.0, 2162.0, 2191.0, 2202.0, 2214.0, 2247.0, 2254.0, 2257.0, 2277.0, 2321.0, 2335.0, 2519.0, 2660.0, 2662.0, 2690.0, 2878.0, 3043.0, 3082.0, 3083.0, 3084.0, 3140.0, 3250.0, 3315.0, 3339.0, 3371.0, 3373.0, 3383.0, 3481.0, 3485.0, 3486.0, 3487.0, 3489.0, 3490.0, 3598.0, 3601.0, 3603.0, 3623.0, 3625.0, 3815.0, 3936.0, 3959.0, 3964.0, 4023.0, 4242.0, 4277.0, 4282.0, 4693.0, 4880.0, 5122.0, 5154.0, 5167.0, 5272.0, 5274.0, 5276.0, 5360.0, 5420.0, 5549.0, 5552.0, 5646.0, 5649.0, 5654.0, 5740.0, 5744.0, 5764.0, 5768.0, 5918.0, 5919.0, 5950.0, 6051.0, 6281.0, 6285.0, 6422.0, 6425.0, 6585.0, 6609.0, 6652.0, 6678.0, 6693.0, 6695.0, 6696.0, 6750.0, 6781.0, 6863.0, 7038.0, 7040.0, 7043.0, 7056.0, 7057.0, 7060.0, 7077.0, 7089.0, 7098.0, 7123.0, 7127.0, 7132.0, 7373.0, 7473.0, 7474.0, 7476.0, 7784.0, 7857.0, 7873.0, 8425.0, 8614.0, 8744.0, 8804.0, 8857.0, 8862.0, 9111.0, 9388.0, 9478.0, 9588.0, 9607.0, 10082.0, 10220.0, 10272.0, 10404.0, 10406.0, 10495.0, 10500.0, 10637.0, 10718.0, 10875.0, 10882.0, 11096.0, 11167.0, 11341.0, 22846.0, 23213.0, 23234.0, 23255.0, 23263.0, 23643.0, 25890.0, 25987.0, 26002.0, 26281.0, 27344.0, 29074.0, 50509.0, 51129.0, 51162.0, 51192.0, 51435.0, 53342.0, 54414.0, 55258.0, 55328.0, 55959.0, 56005.0, 56241.0, 56999.0, 57453.0, 58189.0, 58191.0, 59272.0, 60343.0, 64093.0, 64131.0, 64388.0, 78989.0, 79006.0, 79792.0, 79812.0, 79990.0, 80031.0, 80310.0, 80328.0, 80350.0, 80763.0, 80781.0, 81035.0, 83854.0, 84570.0, 84695.0, 84929.0, 85236.0, 91522.0, 114899.0, 114900.0, 114904.0, 114990.0, 116135.0, 116173.0, 127435.0, 135228.0, 137902.0, 147138.0, 147372.0, 147381.0, 150356.0, 151449.0, 159686.0, 169044.0, 169611.0, 203228.0, 205428.0, 255631.0, 283310.0, 283659.0, 284297.0, 286256.0, 340267.0, 342035.0, 348174.0, 353500.0, 375567.0, 388372.0, 392617.0, 402117.0, 441381.0, 442915.0, 645191.0, 646627.0, 693175.0, 729238.0, 100037417.0, 100126317.0, 100302150.0, 100507436.0 
GO:0062023 CC 2.04e-13 94/3007   231/15181 D04 collagen-containing extracellular matrix 2.0, 165.0, 183.0, 307.0, 308.0, 633.0, 655.0, 710.0, 712.0, 713.0, 714.0, 871.0, 1075.0, 1286.0, 1290.0, 1291.0, 1292.0, 1293.0, 1296.0, 1297.0, 1299.0, 1301.0, 1404.0, 1512.0, 1690.0, 2006.0, 2152.0, 2162.0, 2202.0, 2335.0, 2662.0, 3339.0, 3371.0, 3383.0, 3490.0, 3491.0, 3908.0, 3909.0, 3959.0, 4192.0, 4693.0, 4811.0, 5272.0, 5359.0, 5549.0, 5654.0, 5919.0, 6277.0, 6281.0, 6387.0, 6422.0, 6678.0, 7040.0, 7043.0, 7052.0, 7057.0, 7058.0, 7060.0, 7077.0, 7123.0, 7373.0, 7474.0, 7784.0, 8425.0, 8728.0, 10082.0, 10875.0, 11096.0, 23213.0, 25890.0, 50509.0, 51129.0, 51162.0, 51435.0, 56999.0, 79812.0, 79875.0, 80144.0, 80760.0, 80781.0, 83854.0, 84034.0, 84570.0, 84695.0, 84929.0, 91522.0, 127435.0, 150356.0, 157869.0, 255631.0, 284297.0, 340267.0, 375790.0, 439921.0 
GO:0005887 CC 5.56e-10 253/3007   898/15181 D04 integral component of plasma membrane    113.0, 114.0, 134.0, 136.0, 140.0, 148.0, 150.0, 152.0, 154.0, 187.0, 238.0, 719.0, 783.0, 920.0, 925.0, 960.0, 963.0, 975.0, 977.0, 1131.0, 1132.0, 1138.0, 1139.0, 1140.0, 1240.0, 1268.0, 1436.0, 1441.0, 1524.0, 1536.0, 1815.0, 1816.0, 1956.0, 2046.0, 2051.0, 2064.0, 2152.0, 2195.0, 2212.0, 2214.0, 2264.0, 2321.0, 2559.0, 2565.0, 2567.0, 2690.0, 2697.0, 2740.0, 2847.0, 2857.0, 2859.0, 2915.0, 2918.0, 2925.0, 3036.0, 3071.0, 3084.0, 3106.0, 3107.0, 3113.0, 3122.0, 3249.0, 3269.0, 3274.0, 3356.0, 3363.0, 3383.0, 3385.0, 3554.0, 3556.0, 3587.0, 3588.0, 3643.0, 3710.0, 3737.0, 3767.0, 3815.0, 4267.0, 4360.0, 4481.0, 4855.0, 4868.0, 4883.0, 4887.0, 4923.0, 4973.0, 4986.0, 4988.0, 4995.0, 5028.0, 5031.0, 5167.0, 5359.0, 5420.0, 5724.0, 5737.0, 5754.0, 5788.0, 5789.0, 5800.0, 5961.0, 5995.0, 6091.0, 6094.0, 6335.0, 6385.0, 6404.0, 6511.0, 6518.0, 6536.0, 6546.0, 6563.0, 6578.0, 6579.0, 6581.0, 6693.0, 6751.0, 6869.0, 7048.0, 7056.0, 7075.0, 7096.0, 7097.0, 7098.0, 7099.0, 7132.0, 7225.0, 7805.0, 7855.0, 8323.0, 8613.0, 8832.0, 8912.0, 8987.0, 9127.0, 9170.0, 9194.0, 9293.0, 9308.0, 9311.0, 9332.0, 9369.0, 9466.0, 10071.0, 10100.0, 10161.0, 10203.0, 10261.0, 10266.0, 10267.0, 10333.0, 10457.0, 10500.0, 10630.0, 10666.0, 10718.0, 10867.0, 10886.0, 10894.0, 11120.0, 11251.0, 11255.0, 22829.0, 23129.0, 23166.0, 23531.0, 23566.0, 23620.0, 23765.0, 25780.0, 26872.0, 27242.0, 27253.0, 28514.0, 28968.0, 29990.0, 50801.0, 51293.0, 51310.0, 51393.0, 53832.0, 53833.0, 54112.0, 54209.0, 54407.0, 54510.0, 54795.0, 55107.0, 55117.0, 55515.0, 55540.0, 55558.0, 55879.0, 56112.0, 56113.0, 56114.0, 56128.0, 56129.0, 56143.0, 56145.0, 56147.0, 56262.0, 56301.0, 56479.0, 56606.0, 56624.0, 56659.0, 57105.0, 57413.0, 57537.0, 57657.0, 60401.0, 64065.0, 64123.0, 64241.0, 64399.0, 65078.0, 79905.0, 79948.0, 79953.0, 80031.0, 81793.0, 81796.0, 84063.0, 84570.0, 89832.0, 90139.0, 91653.0, 92211.0, 94233.0, 117247.0, 123041.0, 126321.0, 127943.0, 129293.0, 131096.0, 133418.0, 140803.0, 144195.0, 144448.0, 147138.0, 147495.0, 163702.0, 196883.0, 284021.0, 284656.0, 339390.0, 387700.0, 441168.0, 441631.0, 653160.0, 100130733.0, 100507436.0 
GO:0005581 CC 6.42e-09 24/3007    38/15181 D02 collagen trimer                          712.0, 713.0, 714.0, 1292.0, 1296.0, 4481.0, 7373.0, 10882.0, 51435.0, 78989.0, 80781.0, 81035.0, 84034.0, 84570.0, 91522.0, 114899.0, 114904.0, 129080.0, 147372.0, 169044.0, 255631.0, 340267.0, 342035.0, 729238.0 
GO:0009897 CC 9.09e-09 66/3007   170/15181 D03 external side of plasma membrane         308.0, 567.0, 920.0, 925.0, 942.0, 972.0, 1003.0, 1441.0, 1524.0, 1636.0, 2214.0, 2690.0, 3140.0, 3383.0, 3554.0, 3597.0, 3598.0, 3643.0, 3655.0, 3674.0, 3678.0, 3680.0, 3682.0, 3687.0, 3689.0, 3815.0, 3953.0, 4217.0, 4277.0, 4481.0, 5788.0, 6387.0, 6693.0, 7048.0, 7056.0, 7057.0, 7099.0, 8515.0, 8516.0, 8764.0, 8832.0, 9308.0, 9332.0, 9466.0, 9936.0, 10159.0, 10384.0, 10385.0, 10495.0, 10666.0, 10859.0, 11118.0, 11119.0, 11120.0, 57007.0, 57493.0, 78989.0, 80328.0, 80381.0, 80741.0, 84168.0, 114908.0, 131450.0, 283316.0, 339390.0, 100507436.0 
GO:0005886 CC 2.72e-08 711/3007  3030/15181 D03 plasma membrane                          60.0, 113.0, 114.0, 134.0, 136.0, 140.0, 148.0, 150.0, 152.0, 154.0, 187.0, 238.0, 307.0, 334.0, 338.0, 409.0, 419.0, 421.0, 567.0, 590.0, 613.0, 658.0, 672.0, 683.0, 684.0, 685.0, 695.0, 718.0, 719.0, 720.0, 721.0, 752.0, 762.0, 779.0, 783.0, 825.0, 837.0, 920.0, 925.0, 942.0, 950.0, 952.0, 960.0, 963.0, 972.0, 975.0, 977.0, 1003.0, 1009.0, 1016.0, 1020.0, 1131.0, 1132.0, 1138.0, 1139.0, 1192.0, 1212.0, 1240.0, 1268.0, 1436.0, 1441.0, 1524.0, 1536.0, 1604.0, 1636.0, 1794.0, 1804.0, 1815.0, 1816.0, 1946.0, 1956.0, 2012.0, 2038.0, 2046.0, 2051.0, 2054.0, 2059.0, 2060.0, 2064.0, 2152.0, 2160.0, 2191.0, 2195.0, 2212.0, 2214.0, 2264.0, 2321.0, 2335.0, 2532.0, 2533.0, 2559.0, 2565.0, 2567.0, 2571.0, 2572.0, 2622.0, 2687.0, 2690.0, 2697.0, 2731.0, 2740.0, 2752.0, 2769.0, 2774.0, 2784.0, 2786.0, 2790.0, 2791.0, 2847.0, 2849.0, 2859.0, 2888.0, 2890.0, 2894.0, 2915.0, 2918.0, 2925.0, 2979.0, 3036.0, 3055.0, 3071.0, 3106.0, 3107.0, 3111.0, 3113.0, 3115.0, 3119.0, 3122.0, 3140.0, 3249.0, 3269.0, 3274.0, 3339.0, 3356.0, 3363.0, 3383.0, 3385.0, 3554.0, 3556.0, 3587.0, 3588.0, 3597.0, 3601.0, 3603.0, 3632.0, 3635.0, 3643.0, 3655.0, 3667.0, 3674.0, 3678.0, 3680.0, 3682.0, 3687.0, 3689.0, 3709.0, 3710.0, 3717.0, 3737.0, 3754.0, 3755.0, 3761.0, 3767.0, 3768.0, 3773.0, 3780.0, 3781.0, 3787.0, 3815.0, 3903.0, 3936.0, 4023.0, 4026.0, 4062.0, 4163.0, 4257.0, 4267.0, 4277.0, 4282.0, 4356.0, 4360.0, 4430.0, 4481.0, 4542.0, 4615.0, 4638.0, 4643.0, 4811.0, 4842.0, 4843.0, 4846.0, 4855.0, 4868.0, 4887.0, 4905.0, 4923.0, 4973.0, 4986.0, 4988.0, 4992.0, 5028.0, 5031.0, 5074.0, 5138.0, 5152.0, 5167.0, 5173.0, 5294.0, 5297.0, 5322.0, 5333.0, 5355.0, 5359.0, 5376.0, 5420.0, 5426.0, 5445.0, 5578.0, 5580.0, 5588.0, 5595.0, 5649.0, 5654.0, 5724.0, 5737.0, 5754.0, 5764.0, 5774.0, 5788.0, 5789.0, 5800.0, 5818.0, 5829.0, 5872.0, 5881.0, 5899.0, 5923.0, 6001.0, 6004.0, 6051.0, 6091.0, 6236.0, 6272.0, 6277.0, 6281.0, 6385.0, 6404.0, 6422.0, 6456.0, 6511.0, 6518.0, 6527.0, 6536.0, 6546.0, 6549.0, 6557.0, 6563.0, 6578.0, 6579.0, 6581.0, 6609.0, 6664.0, 6678.0, 6693.0, 6751.0, 6813.0, 6850.0, 6861.0, 6869.0, 7040.0, 7043.0, 7048.0, 7052.0, 7056.0, 7096.0, 7097.0, 7099.0, 7122.0, 7132.0, 7225.0, 7409.0, 7410.0, 7431.0, 7436.0, 7439.0, 7473.0, 7474.0, 7476.0, 7784.0, 7855.0, 7881.0, 8029.0, 8038.0, 8140.0, 8323.0, 8324.0, 8515.0, 8516.0, 8590.0, 8613.0, 8655.0, 8692.0, 8728.0, 8744.0, 8764.0, 8776.0, 8787.0, 8795.0, 8826.0, 8828.0, 8832.0, 8938.0, 8987.0, 9037.0, 9050.0, 9055.0, 9079.0, 9098.0, 9127.0, 9132.0, 9170.0, 9194.0, 9196.0, 9229.0, 9231.0, 9254.0, 9308.0, 9311.0, 9332.0, 9342.0, 9358.0, 9369.0, 9390.0, 9429.0, 9452.0, 9455.0, 9456.0, 9466.0, 9478.0, 9516.0, 9545.0, 9557.0, 9618.0, 9628.0, 9696.0, 9771.0, 9781.0, 9843.0, 9846.0, 9873.0, 9899.0, 10008.0, 10071.0, 10082.0, 10123.0, 10125.0, 10156.0, 10159.0, 10161.0, 10203.0, 10235.0, 10252.0, 10266.0, 10267.0, 10287.0, 10324.0, 10333.0, 10347.0, 10384.0, 10385.0, 10410.0, 10451.0, 10457.0, 10458.0, 10495.0, 10519.0, 10630.0, 10666.0, 10699.0, 10841.0, 10859.0, 10863.0, 10867.0, 10886.0, 10894.0, 10970.0, 10979.0, 11001.0, 11006.0, 11033.0, 11118.0, 11119.0, 11120.0, 11145.0, 11251.0, 11255.0, 11315.0, 11337.0, 22829.0, 22844.0, 22854.0, 22918.0, 22925.0, 22987.0, 23007.0, 23075.0, 23120.0, 23129.0, 23166.0, 23171.0, 23189.0, 23209.0, 23213.0, 23234.0, 23251.0, 23263.0, 23329.0, 23413.0, 23418.0, 23533.0, 23551.0, 23566.0, 23600.0, 23620.0, 23643.0, 23657.0, 23765.0, 24141.0, 25759.0, 25780.0, 25825.0, 25849.0, 25861.0, 25865.0, 25945.0, 26050.0, 26119.0, 26509.0, 26762.0, 26872.0, 27124.0, 27128.0, 27132.0, 27181.0, 27242.0, 27255.0, 28514.0, 29082.0, 29116.0, 29990.0, 30820.0, 30845.0, 30846.0, 50617.0, 50636.0, 50801.0, 50831.0, 50839.0, 51094.0, 51148.0, 51181.0, 51196.0, 51232.0, 51257.0, 51284.0, 51285.0, 51291.0, 51293.0, 51310.0, 51393.0, 51411.0, 51703.0, 51705.0, 53822.0, 53829.0, 53832.0, 53833.0, 54112.0, 54209.0, 54221.0, 54407.0, 54518.0, 54550.0, 54734.0, 54756.0, 54769.0, 54795.0, 54798.0, 54847.0, 54852.0, 54857.0, 54874.0, 54918.0, 54947.0, 55080.0, 55107.0, 55117.0, 55129.0, 55244.0, 55353.0, 55357.0, 55504.0, 55540.0, 55558.0, 55620.0, 55644.0, 55742.0, 55803.0, 55879.0, 55959.0, 56241.0, 56262.0, 56288.0, 56301.0, 56479.0, 56606.0, 56624.0, 56659.0, 56937.0, 56963.0, 57007.0, 57026.0, 57091.0, 57105.0, 57121.0, 57172.0, 57175.0, 57214.0, 57381.0, 57413.0, 57453.0, 57512.0, 57616.0, 57628.0, 57657.0, 57709.0, 57761.0, 57828.0, 58191.0, 58475.0, 59272.0, 59277.0, 59338.0, 60401.0, 60495.0, 63826.0, 64065.0, 64123.0, 64130.0, 64170.0, 64231.0, 64241.0, 64283.0, 64344.0, 64581.0, 64780.0, 64805.0, 64855.0, 65078.0, 79026.0, 79057.0, 79092.0, 79651.0, 79792.0, 79837.0, 79901.0, 79971.0, 80031.0, 80115.0, 80144.0, 80328.0, 80342.0, 80704.0, 80852.0, 81035.0, 81466.0, 81575.0, 81793.0, 81796.0, 83849.0, 83858.0, 84063.0, 84106.0, 84168.0, 84210.0, 84281.0, 84433.0, 84435.0, 84570.0, 84812.0, 84888.0, 84889.0, 84958.0, 85415.0, 85450.0, 85459.0, 89790.0, 90313.0, 90527.0, 90861.0, 91522.0, 91624.0, 91653.0, 91947.0, 94030.0, 94121.0, 94233.0, 113277.0, 114990.0, 115557.0, 115827.0, 116372.0, 116443.0, 116496.0, 117155.0, 117247.0, 117584.0, 118788.0, 120103.0, 120425.0, 121665.0, 122786.0, 123041.0, 123606.0, 123872.0, 124446.0, 126969.0, 128434.0, 128853.0, 129807.0, 130132.0, 130827.0, 131096.0, 131450.0, 132014.0, 133418.0, 135228.0, 139285.0, 140803.0, 142684.0, 144195.0, 144402.0, 144453.0, 146183.0, 146206.0, 146395.0, 147495.0, 150372.0, 151056.0, 152273.0, 152330.0, 153020.0, 153090.0, 159963.0, 161253.0, 163702.0, 195814.0, 196883.0, 200734.0, 206358.0, 219699.0, 221935.0, 221981.0, 246176.0, 254778.0, 255426.0, 256227.0, 256987.0, 257194.0, 259289.0, 259291.0, 259292.0, 259294.0, 260425.0, 283659.0, 284111.0, 284525.0, 284656.0, 285513.0, 285613.0, 285966.0, 286183.0, 326624.0, 338773.0, 339390.0, 341350.0, 341359.0, 341640.0, 342035.0, 342372.0, 343171.0, 344805.0, 344838.0, 347902.0, 375704.0, 375790.0, 387700.0, 389668.0, 391190.0, 400451.0, 401994.0, 414194.0, 646627.0, 729873.0, 100130733.0, 100506084.0, 100506658.0, 100507050.0, 100507436.0, 101060376.0, 101060389.0 
GO:0031012 CC 2.88e-07 57/3007   151/15181 D03 extracellular matrix                     633.0, 1286.0, 1290.0, 1293.0, 1296.0, 1297.0, 1299.0, 1301.0, 1404.0, 2006.0, 2202.0, 2335.0, 3491.0, 4693.0, 5549.0, 5649.0, 5919.0, 7040.0, 7052.0, 7057.0, 7077.0, 7098.0, 7373.0, 7473.0, 7476.0, 7784.0, 8214.0, 8425.0, 8857.0, 9806.0, 10319.0, 11096.0, 11174.0, 50509.0, 56999.0, 60495.0, 63827.0, 80781.0, 81035.0, 81577.0, 89932.0, 91522.0, 114990.0, 116135.0, 129080.0, 147372.0, 150356.0, 169044.0, 169611.0, 170692.0, 255631.0, 283310.0, 284297.0, 340267.0, 392617.0, 441381.0, 645191.0 
GO:0042613 CC 3.82e-06  9/3007    10/15181 D05 MHC class II protein complex             567.0, 972.0, 3108.0, 3109.0, 3111.0, 3113.0, 3115.0, 3119.0, 3122.0 
GO:0009986 CC 9.24e-06 115/3007   396/15181 D02 cell surface                             307.0, 633.0, 650.0, 684.0, 718.0, 762.0, 942.0, 952.0, 960.0, 963.0, 972.0, 977.0, 1003.0, 1436.0, 1524.0, 1604.0, 1956.0, 2152.0, 2191.0, 2690.0, 2890.0, 3024.0, 3106.0, 3107.0, 3108.0, 3113.0, 3115.0, 3122.0, 3249.0, 3383.0, 3601.0, 3655.0, 3674.0, 3678.0, 3687.0, 3689.0, 3781.0, 4023.0, 4277.0, 4282.0, 4360.0, 4693.0, 4855.0, 4923.0, 5028.0, 5154.0, 5167.0, 5788.0, 6091.0, 6272.0, 6385.0, 6422.0, 6678.0, 6693.0, 6869.0, 7040.0, 7043.0, 7056.0, 7057.0, 7097.0, 7099.0, 7132.0, 7145.0, 7474.0, 7476.0, 7855.0, 8323.0, 8516.0, 8692.0, 8795.0, 9170.0, 9358.0, 9388.0, 10082.0, 10266.0, 10267.0, 10347.0, 10666.0, 10699.0, 10979.0, 11006.0, 11197.0, 22829.0, 22918.0, 22925.0, 23213.0, 23657.0, 26762.0, 51162.0, 51393.0, 55959.0, 56262.0, 56963.0, 56971.0, 56999.0, 57007.0, 57453.0, 59272.0, 64399.0, 64581.0, 64805.0, 65078.0, 80328.0, 84168.0, 84868.0, 91522.0, 114990.0, 131450.0, 135228.0, 146183.0, 221806.0, 340419.0, 342035.0, 342372.0, 100507436.0 
GO:0005604 CC 1.32e-04 28/3007    71/15181 D05 basement membrane                        977.0, 1286.0, 1296.0, 1297.0, 1299.0, 1946.0, 2335.0, 3339.0, 3371.0, 3908.0, 3909.0, 4811.0, 6678.0, 7058.0, 7060.0, 9423.0, 10319.0, 64093.0, 79812.0, 80144.0, 80781.0, 126147.0, 158326.0, 285613.0, 340267.0, 341640.0, 375567.0, 375790.0 
GO:0005788 CC 4.30e-04 65/3007   219/15181 D05 endoplasmic reticulum lumen              334.0, 338.0, 416.0, 567.0, 590.0, 710.0, 718.0, 720.0, 871.0, 920.0, 1075.0, 1286.0, 1290.0, 1291.0, 1292.0, 1293.0, 1296.0, 1297.0, 1299.0, 1301.0, 1622.0, 2335.0, 2519.0, 3371.0, 3486.0, 3487.0, 3490.0, 3491.0, 4547.0, 5154.0, 5595.0, 5768.0, 5959.0, 6696.0, 7057.0, 7373.0, 7466.0, 7473.0, 7474.0, 7476.0, 7857.0, 7873.0, 8614.0, 9403.0, 10272.0, 10970.0, 11001.0, 11096.0, 11167.0, 11320.0, 29106.0, 50509.0, 51148.0, 56005.0, 59272.0, 79070.0, 80310.0, 80781.0, 84570.0, 91522.0, 92949.0, 143888.0, 169044.0, 255631.0, 340267.0 
GO:0005654 CC 2.19e-40 413/3007  3406/15181 D02 nucleoplasm                              60.0, 148.0, 219.0, 240.0, 330.0, 393.0, 409.0, 463.0, 595.0, 596.0, 639.0, 648.0, 672.0, 688.0, 694.0, 699.0, 745.0, 817.0, 840.0, 841.0, 860.0, 865.0, 994.0, 1003.0, 1020.0, 1026.0, 1050.0, 1075.0, 1104.0, 1436.0, 1602.0, 1643.0, 1663.0, 1787.0, 1789.0, 1846.0, 1894.0, 1959.0, 1961.0, 1993.0, 1997.0, 2122.0, 2138.0, 2175.0, 2187.0, 2274.0, 2289.0, 2313.0, 2353.0, 2444.0, 2645.0, 2697.0, 2731.0, 2736.0, 2874.0, 3014.0, 3024.0, 3065.0, 3084.0, 3164.0, 3291.0, 3394.0, 3397.0, 3400.0, 3428.0, 3642.0, 3667.0, 3709.0, 3710.0, 3717.0, 3726.0, 3838.0, 3978.0, 4004.0, 4005.0, 4085.0, 4163.0, 4175.0, 4261.0, 4282.0, 4329.0, 4435.0, 4602.0, 4692.0, 4711.0, 4772.0, 4781.0, 4794.0, 4798.0, 4809.0, 4842.0, 4843.0, 4855.0, 4931.0, 4939.0, 4973.0, 4986.0, 5152.0, 5241.0, 5272.0, 5359.0, 5414.0, 5426.0, 5439.0, 5578.0, 5580.0, 5595.0, 5598.0, 5613.0, 5625.0, 5693.0, 5699.0, 5744.0, 5777.0, 5822.0, 5893.0, 5916.0, 5925.0, 5935.0, 6201.0, 6203.0, 6204.0, 6228.0, 6231.0, 6234.0, 6258.0, 6285.0, 6299.0, 6470.0, 6502.0, 6546.0, 6591.0, 6603.0, 6606.0, 6607.0, 6657.0, 6663.0, 6664.0, 6697.0, 6717.0, 6772.0, 6886.0, 6936.0, 7050.0, 7089.0, 7090.0, 7101.0, 7159.0, 7186.0, 7227.0, 7267.0, 7307.0, 7318.0, 7347.0, 7378.0, 7494.0, 7516.0, 7545.0, 7546.0, 7706.0, 7737.0, 7849.0, 7922.0, 8013.0, 8038.0, 8270.0, 8340.0, 8342.0, 8350.0, 8361.0, 8363.0, 8365.0, 8366.0, 8367.0, 8449.0, 8450.0, 8464.0, 8504.0, 8544.0, 8556.0, 8704.0, 8819.0, 8971.0, 9015.0, 9054.0, 9055.0, 9079.0, 9111.0, 9189.0, 9194.0, 9246.0, 9260.0, 9284.0, 9325.0, 9342.0, 9401.0, 9423.0, 9429.0, 9442.0, 9443.0, 9516.0, 9557.0, 9572.0, 9580.0, 9612.0, 9618.0, 9641.0, 9687.0, 9771.0, 9891.0, 10049.0, 10100.0, 10109.0, 10220.0, 10252.0, 10272.0, 10320.0, 10324.0, 10346.0, 10379.0, 10420.0, 10458.0, 10475.0, 10519.0, 10620.0, 10721.0, 10739.0, 10799.0, 10973.0, 10979.0, 11097.0, 11130.0, 11157.0, 11200.0, 11221.0, 11278.0, 11315.0, 11332.0, 22797.0, 22809.0, 22900.0, 22909.0, 23090.0, 23234.0, 23283.0, 23314.0, 23421.0, 23582.0, 23683.0, 25849.0, 25865.0, 25885.0, 26095.0, 26147.0, 26173.0, 26256.0, 26298.0, 26353.0, 27341.0, 28984.0, 28987.0, 28992.0, 29109.0, 29893.0, 29894.0, 30827.0, 51053.0, 51085.0, 51099.0, 51119.0, 51131.0, 51149.0, 51155.0, 51291.0, 51339.0, 51616.0, 51659.0, 51690.0, 51703.0, 54069.0, 54221.0, 54700.0, 54756.0, 54795.0, 54796.0, 54855.0, 54897.0, 54962.0, 55008.0, 55012.0, 55013.0, 55051.0, 55107.0, 55149.0, 55170.0, 55357.0, 55520.0, 55534.0, 55553.0, 55619.0, 55621.0, 55636.0, 55644.0, 55796.0, 55806.0, 55818.0, 55892.0, 55924.0, 56672.0, 56987.0, 57477.0, 57491.0, 57616.0, 57654.0, 57696.0, 57707.0, 57709.0, 57713.0, 57761.0, 57804.0, 57819.0, 59338.0, 60436.0, 63922.0, 64067.0, 64105.0, 64168.0, 64318.0, 64344.0, 64784.0, 64855.0, 79070.0, 79075.0, 79622.0, 79682.0, 79685.0, 79792.0, 79837.0, 79902.0, 79991.0, 80115.0, 80177.0, 80824.0, 80854.0, 83439.0, 83444.0, 83699.0, 84515.0, 84662.0, 84678.0, 84722.0, 84733.0, 84867.0, 84913.0, 84930.0, 84950.0, 84969.0, 84984.0, 85236.0, 85441.0, 89958.0, 91607.0, 92565.0, 93953.0, 112950.0, 116028.0, 116447.0, 117246.0, 117584.0, 118460.0, 120425.0, 124739.0, 124944.0, 126549.0, 131870.0, 134359.0, 143570.0, 147657.0, 147841.0, 152206.0, 159963.0, 201254.0, 221527.0, 246184.0, 246329.0, 246777.0, 253714.0, 253769.0, 256309.0, 283514.0, 284058.0, 284111.0, 340152.0, 345895.0, 348654.0, 375298.0, 378708.0, 399818.0, 401541.0, 440348.0, 440353.0, 613037.0, 642799.0, 653689.0, 653784.0, 728489.0, 728741.0, 729978.0, 790955.0, 100144748.0, 100288332.0, 101059953.0, 102724159.0 
GO:0005634 CC 1.14e-35 609/3007  4445/15181 D05 nucleus                                  32.0, 60.0, 148.0, 154.0, 165.0, 199.0, 307.0, 323.0, 330.0, 334.0, 409.0, 421.0, 429.0, 443.0, 463.0, 501.0, 585.0, 595.0, 596.0, 639.0, 648.0, 672.0, 694.0, 695.0, 745.0, 790.0, 794.0, 817.0, 825.0, 840.0, 860.0, 952.0, 972.0, 994.0, 1020.0, 1026.0, 1050.0, 1062.0, 1104.0, 1192.0, 1545.0, 1602.0, 1628.0, 1643.0, 1663.0, 1674.0, 1774.0, 1789.0, 1796.0, 1843.0, 1846.0, 1852.0, 1894.0, 1956.0, 1959.0, 1997.0, 2018.0, 2064.0, 2115.0, 2122.0, 2138.0, 2172.0, 2175.0, 2195.0, 2247.0, 2257.0, 2274.0, 2275.0, 2313.0, 2353.0, 2444.0, 2533.0, 2690.0, 2736.0, 2752.0, 2874.0, 2947.0, 3006.0, 3014.0, 3024.0, 3055.0, 3065.0, 3070.0, 3142.0, 3164.0, 3299.0, 3315.0, 3394.0, 3397.0, 3400.0, 3428.0, 3486.0, 3642.0, 3663.0, 3667.0, 3706.0, 3707.0, 3717.0, 3726.0, 3838.0, 3978.0, 4004.0, 4026.0, 4085.0, 4094.0, 4163.0, 4175.0, 4330.0, 4435.0, 4438.0, 4493.0, 4495.0, 4499.0, 4501.0, 4502.0, 4599.0, 4600.0, 4602.0, 4615.0, 4692.0, 4736.0, 4772.0, 4781.0, 4783.0, 4798.0, 4808.0, 4809.0, 4842.0, 4843.0, 4846.0, 4855.0, 4858.0, 4860.0, 4931.0, 5074.0, 5090.0, 5138.0, 5160.0, 5203.0, 5224.0, 5272.0, 5359.0, 5360.0, 5414.0, 5426.0, 5439.0, 5445.0, 5580.0, 5595.0, 5598.0, 5603.0, 5609.0, 5613.0, 5693.0, 5699.0, 5740.0, 5777.0, 5893.0, 5916.0, 5925.0, 5935.0, 5990.0, 6001.0, 6134.0, 6201.0, 6203.0, 6239.0, 6277.0, 6285.0, 6299.0, 6387.0, 6433.0, 6449.0, 6470.0, 6502.0, 6576.0, 6591.0, 6603.0, 6606.0, 6607.0, 6657.0, 6663.0, 6664.0, 6665.0, 6772.0, 6781.0, 6850.0, 6886.0, 6936.0, 7040.0, 7043.0, 7052.0, 7089.0, 7090.0, 7159.0, 7227.0, 7267.0, 7298.0, 7318.0, 7453.0, 7494.0, 7538.0, 7539.0, 7545.0, 7546.0, 7561.0, 7571.0, 7652.0, 7691.0, 7718.0, 7737.0, 7757.0, 7761.0, 7849.0, 7873.0, 8013.0, 8187.0, 8214.0, 8270.0, 8293.0, 8335.0, 8340.0, 8342.0, 8350.0, 8361.0, 8363.0, 8365.0, 8366.0, 8367.0, 8449.0, 8450.0, 8464.0, 8544.0, 8553.0, 8558.0, 8644.0, 8655.0, 8728.0, 8819.0, 8826.0, 8940.0, 8971.0, 9054.0, 9055.0, 9079.0, 9111.0, 9189.0, 9246.0, 9315.0, 9325.0, 9355.0, 9401.0, 9425.0, 9442.0, 9443.0, 9457.0, 9473.0, 9516.0, 9557.0, 9572.0, 9580.0, 9588.0, 9612.0, 9618.0, 9628.0, 9641.0, 9679.0, 9771.0, 9805.0, 9831.0, 9891.0, 9935.0, 9961.0, 10036.0, 10049.0, 10082.0, 10109.0, 10123.0, 10215.0, 10229.0, 10231.0, 10272.0, 10309.0, 10320.0, 10346.0, 10365.0, 10379.0, 10389.0, 10420.0, 10463.0, 10519.0, 10566.0, 10620.0, 10628.0, 10643.0, 10758.0, 10795.0, 10799.0, 10901.0, 10973.0, 10979.0, 11004.0, 11007.0, 11033.0, 11097.0, 11157.0, 11170.0, 11200.0, 11214.0, 11221.0, 11315.0, 22797.0, 22809.0, 22900.0, 22909.0, 23066.0, 23075.0, 23090.0, 23099.0, 23189.0, 23234.0, 23421.0, 23520.0, 23533.0, 23582.0, 23604.0, 23619.0, 25865.0, 25966.0, 26147.0, 26150.0, 26152.0, 26191.0, 26256.0, 26298.0, 26353.0, 26468.0, 26524.0, 27132.0, 27185.0, 27319.0, 27443.0, 28984.0, 28992.0, 29082.0, 29109.0, 29799.0, 29842.0, 29894.0, 29969.0, 29994.0, 30827.0, 30845.0, 30846.0, 51053.0, 51085.0, 51119.0, 51131.0, 51149.0, 51155.0, 51181.0, 51265.0, 51282.0, 51339.0, 51351.0, 51545.0, 51634.0, 51659.0, 51690.0, 51804.0, 54039.0, 54059.0, 54069.0, 54112.0, 54440.0, 54502.0, 54514.0, 54700.0, 54796.0, 54855.0, 54897.0, 54908.0, 54962.0, 55051.0, 55079.0, 55124.0, 55170.0, 55325.0, 55342.0, 55502.0, 55520.0, 55534.0, 55544.0, 55552.0, 55553.0, 55609.0, 55619.0, 55621.0, 55636.0, 55644.0, 55713.0, 55742.0, 55768.0, 55769.0, 55811.0, 55818.0, 55897.0, 55924.0, 55998.0, 56256.0, 56987.0, 57007.0, 57106.0, 57116.0, 57214.0, 57447.0, 57491.0, 57604.0, 57615.0, 57616.0, 57713.0, 57761.0, 57819.0, 58492.0, 58499.0, 60436.0, 60491.0, 63922.0, 63979.0, 64092.0, 64135.0, 64399.0, 64518.0, 64784.0, 64794.0, 64848.0, 64855.0, 64900.0, 64919.0, 78996.0, 79026.0, 79075.0, 79149.0, 79364.0, 79622.0, 79639.0, 79682.0, 79685.0, 79716.0, 79745.0, 79750.0, 79788.0, 79986.0, 79991.0, 80032.0, 80063.0, 80110.0, 80139.0, 80150.0, 80319.0, 80726.0, 80824.0, 81691.0, 81931.0, 83439.0, 83593.0, 83640.0, 84072.0, 84107.0, 84152.0, 84215.0, 84270.0, 84515.0, 84617.0, 84662.0, 84678.0, 84695.0, 84733.0, 84790.0, 84807.0, 84812.0, 84851.0, 84874.0, 84875.0, 84913.0, 84914.0, 84930.0, 84950.0, 84969.0, 85236.0, 85417.0, 89765.0, 90523.0, 90529.0, 90861.0, 91120.0, 91156.0, 91607.0, 92312.0, 92565.0, 93134.0, 93343.0, 93953.0, 94239.0, 112950.0, 113835.0, 114823.0, 116028.0, 116113.0, 116448.0, 118460.0, 122618.0, 123283.0, 126068.0, 126074.0, 126375.0, 126549.0, 127665.0, 130557.0, 131870.0, 132851.0, 139081.0, 139728.0, 139735.0, 140883.0, 143570.0, 144195.0, 147657.0, 147694.0, 148206.0, 148979.0, 151126.0, 152485.0, 158431.0, 162968.0, 162993.0, 163033.0, 163227.0, 164684.0, 170261.0, 170302.0, 170958.0, 170959.0, 195814.0, 196446.0, 197320.0, 201973.0, 203228.0, 219578.0, 220042.0, 220388.0, 221472.0, 225689.0, 254778.0, 260425.0, 266743.0, 282890.0, 282996.0, 283078.0, 283417.0, 283807.0, 284058.0, 284338.0, 284390.0, 284403.0, 284443.0, 285971.0, 339488.0, 340152.0, 342132.0, 342892.0, 342908.0, 342977.0, 344787.0, 347902.0, 348327.0, 349334.0, 387357.0, 387751.0, 388523.0, 388561.0, 388569.0, 389136.0, 389493.0, 399818.0, 400713.0, 401541.0, 404281.0, 407046.0, 440093.0, 440097.0, 440603.0, 442319.0, 642273.0, 642574.0, 644353.0, 645121.0, 647309.0, 654254.0, 728642.0, 729092.0, 729288.0, 730087.0, 100125288.0, 100129583.0, 100130086.0, 100132074.0, 109504726.0, 110116772.0 
GO:0005829 CC 1.61e-30 643/3007  4519/15181 D02 cytosol                                  32.0, 39.0, 58.0, 59.0, 60.0, 148.0, 183.0, 191.0, 199.0, 216.0, 219.0, 230.0, 240.0, 242.0, 272.0, 308.0, 330.0, 338.0, 369.0, 393.0, 397.0, 409.0, 443.0, 501.0, 567.0, 585.0, 595.0, 596.0, 613.0, 637.0, 648.0, 695.0, 699.0, 745.0, 752.0, 790.0, 794.0, 817.0, 825.0, 837.0, 840.0, 841.0, 860.0, 960.0, 977.0, 994.0, 1020.0, 1026.0, 1062.0, 1124.0, 1212.0, 1266.0, 1429.0, 1512.0, 1602.0, 1641.0, 1645.0, 1674.0, 1728.0, 1794.0, 1796.0, 1807.0, 1809.0, 1852.0, 1894.0, 1962.0, 1978.0, 2009.0, 2051.0, 2053.0, 2060.0, 2064.0, 2122.0, 2172.0, 2280.0, 2289.0, 2313.0, 2330.0, 2353.0, 2444.0, 2533.0, 2572.0, 2584.0, 2620.0, 2622.0, 2645.0, 2670.0, 2690.0, 2697.0, 2736.0, 2752.0, 2760.0, 2766.0, 2784.0, 2874.0, 2888.0, 2944.0, 2947.0, 2948.0, 3043.0, 3055.0, 3065.0, 3071.0, 3081.0, 3083.0, 3164.0, 3208.0, 3269.0, 3315.0, 3356.0, 3394.0, 3428.0, 3433.0, 3476.0, 3587.0, 3603.0, 3635.0, 3663.0, 3667.0, 3705.0, 3706.0, 3707.0, 3717.0, 3795.0, 3797.0, 3838.0, 3936.0, 3964.0, 4026.0, 4085.0, 4145.0, 4163.0, 4217.0, 4261.0, 4282.0, 4435.0, 4481.0, 4502.0, 4542.0, 4547.0, 4598.0, 4599.0, 4600.0, 4602.0, 4604.0, 4615.0, 4621.0, 4629.0, 4638.0, 4692.0, 4703.0, 4736.0, 4772.0, 4794.0, 4842.0, 4843.0, 4846.0, 4855.0, 4860.0, 4905.0, 4939.0, 4986.0, 5096.0, 5106.0, 5137.0, 5138.0, 5140.0, 5152.0, 5153.0, 5203.0, 5207.0, 5224.0, 5241.0, 5260.0, 5264.0, 5272.0, 5294.0, 5297.0, 5332.0, 5346.0, 5359.0, 5409.0, 5414.0, 5522.0, 5578.0, 5580.0, 5588.0, 5595.0, 5598.0, 5603.0, 5609.0, 5654.0, 5693.0, 5699.0, 5744.0, 5774.0, 5777.0, 5829.0, 5836.0, 5872.0, 5881.0, 5923.0, 5925.0, 5973.0, 6001.0, 6134.0, 6158.0, 6201.0, 6203.0, 6204.0, 6228.0, 6231.0, 6234.0, 6236.0, 6272.0, 6277.0, 6285.0, 6303.0, 6422.0, 6449.0, 6456.0, 6470.0, 6491.0, 6502.0, 6503.0, 6606.0, 6607.0, 6652.0, 6657.0, 6697.0, 6717.0, 6772.0, 6799.0, 6813.0, 6850.0, 6936.0, 7048.0, 7052.0, 7159.0, 7166.0, 7186.0, 7188.0, 7267.0, 7298.0, 7318.0, 7347.0, 7378.0, 7409.0, 7410.0, 7431.0, 7439.0, 7453.0, 7538.0, 7706.0, 7805.0, 7873.0, 7881.0, 8029.0, 8140.0, 8218.0, 8226.0, 8293.0, 8340.0, 8342.0, 8407.0, 8424.0, 8450.0, 8458.0, 8544.0, 8556.0, 8623.0, 8644.0, 8654.0, 8655.0, 8692.0, 8776.0, 8790.0, 8826.0, 8854.0, 8905.0, 8908.0, 8938.0, 9001.0, 9050.0, 9054.0, 9055.0, 9060.0, 9111.0, 9246.0, 9260.0, 9325.0, 9332.0, 9342.0, 9381.0, 9423.0, 9442.0, 9455.0, 9456.0, 9557.0, 9588.0, 9618.0, 9628.0, 9641.0, 9696.0, 9846.0, 9882.0, 9903.0, 9940.0, 9961.0, 9980.0, 10049.0, 10109.0, 10123.0, 10125.0, 10144.0, 10156.0, 10160.0, 10235.0, 10252.0, 10320.0, 10324.0, 10342.0, 10346.0, 10379.0, 10451.0, 10458.0, 10475.0, 10495.0, 10588.0, 10611.0, 10628.0, 10630.0, 10643.0, 10693.0, 10721.0, 10795.0, 10804.0, 10841.0, 10846.0, 10901.0, 10965.0, 10973.0, 10979.0, 10993.0, 11001.0, 11004.0, 11033.0, 11075.0, 11097.0, 11130.0, 11145.0, 11157.0, 11214.0, 11221.0, 11278.0, 11315.0, 11332.0, 11337.0, 22809.0, 22844.0, 22900.0, 22909.0, 22981.0, 23052.0, 23066.0, 23075.0, 23171.0, 23209.0, 23234.0, 23263.0, 23329.0, 23421.0, 23475.0, 23533.0, 23564.0, 23576.0, 23589.0, 23600.0, 23678.0, 23683.0, 23729.0, 23743.0, 24142.0, 25759.0, 25802.0, 25822.0, 25830.0, 25839.0, 25849.0, 25865.0, 25902.0, 25936.0, 25966.0, 26030.0, 26084.0, 26119.0, 26153.0, 26191.0, 26227.0, 26232.0, 26256.0, 26353.0, 26355.0, 26524.0, 27115.0, 27124.0, 27128.0, 27147.0, 27185.0, 27233.0, 28984.0, 28987.0, 29082.0, 29109.0, 29116.0, 30827.0, 30845.0, 30846.0, 50636.0, 50940.0, 51053.0, 51054.0, 51085.0, 51099.0, 51119.0, 51171.0, 51191.0, 51196.0, 51257.0, 51268.0, 51291.0, 51324.0, 51339.0, 51466.0, 51473.0, 51477.0, 51540.0, 51690.0, 51733.0, 54039.0, 54069.0, 54187.0, 54518.0, 54734.0, 54795.0, 54809.0, 54820.0, 54874.0, 54897.0, 54908.0, 54930.0, 54974.0, 55008.0, 55012.0, 55055.0, 55191.0, 55303.0, 55357.0, 55520.0, 55521.0, 55544.0, 55613.0, 55614.0, 55619.0, 55620.0, 55643.0, 55655.0, 55690.0, 55742.0, 55768.0, 55811.0, 56288.0, 56898.0, 56987.0, 57026.0, 57161.0, 57175.0, 57176.0, 57447.0, 57491.0, 57537.0, 57569.0, 57571.0, 57696.0, 57707.0, 57709.0, 57713.0, 57718.0, 57761.0, 57819.0, 58157.0, 58485.0, 58488.0, 59338.0, 60312.0, 60676.0, 63826.0, 63922.0, 64092.0, 64105.0, 64135.0, 64168.0, 64170.0, 64283.0, 64344.0, 64780.0, 64784.0, 64855.0, 79017.0, 79026.0, 79070.0, 79092.0, 79622.0, 79682.0, 79705.0, 79792.0, 79825.0, 79837.0, 79841.0, 79873.0, 79890.0, 79902.0, 79971.0, 80115.0, 80150.0, 80765.0, 80824.0, 80852.0, 81603.0, 81704.0, 83439.0, 83461.0, 83592.0, 84152.0, 84270.0, 84433.0, 84722.0, 84727.0, 84735.0, 84812.0, 84851.0, 84875.0, 84886.0, 84942.0, 85236.0, 85415.0, 85459.0, 89765.0, 89846.0, 89866.0, 89891.0, 89958.0, 90861.0, 91607.0, 92312.0, 92565.0, 92749.0, 93100.0, 93343.0, 114757.0, 114876.0, 114884.0, 115106.0, 115557.0, 115827.0, 116028.0, 116496.0, 117245.0, 117289.0, 117584.0, 118460.0, 118788.0, 119391.0, 121278.0, 122481.0, 122553.0, 122970.0, 123624.0, 123872.0, 124944.0, 125058.0, 126433.0, 126549.0, 127845.0, 128853.0, 130916.0, 132158.0, 134359.0, 135228.0, 139285.0, 139818.0, 140578.0, 147657.0, 147841.0, 151393.0, 151531.0, 152206.0, 152273.0, 153090.0, 154214.0, 155038.0, 160140.0, 161823.0, 192668.0, 200734.0, 201294.0, 203228.0, 219743.0, 221150.0, 221472.0, 222235.0, 246184.0, 246329.0, 246777.0, 253714.0, 256987.0, 259173.0, 283209.0, 283807.0, 283927.0, 284111.0, 284403.0, 342667.0, 352954.0, 374407.0, 375298.0, 375337.0, 378708.0, 387751.0, 399818.0, 401541.0, 440503.0, 440603.0, 474344.0, 641371.0, 653689.0, 653784.0, 729438.0, 729920.0, 790955.0, 100137049.0, 100287171.0, 111240474.0 
GO:0005737 CC 8.50e-13 632/3007  3958/15181 D02 cytoplasm                                39.0, 59.0, 60.0, 105.0, 148.0, 150.0, 152.0, 165.0, 199.0, 216.0, 307.0, 308.0, 323.0, 330.0, 338.0, 393.0, 397.0, 409.0, 421.0, 463.0, 595.0, 596.0, 639.0, 654.0, 672.0, 684.0, 694.0, 695.0, 779.0, 790.0, 817.0, 825.0, 837.0, 840.0, 841.0, 950.0, 972.0, 994.0, 1009.0, 1020.0, 1073.0, 1104.0, 1192.0, 1268.0, 1373.0, 1571.0, 1573.0, 1652.0, 1663.0, 1674.0, 1728.0, 1757.0, 1787.0, 1794.0, 1796.0, 1843.0, 1846.0, 1852.0, 1894.0, 1906.0, 1956.0, 1959.0, 1978.0, 1979.0, 2060.0, 2121.0, 2138.0, 2172.0, 2175.0, 2191.0, 2247.0, 2254.0, 2257.0, 2280.0, 2289.0, 2571.0, 2572.0, 2584.0, 2660.0, 2670.0, 2697.0, 2752.0, 2784.0, 2888.0, 2915.0, 2944.0, 2947.0, 2948.0, 3065.0, 3084.0, 3208.0, 3315.0, 3373.0, 3394.0, 3400.0, 3433.0, 3476.0, 3623.0, 3663.0, 3667.0, 3706.0, 3707.0, 3710.0, 3717.0, 3795.0, 3838.0, 3936.0, 3964.0, 3978.0, 4085.0, 4094.0, 4163.0, 4192.0, 4217.0, 4267.0, 4282.0, 4430.0, 4435.0, 4493.0, 4495.0, 4499.0, 4501.0, 4502.0, 4542.0, 4599.0, 4600.0, 4615.0, 4638.0, 4643.0, 4645.0, 4668.0, 4671.0, 4736.0, 4745.0, 4772.0, 4794.0, 4842.0, 4843.0, 4846.0, 4858.0, 4860.0, 5074.0, 5138.0, 5203.0, 5272.0, 5294.0, 5297.0, 5333.0, 5359.0, 5420.0, 5502.0, 5519.0, 5578.0, 5580.0, 5595.0, 5598.0, 5603.0, 5609.0, 5613.0, 5649.0, 5693.0, 5737.0, 5742.0, 5744.0, 5774.0, 5777.0, 5836.0, 5916.0, 5935.0, 5990.0, 6004.0, 6091.0, 6158.0, 6201.0, 6203.0, 6204.0, 6228.0, 6231.0, 6234.0, 6239.0, 6258.0, 6277.0, 6281.0, 6285.0, 6299.0, 6387.0, 6449.0, 6456.0, 6470.0, 6491.0, 6591.0, 6606.0, 6607.0, 6657.0, 6665.0, 6678.0, 6695.0, 6717.0, 6751.0, 6772.0, 6781.0, 6799.0, 6850.0, 6869.0, 7040.0, 7097.0, 7098.0, 7099.0, 7123.0, 7145.0, 7159.0, 7225.0, 7298.0, 7318.0, 7347.0, 7409.0, 7410.0, 7431.0, 7453.0, 7494.0, 7516.0, 7538.0, 7545.0, 7546.0, 8193.0, 8270.0, 8544.0, 8553.0, 8556.0, 8558.0, 8644.0, 8655.0, 8692.0, 8776.0, 8790.0, 8826.0, 8854.0, 8908.0, 9050.0, 9055.0, 9098.0, 9111.0, 9127.0, 9170.0, 9196.0, 9231.0, 9315.0, 9325.0, 9342.0, 9401.0, 9425.0, 9455.0, 9456.0, 9473.0, 9572.0, 9580.0, 9588.0, 9618.0, 9641.0, 9781.0, 9805.0, 9846.0, 9891.0, 9905.0, 9940.0, 9961.0, 10008.0, 10049.0, 10105.0, 10123.0, 10203.0, 10215.0, 10231.0, 10266.0, 10309.0, 10324.0, 10342.0, 10346.0, 10379.0, 10404.0, 10420.0, 10451.0, 10458.0, 10471.0, 10475.0, 10519.0, 10561.0, 10566.0, 10588.0, 10628.0, 10643.0, 10795.0, 10801.0, 10826.0, 10841.0, 10859.0, 10882.0, 10979.0, 11007.0, 11033.0, 11075.0, 11130.0, 11145.0, 11157.0, 11170.0, 11200.0, 11221.0, 11315.0, 11344.0, 22846.0, 22900.0, 22952.0, 23007.0, 23024.0, 23075.0, 23189.0, 23209.0, 23234.0, 23255.0, 23263.0, 23303.0, 23339.0, 23399.0, 23413.0, 23421.0, 23475.0, 23533.0, 23566.0, 23582.0, 23589.0, 23593.0, 23600.0, 23604.0, 23729.0, 24142.0, 25830.0, 25832.0, 25861.0, 25864.0, 25865.0, 25959.0, 26095.0, 26191.0, 26232.0, 26256.0, 26281.0, 26353.0, 27124.0, 27132.0, 27233.0, 27242.0, 27341.0, 28984.0, 29082.0, 29109.0, 29842.0, 29925.0, 29958.0, 29969.0, 30820.0, 30845.0, 30846.0, 51016.0, 51053.0, 51085.0, 51119.0, 51155.0, 51191.0, 51257.0, 51265.0, 51284.0, 51339.0, 51364.0, 51466.0, 51473.0, 51477.0, 51601.0, 51804.0, 54039.0, 54112.0, 54187.0, 54221.0, 54407.0, 54440.0, 54514.0, 54550.0, 54809.0, 54855.0, 54857.0, 54874.0, 54962.0, 54970.0, 55022.0, 55039.0, 55066.0, 55083.0, 55107.0, 55124.0, 55171.0, 55191.0, 55325.0, 55342.0, 55345.0, 55521.0, 55553.0, 55613.0, 55614.0, 55619.0, 55644.0, 55655.0, 55672.0, 55742.0, 55768.0, 55779.0, 55796.0, 55803.0, 55805.0, 55811.0, 55818.0, 55917.0, 55930.0, 55998.0, 56155.0, 56243.0, 56267.0, 56898.0, 57026.0, 57091.0, 57175.0, 57214.0, 57447.0, 57471.0, 57477.0, 57513.0, 57540.0, 57604.0, 57707.0, 57718.0, 57819.0, 58485.0, 59338.0, 60491.0, 63826.0, 63979.0, 64092.0, 64097.0, 64135.0, 64168.0, 64170.0, 64399.0, 64581.0, 64780.0, 64784.0, 64855.0, 65992.0, 66002.0, 78996.0, 79007.0, 79026.0, 79092.0, 79132.0, 79705.0, 79716.0, 79745.0, 79752.0, 79789.0, 79801.0, 79867.0, 79890.0, 80114.0, 80139.0, 80150.0, 80319.0, 80705.0, 80763.0, 80824.0, 81704.0, 83478.0, 83543.0, 83593.0, 83853.0, 83861.0, 84073.0, 84077.0, 84152.0, 84224.0, 84253.0, 84288.0, 84293.0, 84306.0, 84433.0, 84448.0, 84617.0, 84662.0, 84695.0, 84722.0, 84769.0, 84790.0, 84851.0, 84875.0, 84913.0, 84930.0, 84984.0, 85016.0, 85417.0, 85441.0, 85459.0, 89846.0, 89891.0, 90313.0, 90835.0, 91947.0, 92565.0, 113220.0, 115265.0, 115294.0, 115362.0, 115557.0, 116496.0, 117245.0, 117584.0, 119391.0, 120526.0, 121214.0, 122481.0, 122553.0, 122786.0, 123041.0, 123283.0, 123872.0, 125228.0, 126282.0, 126433.0, 126549.0, 127003.0, 127435.0, 127943.0, 128434.0, 129807.0, 131870.0, 132014.0, 132158.0, 132671.0, 137868.0, 137902.0, 139728.0, 140469.0, 140578.0, 140699.0, 143162.0, 143570.0, 144983.0, 146206.0, 147138.0, 151242.0, 151393.0, 152015.0, 152273.0, 153090.0, 154043.0, 154197.0, 154214.0, 159686.0, 160492.0, 167410.0, 167838.0, 196883.0, 197335.0, 199221.0, 201191.0, 201625.0, 202151.0, 202500.0, 203228.0, 203286.0, 219621.0, 220004.0, 220042.0, 220296.0, 220388.0, 220869.0, 221472.0, 221687.0, 225689.0, 246176.0, 260425.0, 283431.0, 283514.0, 283643.0, 284297.0, 284805.0, 284948.0, 284996.0, 285025.0, 285190.0, 286077.0, 286527.0, 342977.0, 359845.0, 374654.0, 387357.0, 387694.0, 388341.0, 388677.0, 399818.0, 406929.0, 407046.0, 440434.0, 440503.0, 440730.0, 440854.0, 493829.0, 642574.0, 644019.0, 645121.0, 653489.0, 653689.0, 727851.0, 728113.0, 728642.0, 728841.0, 729540.0, 729857.0, 768206.0, 100037417.0, 100127983.0, 100129583.0, 100130086.0, 100132074.0, 100132406.0, 100506084.0, 100507436.0 
GO:0005730 CC 4.68e-12 96/3007   860/15181 D05 nucleolus                                105.0, 825.0, 1026.0, 1050.0, 1373.0, 1663.0, 2736.0, 3428.0, 3710.0, 3717.0, 4809.0, 4931.0, 5160.0, 5359.0, 5420.0, 5777.0, 6201.0, 6203.0, 6204.0, 6502.0, 6772.0, 6936.0, 7267.0, 7298.0, 8556.0, 8971.0, 9001.0, 9079.0, 9442.0, 10309.0, 11157.0, 26768.0, 28984.0, 29969.0, 51119.0, 51155.0, 51703.0, 54463.0, 54700.0, 55051.0, 55170.0, 55636.0, 57696.0, 57707.0, 64318.0, 64794.0, 65992.0, 79685.0, 80854.0, 81691.0, 81932.0, 83444.0, 83719.0, 83876.0, 84678.0, 84875.0, 89958.0, 114599.0, 117246.0, 118460.0, 131870.0, 147841.0, 260294.0, 283807.0, 338433.0, 345895.0, 375298.0, 400506.0, 401541.0, 677772.0, 677775.0, 677800.0, 677833.0, 677841.0, 692084.0, 692086.0, 767563.0, 767568.0, 767582.0, 767598.0, 767599.0, 100033441.0, 100033442.0, 100033443.0, 100033445.0, 100033460.0, 100033806.0, 100033811.0, 100033812.0, 100033813.0, 100033814.0, 100033818.0, 100036564.0, 100144748.0, 100873856.0, 109616976.0 
GO:0016607 CC 1.04e-10 29/3007   373/15181 D03 nuclear speck                            1602.0, 2122.0, 2334.0, 3014.0, 3299.0, 3428.0, 3603.0, 6239.0, 6891.0, 7307.0, 7737.0, 9425.0, 10346.0, 10973.0, 11170.0, 11221.0, 25936.0, 30827.0, 55051.0, 55534.0, 55644.0, 57713.0, 64318.0, 64344.0, 84662.0, 84913.0, 85417.0, 116028.0, 123872.0 
GO:0016020 CC 7.63e-10 273/3007  1867/15181 D02 membrane                                 60.0, 114.0, 154.0, 308.0, 323.0, 334.0, 397.0, 567.0, 596.0, 613.0, 637.0, 684.0, 699.0, 752.0, 762.0, 790.0, 817.0, 865.0, 950.0, 952.0, 957.0, 972.0, 975.0, 977.0, 1003.0, 1020.0, 1062.0, 1075.0, 1124.0, 1192.0, 1291.0, 1794.0, 1815.0, 1956.0, 2060.0, 2160.0, 2172.0, 2277.0, 2280.0, 2289.0, 2353.0, 2584.0, 2620.0, 2651.0, 3071.0, 3082.0, 3084.0, 3106.0, 3107.0, 3108.0, 3115.0, 3119.0, 3241.0, 3371.0, 3383.0, 3428.0, 3547.0, 3554.0, 3556.0, 3632.0, 3643.0, 3687.0, 3689.0, 3707.0, 3709.0, 3710.0, 3838.0, 3959.0, 3964.0, 4047.0, 4145.0, 4599.0, 4600.0, 4736.0, 4931.0, 4939.0, 4973.0, 5122.0, 5140.0, 5272.0, 5294.0, 5297.0, 5355.0, 5359.0, 5777.0, 5788.0, 5818.0, 5957.0, 6134.0, 6158.0, 6201.0, 6203.0, 6204.0, 6228.0, 6231.0, 6238.0, 6281.0, 6404.0, 6449.0, 6511.0, 6518.0, 6536.0, 6546.0, 6557.0, 6578.0, 6581.0, 6652.0, 6693.0, 6717.0, 6890.0, 6891.0, 7056.0, 7096.0, 7098.0, 7132.0, 7225.0, 7436.0, 7439.0, 7922.0, 8029.0, 8140.0, 8218.0, 8350.0, 8361.0, 8363.0, 8365.0, 8366.0, 8367.0, 8504.0, 8613.0, 8642.0, 8655.0, 8776.0, 8828.0, 8987.0, 9037.0, 9111.0, 9114.0, 9401.0, 9536.0, 9588.0, 9612.0, 9899.0, 9902.0, 9936.0, 9961.0, 10049.0, 10105.0, 10125.0, 10159.0, 10287.0, 10319.0, 10384.0, 10519.0, 10611.0, 10630.0, 10826.0, 10894.0, 10970.0, 10973.0, 11004.0, 11037.0, 11075.0, 11118.0, 11184.0, 11214.0, 23052.0, 23120.0, 23339.0, 23421.0, 23527.0, 23530.0, 23531.0, 23533.0, 23683.0, 25802.0, 25825.0, 25840.0, 25902.0, 26173.0, 26232.0, 26872.0, 29109.0, 29842.0, 29929.0, 51094.0, 51151.0, 51192.0, 51293.0, 51303.0, 51466.0, 51703.0, 54820.0, 54857.0, 54918.0, 55129.0, 55244.0, 55540.0, 55613.0, 55619.0, 55818.0, 56262.0, 56301.0, 56606.0, 57185.0, 57404.0, 57413.0, 57513.0, 57537.0, 57628.0, 57696.0, 57707.0, 58191.0, 59272.0, 59338.0, 63922.0, 64834.0, 79026.0, 79443.0, 79803.0, 79902.0, 79953.0, 80346.0, 81704.0, 81793.0, 83440.0, 83706.0, 83985.0, 84073.0, 84263.0, 84306.0, 84695.0, 84888.0, 84929.0, 85441.0, 85450.0, 90527.0, 114780.0, 114876.0, 114884.0, 114899.0, 115209.0, 115294.0, 115362.0, 116443.0, 116496.0, 117584.0, 118788.0, 121457.0, 121665.0, 123041.0, 123606.0, 126969.0, 127845.0, 129293.0, 129807.0, 136853.0, 144195.0, 146206.0, 148362.0, 196883.0, 201294.0, 219743.0, 255252.0, 256987.0, 260425.0, 284297.0, 284996.0, 340596.0, 342372.0, 375033.0, 389668.0, 100507050.0 
GO:0005739 CC 2.32e-07 172/3007  1204/15181 D05 mitochondrion                            32.0, 33.0, 39.0, 219.0, 369.0, 487.0, 501.0, 513.0, 596.0, 637.0, 670.0, 837.0, 841.0, 1159.0, 1160.0, 1192.0, 1329.0, 1349.0, 1375.0, 1545.0, 1757.0, 2232.0, 2645.0, 2690.0, 2697.0, 2731.0, 2752.0, 2874.0, 3164.0, 3978.0, 4129.0, 4257.0, 4285.0, 4329.0, 4541.0, 4701.0, 4702.0, 4711.0, 4842.0, 4923.0, 5028.0, 5096.0, 5106.0, 5160.0, 5166.0, 5203.0, 5264.0, 5414.0, 5445.0, 5578.0, 5580.0, 5595.0, 5625.0, 6150.0, 6182.0, 6546.0, 7052.0, 7132.0, 7298.0, 7352.0, 8192.0, 8209.0, 8424.0, 8655.0, 9001.0, 9054.0, 9588.0, 10105.0, 10166.0, 10588.0, 10630.0, 10863.0, 10901.0, 10965.0, 10993.0, 11145.0, 11315.0, 11332.0, 23241.0, 23530.0, 23564.0, 23593.0, 23597.0, 23600.0, 25830.0, 25902.0, 25959.0, 25961.0, 26355.0, 26995.0, 27185.0, 29074.0, 29088.0, 29957.0, 29958.0, 51027.0, 51099.0, 51286.0, 51409.0, 51601.0, 51657.0, 51703.0, 51805.0, 54516.0, 54675.0, 54938.0, 54974.0, 55013.0, 55066.0, 55149.0, 55178.0, 55210.0, 55217.0, 55278.0, 55556.0, 55811.0, 56267.0, 56624.0, 56942.0, 57176.0, 57546.0, 58157.0, 60491.0, 64064.0, 64065.0, 64135.0, 64318.0, 64344.0, 64978.0, 65993.0, 79705.0, 79814.0, 80726.0, 83787.0, 83858.0, 84263.0, 84270.0, 84532.0, 84769.0, 90529.0, 90550.0, 91574.0, 114990.0, 115286.0, 116447.0, 116540.0, 116541.0, 123263.0, 125228.0, 130916.0, 132001.0, 132158.0, 132671.0, 135154.0, 140823.0, 151393.0, 153328.0, 155038.0, 160760.0, 196294.0, 197257.0, 219293.0, 283514.0, 284106.0, 339479.0, 374887.0, 440503.0, 548596.0, 728489.0, 751071.0, 790955.0, 102724023.0 
GO:0005813 CC 6.36e-07 56/3007   490/15181 D03 centrosome                               585.0, 994.0, 1075.0, 1663.0, 1815.0, 3014.0, 3397.0, 4692.0, 5693.0, 6201.0, 6491.0, 7188.0, 7516.0, 8556.0, 8655.0, 9001.0, 9114.0, 9189.0, 9325.0, 9342.0, 9696.0, 10519.0, 11004.0, 11007.0, 22809.0, 22981.0, 22996.0, 27185.0, 28984.0, 54820.0, 54855.0, 54930.0, 54970.0, 55012.0, 60436.0, 84221.0, 84930.0, 84984.0, 85417.0, 85459.0, 89891.0, 93343.0, 93594.0, 115106.0, 134359.0, 140578.0, 152206.0, 159686.0, 219621.0, 221150.0, 256987.0, 284403.0, 285025.0, 348654.0, 441054.0, 653784.0 
GO:0005815 CC 3.27e-05  4/3007    91/15181 D02 microtubule organizing center            7431.0, 51473.0, 54908.0, 642273.0 
GO:0001650 CC 4.10e-05  9/3007   133/15181 D02 fibrillar center                         3815.0, 4781.0, 4794.0, 6150.0, 6239.0, 9618.0, 9891.0, 79685.0, 79991.0 
GO:1990904 CC 4.28e-05 10/3007   141/15181 D02 ribonucleoprotein complex                60.0, 672.0, 1993.0, 6201.0, 6203.0, 7431.0, 7538.0, 8826.0, 51690.0, 152485.0 
GO:0032991 CC 1.05e-04 69/3007   519/15181 D01 protein-containing complex               59.0, 60.0, 238.0, 330.0, 596.0, 613.0, 672.0, 718.0, 825.0, 837.0, 841.0, 972.0, 1026.0, 1104.0, 1291.0, 1292.0, 1373.0, 1643.0, 1956.0, 2054.0, 2533.0, 2752.0, 3065.0, 4217.0, 4615.0, 4645.0, 4692.0, 4809.0, 4842.0, 4880.0, 4883.0, 5764.0, 5777.0, 5893.0, 6134.0, 6201.0, 6603.0, 6772.0, 6850.0, 7227.0, 7453.0, 7805.0, 8293.0, 8350.0, 8361.0, 8363.0, 8365.0, 8366.0, 8367.0, 8504.0, 9325.0, 10036.0, 10220.0, 10320.0, 10410.0, 22844.0, 22900.0, 23418.0, 54922.0, 55698.0, 64170.0, 80139.0, 80741.0, 84106.0, 117583.0, 131544.0, 169166.0, 389362.0, 100506658.0 
GO:0071013 CC 1.05e-04  4/3007    86/15181 D04 catalytic step 2 spliceosome             7307.0, 51690.0, 53938.0, 57819.0 
GO:0030496 CC 1.47e-04 14/3007   163/15181 D02 midbody                                  1062.0, 1663.0, 1894.0, 5899.0, 8826.0, 9055.0, 23255.0, 29082.0, 56155.0, 57026.0, 64780.0, 79801.0, 84722.0, 153020.0 
GO:0000781 CC 2.11e-04 12/3007   145/15181 D03 chromosome, telomeric region             3014.0, 4175.0, 8361.0, 8363.0, 8365.0, 8366.0, 8367.0, 9401.0, 11200.0, 55655.0, 79991.0, 152485.0 
GO:1904115 CC 2.96e-04  2/3007    61/15181 D06 axon cytoplasm                           3315.0, 9001.0 
GO:0005635 CC 4.22e-04 16/3007   169/15181 D04 nuclear envelope                         240.0, 1192.0, 1536.0, 3643.0, 4745.0, 5595.0, 6277.0, 11097.0, 11145.0, 23399.0, 26509.0, 55613.0, 79902.0, 90523.0, 127845.0, 160492.0 
GO:0005758 CC 4.66e-04  4/3007    77/15181 D06 mitochondrial intermembrane space        4702.0, 10628.0, 11315.0, 153768.0 
GO:0005789 CC 4.68e-04 126/3007   830/15181 D04 endoplasmic reticulum membrane           338.0, 487.0, 596.0, 745.0, 837.0, 920.0, 950.0, 1131.0, 1536.0, 1545.0, 1571.0, 1573.0, 1956.0, 2330.0, 2697.0, 2890.0, 3140.0, 3249.0, 3291.0, 3601.0, 3709.0, 3710.0, 3737.0, 3838.0, 4047.0, 4051.0, 4257.0, 4599.0, 4855.0, 5355.0, 5740.0, 5742.0, 5826.0, 5881.0, 5959.0, 6272.0, 6713.0, 6717.0, 6890.0, 6891.0, 7098.0, 7466.0, 7494.0, 7922.0, 8323.0, 8613.0, 8987.0, 9200.0, 9249.0, 9381.0, 9536.0, 10125.0, 10159.0, 10324.0, 10826.0, 10858.0, 10897.0, 10901.0, 10970.0, 11001.0, 11145.0, 23120.0, 23399.0, 26002.0, 29929.0, 50999.0, 51016.0, 51141.0, 51257.0, 51284.0, 51435.0, 51703.0, 53407.0, 54732.0, 54947.0, 55080.0, 55304.0, 56605.0, 57146.0, 57462.0, 57467.0, 57540.0, 64285.0, 64429.0, 64816.0, 64834.0, 64900.0, 65992.0, 66002.0, 79022.0, 79053.0, 79651.0, 79669.0, 79844.0, 79971.0, 80235.0, 80270.0, 80346.0, 81622.0, 83440.0, 83787.0, 84270.0, 84812.0, 84867.0, 89866.0, 90527.0, 94101.0, 116443.0, 121457.0, 122618.0, 128486.0, 129807.0, 140578.0, 145226.0, 147138.0, 154197.0, 195814.0, 196410.0, 196446.0, 204219.0, 219855.0, 285973.0, 338773.0, 408050.0, 729238.0, 111240474.0 
GO:0035861 CC 5.75e-04  3/3007    67/15181 D03 site of double-strand break              3014.0, 10109.0, 78996.0 
GO:0016604 CC 5.87e-04 35/3007   290/15181 D02 nuclear body                             463.0, 648.0, 672.0, 1026.0, 1894.0, 2138.0, 2313.0, 4772.0, 4810.0, 6239.0, 6606.0, 6607.0, 7089.0, 7546.0, 7706.0, 8270.0, 8553.0, 8556.0, 9325.0, 9443.0, 9572.0, 9612.0, 9771.0, 10346.0, 10420.0, 10699.0, 11130.0, 23582.0, 54463.0, 57713.0, 83444.0, 84851.0, 139285.0, 143570.0, 399818.0 
GO:0038023 MF 6.66e-09 56/3007   135/15181 D02 signaling receptor activity              187.0, 920.0, 942.0, 1131.0, 1240.0, 1441.0, 2051.0, 2532.0, 2890.0, 2894.0, 3383.0, 3587.0, 3588.0, 3687.0, 4163.0, 4360.0, 4855.0, 4883.0, 4887.0, 4995.0, 5028.0, 5031.0, 6238.0, 7056.0, 7096.0, 7097.0, 7098.0, 7099.0, 8029.0, 8795.0, 8828.0, 9369.0, 9902.0, 9936.0, 10159.0, 10333.0, 10894.0, 22829.0, 22918.0, 22925.0, 23531.0, 51094.0, 54209.0, 54852.0, 55504.0, 60401.0, 65078.0, 81793.0, 114908.0, 116443.0, 131450.0, 152559.0, 283659.0, 344838.0, 375033.0, 389289.0 
GO:0004888 MF 1.95e-07 35/3007    75/15181 D03 transmembrane signaling receptor activity 920.0, 950.0, 960.0, 1956.0, 2064.0, 2212.0, 2214.0, 2532.0, 2740.0, 3383.0, 3554.0, 3953.0, 4360.0, 6693.0, 7056.0, 7096.0, 7097.0, 7098.0, 7099.0, 9127.0, 9466.0, 10261.0, 10333.0, 10894.0, 27181.0, 51284.0, 51310.0, 54209.0, 55879.0, 57413.0, 81793.0, 84168.0, 127943.0, 150372.0, 284021.0 
GO:0005201 MF 5.54e-07 38/3007    88/15181 D02 extracellular matrix structural constituent 165.0, 633.0, 920.0, 1286.0, 1290.0, 1296.0, 1297.0, 1299.0, 1301.0, 2006.0, 2202.0, 2335.0, 3371.0, 3490.0, 3491.0, 3908.0, 3909.0, 4811.0, 5549.0, 6678.0, 7057.0, 7058.0, 7373.0, 7784.0, 8425.0, 10875.0, 25890.0, 50509.0, 79812.0, 79875.0, 80144.0, 80781.0, 91522.0, 157869.0, 169044.0, 255631.0, 340267.0, 375790.0 
GO:0004930 MF 9.12e-07 58/3007   158/15181 D04 G protein-coupled receptor activity      134.0, 136.0, 140.0, 148.0, 150.0, 152.0, 154.0, 187.0, 719.0, 1240.0, 1268.0, 1524.0, 1816.0, 2532.0, 2847.0, 2849.0, 2857.0, 2859.0, 2915.0, 2918.0, 2925.0, 3269.0, 4923.0, 4986.0, 4988.0, 4992.0, 4995.0, 5031.0, 5724.0, 5995.0, 6751.0, 7855.0, 8323.0, 8324.0, 8590.0, 9170.0, 9293.0, 10161.0, 10203.0, 10886.0, 11251.0, 23566.0, 23620.0, 50831.0, 50839.0, 57121.0, 57512.0, 64123.0, 81466.0, 84435.0, 259289.0, 259291.0, 259292.0, 259294.0, 343171.0, 391190.0, 401994.0, 653160.0 
GO:0005125 MF 9.17e-07 30/3007    64/15181 D05 cytokine activity                        650.0, 654.0, 655.0, 1906.0, 2247.0, 2660.0, 2662.0, 3084.0, 3603.0, 3623.0, 3625.0, 4282.0, 4693.0, 6696.0, 7040.0, 7043.0, 7473.0, 7474.0, 7476.0, 7857.0, 8744.0, 10220.0, 10637.0, 53342.0, 55258.0, 64388.0, 114900.0, 116173.0, 151449.0, 353500.0 
GO:0008083 MF 2.58e-06 34/3007    79/15181 D05 growth factor activity                   183.0, 268.0, 650.0, 654.0, 655.0, 685.0, 2202.0, 2247.0, 2254.0, 2257.0, 2277.0, 2660.0, 2662.0, 3082.0, 3084.0, 3481.0, 3623.0, 3625.0, 4192.0, 5154.0, 5764.0, 6387.0, 7040.0, 7043.0, 7060.0, 7873.0, 10220.0, 10637.0, 10718.0, 26281.0, 51293.0, 80310.0, 151449.0, 353500.0 
GO:0008201 MF 1.29e-05 39/3007   101/15181 D04 heparin binding                          334.0, 338.0, 655.0, 1301.0, 2160.0, 2247.0, 2254.0, 2264.0, 2335.0, 2660.0, 3024.0, 3491.0, 4023.0, 4192.0, 4745.0, 5549.0, 5764.0, 5788.0, 6422.0, 6585.0, 7057.0, 7058.0, 7060.0, 7123.0, 8828.0, 9388.0, 10457.0, 11096.0, 11167.0, 26577.0, 50509.0, 59271.0, 64093.0, 64388.0, 65078.0, 84570.0, 84870.0, 91522.0, 340419.0 
GO:0004867 MF 1.74e-05 18/3007    34/15181 D06 serine-type endopeptidase inhibitor activity 2.0, 183.0, 334.0, 710.0, 871.0, 1293.0, 5272.0, 5274.0, 5276.0, 6695.0, 10406.0, 27344.0, 51232.0, 58189.0, 80760.0, 89932.0, 135228.0, 340267.0 
GO:0030020 MF 4.54e-05 16/3007    30/15181 D03 extracellular matrix structural constituent conferring tensile strength 1286.0, 1290.0, 1291.0, 1292.0, 1293.0, 1296.0, 1297.0, 1299.0, 1301.0, 7373.0, 50509.0, 80781.0, 84570.0, 91522.0, 255631.0, 340267.0 
GO:0005102 MF 5.27e-05 71/3007   229/15181 D03 signaling receptor binding               2.0, 268.0, 409.0, 650.0, 718.0, 1003.0, 1908.0, 2335.0, 2444.0, 2533.0, 2660.0, 2697.0, 2847.0, 3055.0, 3082.0, 3084.0, 3106.0, 3385.0, 3425.0, 3485.0, 3487.0, 3489.0, 3623.0, 3717.0, 3908.0, 4023.0, 4880.0, 5788.0, 5789.0, 5919.0, 6387.0, 6404.0, 6503.0, 6717.0, 6850.0, 7099.0, 7476.0, 8744.0, 8862.0, 9001.0, 10333.0, 10384.0, 10385.0, 10630.0, 10718.0, 10758.0, 10875.0, 10882.0, 11118.0, 11119.0, 11120.0, 11197.0, 11249.0, 11315.0, 23765.0, 26281.0, 27344.0, 30010.0, 51129.0, 51162.0, 55107.0, 80350.0, 80381.0, 83854.0, 84870.0, 84929.0, 94030.0, 118788.0, 126147.0, 221806.0, 340419.0 
GO:0050135 MF 5.69e-05  9/3007    12/15181 D05 NAD(P)+ nucleosidase activity            683.0, 952.0, 3554.0, 3556.0, 7096.0, 7097.0, 7099.0, 10333.0, 81793.0 
GO:0061809 MF 5.69e-05  9/3007    12/15181 D06 NAD+ nucleotidase, cyclic ADP-ribose generating 683.0, 952.0, 3554.0, 3556.0, 7096.0, 7097.0, 7099.0, 10333.0, 81793.0 
GO:0005179 MF 7.66e-05 16/3007    31/15181 D05 hormone activity                         183.0, 268.0, 1906.0, 1908.0, 3481.0, 3623.0, 3625.0, 4880.0, 5744.0, 6750.0, 6781.0, 7038.0, 8614.0, 8862.0, 79006.0, 375704.0 
GO:0004896 MF 1.25e-04 16/3007    32/15181 D04 cytokine receptor activity               960.0, 972.0, 1441.0, 2152.0, 2690.0, 3587.0, 3588.0, 3597.0, 3598.0, 3601.0, 3953.0, 9466.0, 53832.0, 53833.0, 55540.0, 163702.0 
GO:0023026 MF 2.80e-04 11/3007    19/15181 D04 MHC class II protein complex binding     567.0, 920.0, 972.0, 975.0, 3108.0, 3109.0, 3111.0, 3113.0, 3115.0, 3119.0, 3122.0 
GO:0045028 MF 3.04e-04  5/3007     5/15181 D06 G protein-coupled purinergic nucleotide receptor activity 2857.0, 5028.0, 5724.0, 53829.0, 64805.0 
GO:0008048 MF 3.04e-04  5/3007     5/15181 D06 calcium sensitive guanylate cyclase activator activity 2978.0, 2979.0, 5957.0, 23413.0, 118142757.0 
GO:0005515 MF 5.50e-42 1613/3007  9777/15181 D02 protein binding                          2.0, 32.0, 33.0, 39.0, 56.0, 58.0, 60.0, 134.0, 136.0, 148.0, 150.0, 152.0, 154.0, 183.0, 187.0, 191.0, 199.0, 216.0, 230.0, 238.0, 240.0, 268.0, 272.0, 307.0, 308.0, 313.0, 323.0, 330.0, 334.0, 338.0, 341.0, 369.0, 393.0, 397.0, 409.0, 421.0, 429.0, 443.0, 463.0, 487.0, 501.0, 513.0, 518.0, 567.0, 585.0, 590.0, 595.0, 596.0, 613.0, 633.0, 637.0, 639.0, 648.0, 650.0, 655.0, 658.0, 672.0, 684.0, 685.0, 688.0, 694.0, 695.0, 699.0, 710.0, 712.0, 713.0, 714.0, 715.0, 718.0, 752.0, 762.0, 779.0, 783.0, 817.0, 825.0, 837.0, 840.0, 841.0, 860.0, 865.0, 871.0, 920.0, 925.0, 942.0, 950.0, 957.0, 960.0, 963.0, 972.0, 975.0, 977.0, 994.0, 1003.0, 1020.0, 1026.0, 1050.0, 1062.0, 1073.0, 1075.0, 1104.0, 1124.0, 1131.0, 1138.0, 1139.0, 1140.0, 1159.0, 1160.0, 1164.0, 1192.0, 1212.0, 1240.0, 1268.0, 1292.0, 1297.0, 1329.0, 1349.0, 1373.0, 1375.0, 1436.0, 1441.0, 1512.0, 1519.0, 1524.0, 1534.0, 1536.0, 1545.0, 1602.0, 1604.0, 1628.0, 1641.0, 1643.0, 1645.0, 1663.0, 1674.0, 1690.0, 1728.0, 1774.0, 1789.0, 1794.0, 1796.0, 1807.0, 1809.0, 1815.0, 1816.0, 1843.0, 1846.0, 1852.0, 1894.0, 1906.0, 1946.0, 1956.0, 1959.0, 1961.0, 1962.0, 1978.0, 1979.0, 1993.0, 1997.0, 2006.0, 2009.0, 2012.0, 2018.0, 2038.0, 2054.0, 2059.0, 2060.0, 2064.0, 2110.0, 2115.0, 2122.0, 2138.0, 2152.0, 2160.0, 2162.0, 2175.0, 2187.0, 2191.0, 2195.0, 2202.0, 2212.0, 2214.0, 2247.0, 2257.0, 2264.0, 2274.0, 2275.0, 2277.0, 2280.0, 2289.0, 2313.0, 2321.0, 2335.0, 2353.0, 2444.0, 2519.0, 2533.0, 2565.0, 2571.0, 2572.0, 2584.0, 2622.0, 2645.0, 2660.0, 2670.0, 2690.0, 2697.0, 2736.0, 2740.0, 2752.0, 2774.0, 2784.0, 2786.0, 2790.0, 2791.0, 2874.0, 2878.0, 2888.0, 2890.0, 2915.0, 2947.0, 2948.0, 2978.0, 2979.0, 3006.0, 3014.0, 3024.0, 3036.0, 3043.0, 3055.0, 3065.0, 3070.0, 3071.0, 3081.0, 3082.0, 3083.0, 3106.0, 3107.0, 3108.0, 3109.0, 3111.0, 3115.0, 3119.0, 3122.0, 3140.0, 3142.0, 3164.0, 3208.0, 3241.0, 3249.0, 3315.0, 3339.0, 3356.0, 3363.0, 3371.0, 3383.0, 3385.0, 3394.0, 3397.0, 3400.0, 3428.0, 3433.0, 3476.0, 3481.0, 3485.0, 3486.0, 3487.0, 3489.0, 3490.0, 3491.0, 3547.0, 3554.0, 3587.0, 3588.0, 3597.0, 3598.0, 3601.0, 3623.0, 3625.0, 3632.0, 3635.0, 3643.0, 3655.0, 3663.0, 3667.0, 3674.0, 3678.0, 3687.0, 3689.0, 3707.0, 3710.0, 3717.0, 3726.0, 3737.0, 3754.0, 3761.0, 3767.0, 3768.0, 3781.0, 3787.0, 3795.0, 3797.0, 3815.0, 3838.0, 3903.0, 3953.0, 3959.0, 3964.0, 4004.0, 4005.0, 4023.0, 4026.0, 4047.0, 4062.0, 4085.0, 4094.0, 4129.0, 4145.0, 4163.0, 4175.0, 4192.0, 4217.0, 4257.0, 4261.0, 4267.0, 4282.0, 4330.0, 4336.0, 4356.0, 4360.0, 4430.0, 4435.0, 4438.0, 4481.0, 4493.0, 4495.0, 4499.0, 4501.0, 4502.0, 4512.0, 4536.0, 4537.0, 4542.0, 4547.0, 4598.0, 4599.0, 4600.0, 4602.0, 4604.0, 4615.0, 4625.0, 4629.0, 4638.0, 4643.0, 4645.0, 4671.0, 4692.0, 4693.0, 4701.0, 4702.0, 4703.0, 4711.0, 4736.0, 4745.0, 4772.0, 4783.0, 4794.0, 4798.0, 4808.0, 4809.0, 4814.0, 4842.0, 4843.0, 4846.0, 4855.0, 4860.0, 4868.0, 4883.0, 4885.0, 4887.0, 4905.0, 4923.0, 4931.0, 4939.0, 4973.0, 4986.0, 4988.0, 5028.0, 5031.0, 5074.0, 5096.0, 5106.0, 5138.0, 5140.0, 5152.0, 5153.0, 5154.0, 5160.0, 5166.0, 5167.0, 5203.0, 5207.0, 5224.0, 5241.0, 5264.0, 5272.0, 5276.0, 5294.0, 5297.0, 5332.0, 5333.0, 5346.0, 5355.0, 5359.0, 5376.0, 5409.0, 5414.0, 5420.0, 5426.0, 5439.0, 5502.0, 5519.0, 5522.0, 5552.0, 5578.0, 5580.0, 5588.0, 5595.0, 5598.0, 5603.0, 5609.0, 5613.0, 5646.0, 5654.0, 5693.0, 5699.0, 5724.0, 5740.0, 5742.0, 5744.0, 5754.0, 5764.0, 5774.0, 5777.0, 5788.0, 5789.0, 5800.0, 5818.0, 5826.0, 5829.0, 5836.0, 5872.0, 5881.0, 5893.0, 5899.0, 5916.0, 5918.0, 5919.0, 5925.0, 5935.0, 5950.0, 5961.0, 5973.0, 5990.0, 5995.0, 6001.0, 6004.0, 6091.0, 6094.0, 6134.0, 6150.0, 6158.0, 6182.0, 6201.0, 6203.0, 6204.0, 6228.0, 6231.0, 6234.0, 6236.0, 6258.0, 6272.0, 6277.0, 6281.0, 6285.0, 6299.0, 6303.0, 6385.0, 6387.0, 6404.0, 6422.0, 6433.0, 6449.0, 6456.0, 6470.0, 6491.0, 6502.0, 6503.0, 6518.0, 6527.0, 6546.0, 6581.0, 6585.0, 6591.0, 6603.0, 6606.0, 6607.0, 6609.0, 6657.0, 6663.0, 6665.0, 6678.0, 6693.0, 6695.0, 6696.0, 6713.0, 6717.0, 6750.0, 6751.0, 6772.0, 6781.0, 6799.0, 6813.0, 6850.0, 6869.0, 6886.0, 6890.0, 6891.0, 6936.0, 7038.0, 7040.0, 7043.0, 7048.0, 7050.0, 7052.0, 7056.0, 7057.0, 7058.0, 7060.0, 7075.0, 7077.0, 7089.0, 7090.0, 7096.0, 7097.0, 7098.0, 7099.0, 7122.0, 7127.0, 7132.0, 7145.0, 7159.0, 7166.0, 7186.0, 7188.0, 7225.0, 7227.0, 7267.0, 7307.0, 7318.0, 7347.0, 7352.0, 7409.0, 7410.0, 7431.0, 7436.0, 7453.0, 7466.0, 7473.0, 7474.0, 7476.0, 7494.0, 7516.0, 7538.0, 7545.0, 7571.0, 7706.0, 7718.0, 7737.0, 7784.0, 7805.0, 7849.0, 7855.0, 7857.0, 7873.0, 7922.0, 8013.0, 8029.0, 8038.0, 8140.0, 8187.0, 8192.0, 8214.0, 8218.0, 8226.0, 8269.0, 8270.0, 8293.0, 8323.0, 8324.0, 8335.0, 8340.0, 8350.0, 8361.0, 8363.0, 8365.0, 8366.0, 8367.0, 8407.0, 8424.0, 8425.0, 8449.0, 8450.0, 8458.0, 8504.0, 8544.0, 8553.0, 8556.0, 8558.0, 8613.0, 8623.0, 8654.0, 8655.0, 8692.0, 8728.0, 8764.0, 8795.0, 8819.0, 8826.0, 8828.0, 8832.0, 8857.0, 8905.0, 8912.0, 8938.0, 8940.0, 8987.0, 9001.0, 9015.0, 9054.0, 9055.0, 9060.0, 9079.0, 9098.0, 9111.0, 9114.0, 9132.0, 9170.0, 9189.0, 9194.0, 9196.0, 9200.0, 9229.0, 9231.0, 9246.0, 9260.0, 9293.0, 9308.0, 9315.0, 9325.0, 9332.0, 9342.0, 9355.0, 9382.0, 9401.0, 9403.0, 9413.0, 9423.0, 9425.0, 9429.0, 9442.0, 9443.0, 9452.0, 9455.0, 9456.0, 9457.0, 9466.0, 9473.0, 9478.0, 9516.0, 9536.0, 9545.0, 9557.0, 9572.0, 9580.0, 9588.0, 9607.0, 9612.0, 9618.0, 9625.0, 9628.0, 9641.0, 9695.0, 9696.0, 9697.0, 9729.0, 9741.0, 9781.0, 9805.0, 9806.0, 9831.0, 9846.0, 9873.0, 9882.0, 9891.0, 9899.0, 9902.0, 9903.0, 9906.0, 9935.0, 9936.0, 9940.0, 9961.0, 9980.0, 10008.0, 10036.0, 10049.0, 10069.0, 10078.0, 10082.0, 10100.0, 10105.0, 10109.0, 10123.0, 10159.0, 10160.0, 10161.0, 10203.0, 10215.0, 10220.0, 10227.0, 10229.0, 10252.0, 10266.0, 10267.0, 10272.0, 10287.0, 10309.0, 10317.0, 10320.0, 10324.0, 10333.0, 10342.0, 10346.0, 10365.0, 10379.0, 10385.0, 10389.0, 10406.0, 10410.0, 10420.0, 10451.0, 10457.0, 10458.0, 10471.0, 10475.0, 10519.0, 10561.0, 10566.0, 10611.0, 10620.0, 10628.0, 10630.0, 10643.0, 10666.0, 10699.0, 10721.0, 10758.0, 10801.0, 10804.0, 10826.0, 10841.0, 10859.0, 10863.0, 10882.0, 10894.0, 10897.0, 10965.0, 10970.0, 10973.0, 10979.0, 10993.0, 11004.0, 11006.0, 11007.0, 11033.0, 11075.0, 11096.0, 11097.0, 11118.0, 11119.0, 11130.0, 11145.0, 11157.0, 11167.0, 11170.0, 11184.0, 11197.0, 11200.0, 11214.0, 11221.0, 11278.0, 11315.0, 11332.0, 11337.0, 11341.0, 11344.0, 22797.0, 22809.0, 22829.0, 22844.0, 22846.0, 22854.0, 22900.0, 22909.0, 22918.0, 22981.0, 22987.0, 23052.0, 23066.0, 23075.0, 23090.0, 23099.0, 23120.0, 23129.0, 23166.0, 23189.0, 23199.0, 23209.0, 23234.0, 23241.0, 23251.0, 23283.0, 23303.0, 23314.0, 23324.0, 23336.0, 23339.0, 23399.0, 23413.0, 23418.0, 23421.0, 23475.0, 23500.0, 23531.0, 23564.0, 23566.0, 23582.0, 23589.0, 23593.0, 23604.0, 23619.0, 23643.0, 23657.0, 23678.0, 23683.0, 23765.0, 25759.0, 25780.0, 25797.0, 25822.0, 25825.0, 25830.0, 25837.0, 25839.0, 25840.0, 25849.0, 25861.0, 25865.0, 25885.0, 25924.0, 25936.0, 25945.0, 25959.0, 26002.0, 26050.0, 26119.0, 26147.0, 26150.0, 26152.0, 26153.0, 26191.0, 26232.0, 26353.0, 26355.0, 26468.0, 26509.0, 26524.0, 26762.0, 27124.0, 27128.0, 27132.0, 27181.0, 27185.0, 27242.0, 27253.0, 27341.0, 28514.0, 28955.0, 28959.0, 28984.0, 28987.0, 28992.0, 29074.0, 29082.0, 29088.0, 29103.0, 29106.0, 29109.0, 29116.0, 29893.0, 29894.0, 29925.0, 29969.0, 29990.0, 29994.0, 30820.0, 30827.0, 30845.0, 30846.0, 50617.0, 50839.0, 50999.0, 51016.0, 51027.0, 51053.0, 51094.0, 51099.0, 51119.0, 51129.0, 51131.0, 51141.0, 51148.0, 51149.0, 51155.0, 51162.0, 51171.0, 51172.0, 51181.0, 51191.0, 51192.0, 51196.0, 51233.0, 51257.0, 51265.0, 51268.0, 51282.0, 51284.0, 51285.0, 51286.0, 51291.0, 51293.0, 51296.0, 51310.0, 51324.0, 51334.0, 51339.0, 51363.0, 51364.0, 51393.0, 51409.0, 51411.0, 51435.0, 51466.0, 51473.0, 51477.0, 51522.0, 51531.0, 51540.0, 51545.0, 51601.0, 51616.0, 51634.0, 51657.0, 51659.0, 51690.0, 51703.0, 51805.0, 53407.0, 53822.0, 53829.0, 53832.0, 53833.0, 53938.0, 54065.0, 54069.0, 54103.0, 54209.0, 54221.0, 54407.0, 54463.0, 54502.0, 54510.0, 54518.0, 54532.0, 54550.0, 54682.0, 54732.0, 54734.0, 54769.0, 54795.0, 54796.0, 54809.0, 54820.0, 54852.0, 54855.0, 54874.0, 54908.0, 54918.0, 54922.0, 54930.0, 54938.0, 54947.0, 54958.0, 54962.0, 54974.0, 54987.0, 55007.0, 55012.0, 55022.0, 55039.0, 55051.0, 55055.0, 55080.0, 55107.0, 55117.0, 55124.0, 55138.0, 55149.0, 55150.0, 55170.0, 55171.0, 55178.0, 55191.0, 55210.0, 55244.0, 55278.0, 55280.0, 55282.0, 55304.0, 55325.0, 55328.0, 55342.0, 55346.0, 55349.0, 55353.0, 55357.0, 55502.0, 55504.0, 55515.0, 55521.0, 55534.0, 55540.0, 55544.0, 55553.0, 55558.0, 55609.0, 55613.0, 55619.0, 55620.0, 55621.0, 55636.0, 55643.0, 55644.0, 55655.0, 55672.0, 55690.0, 55698.0, 55713.0, 55732.0, 55742.0, 55768.0, 55769.0, 55779.0, 55796.0, 55803.0, 55805.0, 55806.0, 55818.0, 55879.0, 55892.0, 55897.0, 55917.0, 55969.0, 55998.0, 56005.0, 56155.0, 56241.0, 56256.0, 56262.0, 56288.0, 56301.0, 56479.0, 56605.0, 56672.0, 56675.0, 56884.0, 56898.0, 56937.0, 56942.0, 56952.0, 56963.0, 56971.0, 57007.0, 57026.0, 57105.0, 57116.0, 57146.0, 57148.0, 57161.0, 57172.0, 57175.0, 57176.0, 57185.0, 57214.0, 57381.0, 57447.0, 57467.0, 57471.0, 57491.0, 57493.0, 57616.0, 57654.0, 57657.0, 57696.0, 57707.0, 57709.0, 57713.0, 57718.0, 57730.0, 57761.0, 57804.0, 57819.0, 58157.0, 58475.0, 58485.0, 58488.0, 58492.0, 58499.0, 59272.0, 59277.0, 59338.0, 60401.0, 60491.0, 63826.0, 63827.0, 63922.0, 63979.0, 64065.0, 64093.0, 64105.0, 64130.0, 64135.0, 64168.0, 64170.0, 64231.0, 64241.0, 64285.0, 64399.0, 64417.0, 64429.0, 64518.0, 64581.0, 64780.0, 64784.0, 64794.0, 64834.0, 64848.0, 64855.0, 64919.0, 64978.0, 65078.0, 65992.0, 65997.0, 66002.0, 78989.0, 78996.0, 79022.0, 79026.0, 79053.0, 79075.0, 79083.0, 79095.0, 79132.0, 79149.0, 79161.0, 79173.0, 79364.0, 79443.0, 79622.0, 79635.0, 79651.0, 79669.0, 79682.0, 79685.0, 79705.0, 79722.0, 79745.0, 79752.0, 79770.0, 79792.0, 79801.0, 79803.0, 79812.0, 79837.0, 79841.0, 79844.0, 79873.0, 79890.0, 79901.0, 79902.0, 79953.0, 79971.0, 79986.0, 79991.0, 80110.0, 80139.0, 80221.0, 80270.0, 80328.0, 80342.0, 80346.0, 80350.0, 80381.0, 80704.0, 80705.0, 80726.0, 80763.0, 80824.0, 80854.0, 81603.0, 81622.0, 81629.0, 81704.0, 81793.0, 81932.0, 83444.0, 83461.0, 83478.0, 83593.0, 83640.0, 83853.0, 83861.0, 83871.0, 83985.0, 84034.0, 84063.0, 84072.0, 84073.0, 84106.0, 84152.0, 84168.0, 84215.0, 84217.0, 84221.0, 84278.0, 84281.0, 84283.0, 84306.0, 84340.0, 84433.0, 84515.0, 84532.0, 84548.0, 84617.0, 84662.0, 84678.0, 84693.0, 84695.0, 84722.0, 84727.0, 84733.0, 84790.0, 84795.0, 84807.0, 84812.0, 84867.0, 84868.0, 84875.0, 84888.0, 84889.0, 84914.0, 84929.0, 84950.0, 84958.0, 84984.0, 84996.0, 85016.0, 85027.0, 85236.0, 85352.0, 85377.0, 85417.0, 85441.0, 85450.0, 89765.0, 89790.0, 89832.0, 89857.0, 89866.0, 89891.0, 89958.0, 90313.0, 90550.0, 90557.0, 91156.0, 91408.0, 91522.0, 91574.0, 91607.0, 91612.0, 91653.0, 91947.0, 92565.0, 93010.0, 93100.0, 93343.0, 93953.0, 94101.0, 94121.0, 94233.0, 112950.0, 112970.0, 113277.0, 114757.0, 114801.0, 114823.0, 114876.0, 114884.0, 114899.0, 114900.0, 114904.0, 114908.0, 114990.0, 115106.0, 115123.0, 115207.0, 115265.0, 115294.0, 115362.0, 115827.0, 115948.0, 116028.0, 116113.0, 116135.0, 116173.0, 116443.0, 116448.0, 116496.0, 116540.0, 116541.0, 116832.0, 117155.0, 117246.0, 117247.0, 117248.0, 117289.0, 117583.0, 117584.0, 118788.0, 119391.0, 120406.0, 120939.0, 121256.0, 121457.0, 121665.0, 122553.0, 122786.0, 123283.0, 123606.0, 124446.0, 124944.0, 125058.0, 126068.0, 126074.0, 126282.0, 126375.0, 126433.0, 126549.0, 126868.0, 126969.0, 127255.0, 127665.0, 127845.0, 128434.0, 128486.0, 128497.0, 128853.0, 129530.0, 129807.0, 130132.0, 130557.0, 130813.0, 130827.0, 130916.0, 131450.0, 131583.0, 132001.0, 132014.0, 132158.0, 132321.0, 132671.0, 132851.0, 134121.0, 134285.0, 134359.0, 135154.0, 139285.0, 139818.0, 140578.0, 140706.0, 140803.0, 140823.0, 143162.0, 144402.0, 145226.0, 146395.0, 146664.0, 146845.0, 147138.0, 147372.0, 147495.0, 147657.0, 147841.0, 148362.0, 148979.0, 150082.0, 150372.0, 151242.0, 151393.0, 151449.0, 151531.0, 152015.0, 152206.0, 152273.0, 152485.0, 152559.0, 153090.0, 153328.0, 154043.0, 155368.0, 157310.0, 157753.0, 157777.0, 158219.0, 158326.0, 158787.0, 158866.0, 159686.0, 160140.0, 160760.0, 161253.0, 162681.0, 162968.0, 162993.0, 163227.0, 163702.0, 164684.0, 167410.0, 167681.0, 167838.0, 169166.0, 170261.0, 170302.0, 192668.0, 195814.0, 196463.0, 196792.0, 196883.0, 197257.0, 197320.0, 197335.0, 199221.0, 200728.0, 200734.0, 201254.0, 201294.0, 201799.0, 201973.0, 202151.0, 203228.0, 203286.0, 204219.0, 206358.0, 207063.0, 219621.0, 219699.0, 219738.0, 220004.0, 220388.0, 220441.0, 221150.0, 221472.0, 221527.0, 221687.0, 221981.0, 222389.0, 225689.0, 246176.0, 246184.0, 246329.0, 252839.0, 253714.0, 253769.0, 254295.0, 254427.0, 254778.0, 255394.0, 255631.0, 256227.0, 256309.0, 257019.0, 257169.0, 257194.0, 259173.0, 259294.0, 260425.0, 266743.0, 282996.0, 283219.0, 283248.0, 283310.0, 283431.0, 283514.0, 283578.0, 283807.0, 283985.0, 284021.0, 284058.0, 284111.0, 284297.0, 284338.0, 284390.0, 284403.0, 284656.0, 285025.0, 285613.0, 285971.0, 286077.0, 326624.0, 326625.0, 339390.0, 339665.0, 339804.0, 339834.0, 340152.0, 340156.0, 340419.0, 340547.0, 340596.0, 341640.0, 342132.0, 342372.0, 342667.0, 342908.0, 342977.0, 344787.0, 345079.0, 347902.0, 348174.0, 348487.0, 349334.0, 374407.0, 374654.0, 374887.0, 374946.0, 375033.0, 375567.0, 375790.0, 378708.0, 387357.0, 387700.0, 387849.0, 388372.0, 388677.0, 389289.0, 400506.0, 401494.0, 401541.0, 401994.0, 402117.0, 402682.0, 408050.0, 408263.0, 440093.0, 440097.0, 440295.0, 440503.0, 440603.0, 441150.0, 441168.0, 441250.0, 493829.0, 548596.0, 642273.0, 647309.0, 653247.0, 653784.0, 728047.0, 728689.0, 729238.0, 729438.0, 751071.0, 100129583.0, 100130086.0, 100131997.0, 100132074.0, 100287171.0, 100505879.0, 100506658.0, 100507436.0, 102724023.0, 111240474.0, 118142757.0 
GO:0003723 MF 6.61e-30 114/3007  1302/15181 D04 RNA binding                              105.0, 672.0, 684.0, 871.0, 1728.0, 1787.0, 1993.0, 2138.0, 3006.0, 3315.0, 3428.0, 3433.0, 3838.0, 4329.0, 4736.0, 4809.0, 4858.0, 4931.0, 5822.0, 5935.0, 6134.0, 6150.0, 6158.0, 6182.0, 6201.0, 6203.0, 6204.0, 6228.0, 6231.0, 6234.0, 6238.0, 6433.0, 6606.0, 6607.0, 7145.0, 7307.0, 7373.0, 7538.0, 7706.0, 7873.0, 8187.0, 8361.0, 8363.0, 8365.0, 8366.0, 8367.0, 8449.0, 8940.0, 8971.0, 10495.0, 10643.0, 10970.0, 10973.0, 11097.0, 11157.0, 11344.0, 23255.0, 23283.0, 23536.0, 26995.0, 27341.0, 29088.0, 29106.0, 29958.0, 51081.0, 51119.0, 51191.0, 51634.0, 51690.0, 54039.0, 54502.0, 54514.0, 54855.0, 54938.0, 55124.0, 55149.0, 55178.0, 55342.0, 55345.0, 55544.0, 55621.0, 55796.0, 55998.0, 56267.0, 57696.0, 57819.0, 64092.0, 64135.0, 64283.0, 64318.0, 64794.0, 64848.0, 79026.0, 80114.0, 81691.0, 83640.0, 84950.0, 85441.0, 92312.0, 115207.0, 116541.0, 117246.0, 118460.0, 144983.0, 154197.0, 163033.0, 260294.0, 282996.0, 342977.0, 388115.0, 400506.0, 494115.0, 100132406.0, 102724159.0 
GO:0003677 MF 6.35e-07 96/3007   740/15181 D04 DNA binding                              334.0, 672.0, 1050.0, 1643.0, 1663.0, 1774.0, 1789.0, 2122.0, 2313.0, 3014.0, 3164.0, 3726.0, 3978.0, 4438.0, 4781.0, 4798.0, 5241.0, 5359.0, 5426.0, 5439.0, 5893.0, 5916.0, 5990.0, 6657.0, 6663.0, 6665.0, 6936.0, 7494.0, 7538.0, 7546.0, 7849.0, 8013.0, 8187.0, 8335.0, 8340.0, 8342.0, 8350.0, 8361.0, 8363.0, 8365.0, 8366.0, 8367.0, 8458.0, 8819.0, 8940.0, 9015.0, 9580.0, 9612.0, 10049.0, 10320.0, 10365.0, 10620.0, 10795.0, 11278.0, 23075.0, 25885.0, 26147.0, 26298.0, 29994.0, 51085.0, 51409.0, 54039.0, 54962.0, 55342.0, 55553.0, 55636.0, 57106.0, 57616.0, 58499.0, 63922.0, 64135.0, 78989.0, 79075.0, 79132.0, 79685.0, 79986.0, 83439.0, 84107.0, 84678.0, 84733.0, 85236.0, 85441.0, 94239.0, 116028.0, 116447.0, 124944.0, 130557.0, 152485.0, 157777.0, 201254.0, 204219.0, 222389.0, 246721.0, 378708.0, 440097.0, 100144748.0 
GO:0003729 MF 6.17e-06 15/3007   192/15181 D05 mRNA binding                             4858.0, 6231.0, 7538.0, 10643.0, 11315.0, 23283.0, 51081.0, 54039.0, 54502.0, 55124.0, 55544.0, 131870.0, 282996.0, 340152.0, 342977.0 
GO:0008022 MF 4.33e-05 13/3007   164/15181 D03 protein C-terminus binding               2064.0, 2335.0, 2847.0, 3339.0, 3397.0, 3717.0, 4085.0, 4261.0, 4435.0, 4988.0, 5609.0, 10458.0, 23421.0 
GO:0004843 MF 5.53e-05  3/3007    80/15181 D06 cysteine-type deubiquitinase activity    7347.0, 9098.0, 124739.0 
GO:0031625 MF 6.97e-05 30/3007   277/15181 D05 ubiquitin protein ligase binding         409.0, 596.0, 637.0, 672.0, 841.0, 1026.0, 1956.0, 1959.0, 5899.0, 5925.0, 7186.0, 7188.0, 7466.0, 7805.0, 7855.0, 8323.0, 8450.0, 8764.0, 9246.0, 9588.0, 9618.0, 9641.0, 10628.0, 11200.0, 11337.0, 26191.0, 55353.0, 57761.0, 117584.0, 100287171.0 
GO:0061630 MF 7.89e-05 26/3007   250/15181 D05 ubiquitin protein ligase activity        330.0, 7706.0, 7737.0, 9442.0, 9443.0, 9781.0, 10346.0, 10475.0, 10758.0, 23024.0, 26232.0, 29116.0, 51191.0, 51257.0, 55008.0, 57161.0, 84851.0, 117584.0, 126433.0, 151112.0, 154214.0, 220441.0, 283514.0, 283807.0, 284996.0, 493829.0 
GO:0005524 MF 8.44e-05 200/3007  1275/15181 D08 ATP binding                              32.0, 58.0, 59.0, 60.0, 113.0, 114.0, 238.0, 369.0, 487.0, 513.0, 613.0, 658.0, 695.0, 699.0, 790.0, 817.0, 860.0, 1020.0, 1062.0, 1159.0, 1160.0, 1373.0, 1436.0, 1663.0, 1769.0, 1956.0, 2038.0, 2046.0, 2051.0, 2064.0, 2264.0, 2321.0, 2444.0, 2584.0, 2645.0, 2752.0, 3055.0, 3070.0, 3643.0, 3705.0, 3706.0, 3707.0, 3717.0, 3767.0, 3795.0, 3797.0, 3815.0, 3978.0, 4145.0, 4175.0, 4217.0, 4261.0, 4430.0, 4438.0, 4542.0, 4598.0, 4621.0, 4625.0, 4629.0, 4638.0, 4643.0, 4645.0, 4671.0, 4905.0, 4931.0, 4939.0, 5028.0, 5096.0, 5166.0, 5167.0, 5207.0, 5260.0, 5294.0, 5297.0, 5578.0, 5580.0, 5588.0, 5595.0, 5598.0, 5603.0, 5609.0, 5613.0, 5754.0, 5826.0, 5836.0, 5973.0, 6850.0, 6890.0, 6891.0, 7048.0, 7075.0, 7318.0, 7453.0, 7516.0, 8224.0, 8449.0, 8458.0, 8558.0, 8701.0, 9060.0, 9127.0, 9401.0, 9429.0, 9557.0, 9625.0, 9641.0, 9891.0, 10347.0, 10349.0, 10420.0, 10588.0, 10693.0, 10721.0, 10973.0, 11001.0, 11004.0, 11184.0, 11200.0, 11344.0, 23075.0, 23120.0, 23303.0, 23604.0, 23678.0, 23683.0, 23729.0, 25865.0, 25902.0, 26153.0, 26524.0, 30845.0, 30846.0, 51265.0, 51703.0, 54514.0, 54795.0, 54938.0, 54974.0, 54988.0, 55083.0, 55149.0, 55191.0, 55210.0, 55278.0, 55614.0, 55636.0, 55655.0, 55811.0, 55930.0, 56155.0, 57172.0, 57176.0, 57571.0, 57696.0, 57761.0, 63826.0, 63922.0, 63979.0, 64135.0, 64241.0, 64794.0, 64848.0, 79132.0, 79705.0, 79837.0, 80221.0, 81629.0, 83858.0, 84515.0, 84532.0, 84930.0, 85441.0, 91461.0, 91607.0, 112970.0, 113220.0, 122481.0, 123283.0, 132158.0, 139728.0, 140469.0, 140803.0, 146754.0, 157777.0, 167359.0, 196883.0, 200172.0, 201625.0, 219293.0, 220869.0, 225689.0, 260425.0, 284656.0, 326625.0, 340156.0, 341676.0, 374654.0, 548596.0, 644019.0, 728642.0 
GO:0016887 MF 1.02e-04 36/3007   314/15181 D07 ATP hydrolysis activity                  487.0, 1663.0, 3797.0, 4175.0, 4621.0, 4643.0, 4905.0, 4931.0, 8449.0, 9401.0, 9557.0, 10693.0, 10973.0, 11004.0, 23120.0, 23303.0, 54514.0, 55210.0, 55614.0, 55636.0, 57571.0, 57696.0, 63922.0, 63979.0, 64135.0, 64241.0, 64794.0, 64848.0, 79132.0, 83858.0, 84515.0, 91607.0, 113220.0, 126074.0, 219293.0, 374654.0 
GO:0042393 MF 1.09e-04 13/3007   156/15181 D03 histone binding                          1104.0, 1164.0, 3014.0, 3717.0, 6772.0, 8193.0, 10389.0, 23234.0, 23520.0, 55170.0, 55636.0, 57713.0, 79685.0 
GO:0003682 MF 1.19e-04 43/3007   357/15181 D02 chromatin binding                        429.0, 1104.0, 1164.0, 1325.0, 1663.0, 1956.0, 1959.0, 2313.0, 2353.0, 3070.0, 4435.0, 5426.0, 5916.0, 6591.0, 6665.0, 6886.0, 9355.0, 9425.0, 9612.0, 10036.0, 10389.0, 10463.0, 10721.0, 22809.0, 23314.0, 25885.0, 26147.0, 51053.0, 51149.0, 55079.0, 55170.0, 55636.0, 57616.0, 57713.0, 64318.0, 84515.0, 84733.0, 170302.0, 170959.0, 201973.0, 225689.0, 378708.0, 647309.0 
GO:0043130 MF 1.24e-04  5/3007    94/15181 D04 ubiquitin binding                        1164.0, 3315.0, 7347.0, 9246.0, 93343.0 
GO:0047485 MF 1.24e-04  5/3007    94/15181 D03 protein N-terminus binding               3065.0, 3397.0, 4923.0, 9612.0, 11130.0 
GO:0043022 MF 1.31e-04  2/3007    65/15181 D04 ribosome binding                         51119.0, 408050.0 
GO:0004842 MF 1.63e-04 21/3007   211/15181 D04 ubiquitin-protein transferase activity   330.0, 672.0, 1643.0, 7186.0, 7267.0, 7318.0, 7706.0, 9246.0, 9903.0, 10739.0, 23024.0, 26232.0, 29116.0, 51191.0, 51257.0, 55521.0, 115123.0, 154214.0, 220441.0, 221687.0, 283755.0 
GO:0004674 MF 2.09e-04 38/3007   319/15181 D06 protein serine/threonine kinase activity 369.0, 613.0, 658.0, 699.0, 817.0, 1020.0, 4217.0, 4261.0, 5294.0, 5578.0, 5580.0, 5588.0, 5595.0, 5598.0, 5603.0, 5609.0, 6850.0, 7048.0, 8558.0, 9625.0, 9641.0, 9891.0, 10420.0, 11184.0, 11200.0, 23604.0, 23678.0, 25865.0, 26524.0, 79705.0, 81629.0, 84930.0, 140469.0, 140803.0, 167359.0, 225689.0, 341676.0, 728642.0 
GO:0003743 MF 2.95e-04  1/3007    51/15181 D06 translation initiation factor activity   728689.0 
