GO:0006955 BP 1.97e-10 68/3410   147/15181 D02 immune response                          355.0, 654.0, 714.0, 715.0, 718.0, 920.0, 925.0, 942.0, 948.0, 976.0, 1051.0, 1240.0, 1515.0, 1520.0, 1524.0, 1896.0, 2214.0, 2217.0, 2533.0, 2537.0, 3105.0, 3113.0, 3119.0, 3122.0, 3133.0, 3134.0, 3140.0, 3394.0, 3554.0, 3556.0, 3588.0, 3717.0, 4261.0, 4277.0, 4860.0, 4986.0, 5168.0, 5295.0, 5393.0, 6376.0, 6387.0, 6693.0, 6892.0, 7096.0, 7097.0, 7099.0, 7292.0, 7409.0, 7448.0, 7494.0, 7852.0, 8503.0, 8517.0, 8862.0, 9641.0, 10261.0, 10410.0, 10561.0, 10581.0, 11251.0, 22937.0, 23533.0, 50856.0, 57007.0, 57105.0, 80328.0, 81793.0, 100507436.0 
GO:0006954 BP 1.39e-08 85/3410   215/15181 D04 inflammatory response                    134.0, 135.0, 140.0, 199.0, 654.0, 718.0, 719.0, 720.0, 929.0, 958.0, 976.0, 1036.0, 1051.0, 1116.0, 1240.0, 1536.0, 2353.0, 2475.0, 2532.0, 2687.0, 3055.0, 3098.0, 3146.0, 3554.0, 3556.0, 3588.0, 3663.0, 3689.0, 4261.0, 4671.0, 4776.0, 4843.0, 5606.0, 5733.0, 5737.0, 5742.0, 5919.0, 6335.0, 6376.0, 6556.0, 6869.0, 7096.0, 7097.0, 7099.0, 7100.0, 7292.0, 7349.0, 7852.0, 8372.0, 8517.0, 8534.0, 8605.0, 8737.0, 9051.0, 10014.0, 10219.0, 10312.0, 10392.0, 10758.0, 11019.0, 11343.0, 23135.0, 23166.0, 23765.0, 27202.0, 29760.0, 51284.0, 54472.0, 56413.0, 56603.0, 57413.0, 64581.0, 79155.0, 80833.0, 81793.0, 84807.0, 84868.0, 114548.0, 115362.0, 122618.0, 132014.0, 144811.0, 146433.0, 150372.0, 388372.0 
GO:0030217 BP 1.46e-05 17/3410    28/15181 D07 T cell differentiation                   920.0, 1958.0, 3953.0, 3955.0, 5295.0, 5532.0, 5788.0, 6659.0, 7409.0, 8503.0, 10312.0, 10758.0, 26191.0, 51463.0, 54567.0, 55636.0, 57580.0 
GO:0007218 BP 3.09e-05 24/3410    48/15181 D06 neuropeptide signaling pathway           1363.0, 2587.0, 2861.0, 4828.0, 4887.0, 4889.0, 4923.0, 4986.0, 4987.0, 5173.0, 6272.0, 6751.0, 6753.0, 7349.0, 8001.0, 9607.0, 10800.0, 11249.0, 11251.0, 27297.0, 56413.0, 57105.0, 57537.0, 64106.0 
GO:0002250 BP 3.21e-05 36/3410    84/15181 D03 adaptive immune response                 695.0, 920.0, 925.0, 942.0, 1512.0, 1520.0, 1524.0, 2185.0, 3108.0, 3109.0, 3111.0, 3113.0, 3115.0, 3119.0, 3122.0, 3133.0, 3702.0, 3717.0, 3821.0, 3903.0, 4067.0, 4277.0, 6850.0, 6891.0, 7030.0, 8832.0, 8995.0, 10411.0, 10859.0, 11006.0, 11119.0, 25865.0, 50856.0, 84868.0, 89790.0, 115650.0 
GO:0006511 BP 1.44e-06 21/3410   216/15181 D08 ubiquitin-dependent protein catabolic process 6048.0, 6992.0, 7332.0, 7494.0, 8237.0, 8287.0, 9098.0, 9099.0, 23194.0, 23326.0, 25893.0, 27338.0, 51191.0, 51608.0, 54472.0, 55008.0, 57602.0, 84727.0, 117584.0, 123803.0, 283219.0 
GO:0000398 BP 3.10e-06 16/3410   178/15181 D11 mRNA splicing, via spliceosome           2483.0, 4857.0, 4858.0, 6631.0, 7307.0, 8175.0, 10212.0, 10450.0, 11157.0, 53938.0, 54883.0, 54957.0, 55280.0, 79622.0, 79760.0, 84950.0 
GO:0006281 BP 7.49e-06 24/3410   224/15181 D07 DNA repair                               580.0, 672.0, 1663.0, 2070.0, 2139.0, 2175.0, 2968.0, 4331.0, 4521.0, 6119.0, 7516.0, 8438.0, 9401.0, 9557.0, 10036.0, 26270.0, 51149.0, 54780.0, 83444.0, 83933.0, 84268.0, 115004.0, 116028.0, 284131.0 
GO:0016567 BP 7.95e-06 54/3410   398/15181 D09 protein ubiquitination                   330.0, 409.0, 580.0, 672.0, 4008.0, 6992.0, 7318.0, 7332.0, 7681.0, 8835.0, 8881.0, 9306.0, 9442.0, 9443.0, 9903.0, 10299.0, 10324.0, 10475.0, 10739.0, 23024.0, 23066.0, 23194.0, 25893.0, 26094.0, 26233.0, 26270.0, 26271.0, 51191.0, 51257.0, 55008.0, 55128.0, 57654.0, 81786.0, 84282.0, 84727.0, 84851.0, 85363.0, 89122.0, 91107.0, 112950.0, 113878.0, 114804.0, 122416.0, 126433.0, 142684.0, 151525.0, 153830.0, 162333.0, 282808.0, 283219.0, 283514.0, 283807.0, 493829.0, 727800.0 
GO:0006357 BP 8.90e-06 213/3410  1220/15181 D10 regulation of transcription by RNA polymerase II 60.0, 406.0, 429.0, 463.0, 605.0, 672.0, 745.0, 861.0, 1050.0, 1051.0, 1052.0, 1602.0, 1958.0, 1959.0, 2078.0, 2104.0, 2122.0, 2302.0, 2313.0, 2353.0, 2874.0, 3146.0, 3164.0, 3299.0, 3344.0, 3394.0, 3659.0, 3663.0, 3726.0, 4094.0, 4211.0, 4286.0, 4303.0, 4331.0, 4335.0, 4487.0, 4613.0, 4773.0, 4776.0, 4791.0, 4861.0, 5081.0, 5090.0, 5241.0, 5452.0, 5990.0, 6257.0, 6258.0, 6299.0, 6648.0, 6665.0, 6672.0, 6688.0, 6880.0, 6886.0, 7030.0, 7050.0, 7227.0, 7494.0, 7539.0, 7552.0, 7564.0, 7568.0, 7620.0, 7633.0, 7652.0, 7691.0, 7697.0, 7701.0, 7718.0, 7730.0, 7743.0, 7757.0, 7760.0, 7767.0, 7769.0, 7849.0, 7988.0, 8013.0, 8089.0, 8609.0, 8812.0, 9314.0, 9442.0, 9443.0, 9480.0, 9767.0, 9831.0, 9878.0, 10046.0, 10194.0, 10379.0, 10782.0, 10793.0, 10795.0, 11177.0, 22797.0, 22809.0, 23099.0, 23125.0, 23326.0, 23619.0, 26152.0, 26287.0, 29079.0, 29803.0, 29842.0, 29994.0, 30813.0, 51043.0, 51085.0, 51176.0, 51193.0, 51276.0, 51351.0, 51427.0, 51562.0, 53335.0, 54620.0, 54937.0, 55609.0, 55663.0, 55769.0, 55897.0, 57116.0, 57232.0, 57491.0, 57593.0, 57615.0, 60436.0, 63976.0, 64288.0, 64344.0, 64764.0, 79155.0, 79364.0, 79365.0, 79673.0, 79776.0, 81931.0, 83463.0, 83595.0, 84107.0, 84436.0, 84614.0, 84874.0, 84913.0, 84914.0, 84969.0, 90333.0, 91748.0, 112950.0, 113835.0, 115560.0, 116113.0, 117608.0, 122953.0, 125893.0, 126208.0, 126375.0, 127665.0, 136051.0, 139735.0, 146050.0, 147660.0, 147694.0, 148206.0, 148213.0, 155054.0, 158431.0, 162655.0, 162968.0, 163131.0, 163227.0, 168544.0, 169841.0, 195828.0, 197320.0, 201501.0, 220202.0, 220992.0, 222696.0, 253639.0, 266743.0, 282890.0, 283078.0, 283248.0, 284346.0, 284390.0, 284443.0, 286826.0, 339488.0, 342908.0, 345462.0, 374899.0, 388523.0, 388561.0, 388569.0, 389493.0, 390980.0, 400713.0, 440097.0, 442319.0, 654254.0, 729288.0, 730051.0, 730087.0, 731220.0, 100129543.0, 100130086.0, 100529215.0, 109504726.0, 110116772.0 
GO:0015031 BP 4.56e-05 45/3410   331/15181 D05 protein transport                        409.0, 857.0, 1063.0, 4036.0, 4600.0, 4627.0, 4642.0, 6102.0, 6284.0, 6891.0, 7494.0, 8086.0, 8888.0, 9284.0, 9600.0, 9892.0, 9961.0, 9980.0, 10043.0, 10254.0, 10466.0, 10897.0, 11015.0, 23355.0, 25839.0, 27106.0, 51296.0, 51463.0, 51534.0, 51668.0, 53916.0, 56776.0, 57097.0, 60561.0, 79651.0, 80144.0, 83547.0, 84079.0, 90411.0, 91461.0, 93343.0, 126432.0, 127845.0, 401548.0, 100287171.0 
GO:0009897 CC 3.69e-10 75/3410   170/15181 D03 external side of plasma membrane         308.0, 355.0, 432.0, 824.0, 920.0, 925.0, 929.0, 942.0, 948.0, 958.0, 972.0, 1141.0, 1441.0, 1524.0, 1636.0, 2057.0, 2214.0, 2217.0, 2675.0, 3133.0, 3134.0, 3140.0, 3383.0, 3554.0, 3570.0, 3597.0, 3598.0, 3678.0, 3682.0, 3684.0, 3689.0, 3821.0, 3949.0, 3953.0, 4036.0, 4277.0, 4481.0, 4907.0, 5788.0, 6387.0, 6693.0, 7037.0, 7048.0, 7056.0, 7099.0, 7852.0, 8515.0, 8516.0, 8832.0, 9332.0, 9936.0, 10384.0, 10385.0, 10666.0, 10859.0, 11118.0, 11119.0, 11120.0, 50856.0, 53340.0, 54718.0, 57007.0, 57493.0, 78989.0, 80328.0, 80741.0, 84168.0, 114908.0, 115650.0, 117531.0, 131450.0, 153579.0, 283316.0, 339390.0, 100507436.0 
GO:0005576 CC 4.79e-08 285/3410   956/15181 D02 extracellular region                     1.0, 2.0, 165.0, 176.0, 226.0, 249.0, 268.0, 272.0, 279.0, 284.0, 308.0, 313.0, 338.0, 341.0, 347.0, 353.0, 419.0, 432.0, 655.0, 683.0, 685.0, 714.0, 715.0, 718.0, 720.0, 925.0, 929.0, 1116.0, 1270.0, 1286.0, 1289.0, 1291.0, 1292.0, 1296.0, 1297.0, 1302.0, 1303.0, 1325.0, 1368.0, 1441.0, 1462.0, 1471.0, 1509.0, 1512.0, 1515.0, 1520.0, 1634.0, 1636.0, 1690.0, 1774.0, 1794.0, 1908.0, 1953.0, 1992.0, 2051.0, 2057.0, 2160.0, 2162.0, 2261.0, 2264.0, 2277.0, 2335.0, 2444.0, 2621.0, 2633.0, 2821.0, 2822.0, 2934.0, 2950.0, 3043.0, 3084.0, 3146.0, 3250.0, 3303.0, 3481.0, 3485.0, 3490.0, 3491.0, 3554.0, 3556.0, 3570.0, 3598.0, 3623.0, 3625.0, 3700.0, 3818.0, 3915.0, 3953.0, 3955.0, 4015.0, 4023.0, 4053.0, 4062.0, 4332.0, 4353.0, 4485.0, 4745.0, 4828.0, 4831.0, 4854.0, 4855.0, 4860.0, 4864.0, 4904.0, 4938.0, 4978.0, 5173.0, 5322.0, 5327.0, 5341.0, 5342.0, 5343.0, 5364.0, 5446.0, 5549.0, 5552.0, 5580.0, 5646.0, 5708.0, 5718.0, 5737.0, 5834.0, 5836.0, 5919.0, 5950.0, 6051.0, 6277.0, 6281.0, 6284.0, 6324.0, 6376.0, 6387.0, 6441.0, 6462.0, 6480.0, 6678.0, 6813.0, 6948.0, 7010.0, 7037.0, 7038.0, 7042.0, 7060.0, 7123.0, 7277.0, 7286.0, 7349.0, 7373.0, 7399.0, 7448.0, 7476.0, 7477.0, 7873.0, 8350.0, 8357.0, 8359.0, 8361.0, 8362.0, 8363.0, 8364.0, 8366.0, 8372.0, 8407.0, 8425.0, 8862.0, 9332.0, 9358.0, 9388.0, 9535.0, 9588.0, 9806.0, 9961.0, 10120.0, 10450.0, 10669.0, 10699.0, 10855.0, 10859.0, 10863.0, 11167.0, 11197.0, 11249.0, 22795.0, 22856.0, 23105.0, 23191.0, 23526.0, 23593.0, 23765.0, 23780.0, 25797.0, 25992.0, 26256.0, 26281.0, 26577.0, 27019.0, 50509.0, 51125.0, 51129.0, 51411.0, 51646.0, 51705.0, 53340.0, 54209.0, 54361.0, 54472.0, 55276.0, 56147.0, 56624.0, 56954.0, 57493.0, 58485.0, 59272.0, 60495.0, 64388.0, 64847.0, 78989.0, 79057.0, 79154.0, 79630.0, 79640.0, 79642.0, 79805.0, 79864.0, 80217.0, 80328.0, 80737.0, 80741.0, 80760.0, 80833.0, 81567.0, 83539.0, 83706.0, 84735.0, 89790.0, 89932.0, 90865.0, 91461.0, 91851.0, 93100.0, 114548.0, 116372.0, 117166.0, 123872.0, 126147.0, 127731.0, 131450.0, 132014.0, 136853.0, 146183.0, 146433.0, 157869.0, 158326.0, 161357.0, 162681.0, 163479.0, 164781.0, 167681.0, 170692.0, 196463.0, 200958.0, 207063.0, 219972.0, 222008.0, 255743.0, 283316.0, 284348.0, 285313.0, 285668.0, 317749.0, 340267.0, 340419.0, 341350.0, 374875.0, 374946.0, 374969.0, 388677.0, 402665.0, 440348.0, 503542.0, 653247.0, 653308.0, 729085.0, 729238.0, 100462981.0 
GO:0005615 CC 1.57e-07 234/3410   770/15181 D02 extracellular space                      1.0, 2.0, 58.0, 60.0, 165.0, 226.0, 268.0, 279.0, 284.0, 338.0, 347.0, 654.0, 655.0, 656.0, 685.0, 714.0, 715.0, 718.0, 720.0, 780.0, 871.0, 929.0, 948.0, 1101.0, 1116.0, 1270.0, 1286.0, 1289.0, 1291.0, 1292.0, 1296.0, 1297.0, 1302.0, 1303.0, 1314.0, 1325.0, 1363.0, 1368.0, 1462.0, 1471.0, 1509.0, 1512.0, 1515.0, 1519.0, 1520.0, 1634.0, 1636.0, 1652.0, 1896.0, 1908.0, 1992.0, 2040.0, 2065.0, 2160.0, 2162.0, 2214.0, 2217.0, 2277.0, 2321.0, 2335.0, 2487.0, 2621.0, 2661.0, 2822.0, 2934.0, 2950.0, 3043.0, 3084.0, 3133.0, 3134.0, 3140.0, 3146.0, 3250.0, 3315.0, 3383.0, 3481.0, 3485.0, 3490.0, 3598.0, 3623.0, 3625.0, 3684.0, 3818.0, 3858.0, 3915.0, 3936.0, 3964.0, 4015.0, 4023.0, 4053.0, 4204.0, 4277.0, 4343.0, 4353.0, 4478.0, 4485.0, 4521.0, 4582.0, 4681.0, 4828.0, 5168.0, 5274.0, 5276.0, 5327.0, 5446.0, 5549.0, 5552.0, 5554.0, 5646.0, 5817.0, 5918.0, 5919.0, 5950.0, 6051.0, 6281.0, 6284.0, 6376.0, 6425.0, 6441.0, 6585.0, 6652.0, 6678.0, 6693.0, 6695.0, 6810.0, 6948.0, 7037.0, 7038.0, 7042.0, 7056.0, 7060.0, 7098.0, 7123.0, 7263.0, 7292.0, 7373.0, 7448.0, 7476.0, 7477.0, 7873.0, 8349.0, 8425.0, 8565.0, 8857.0, 8862.0, 8985.0, 8995.0, 9388.0, 9588.0, 9601.0, 9607.0, 10220.0, 10406.0, 10446.0, 10464.0, 10505.0, 10637.0, 10797.0, 10855.0, 10882.0, 11167.0, 11272.0, 22795.0, 23150.0, 23213.0, 23234.0, 23263.0, 23318.0, 24147.0, 25987.0, 26002.0, 26281.0, 27123.0, 29074.0, 29923.0, 50509.0, 51050.0, 51129.0, 54361.0, 54414.0, 54674.0, 55258.0, 55663.0, 56241.0, 56944.0, 57453.0, 59272.0, 60343.0, 64131.0, 64132.0, 64388.0, 78989.0, 79006.0, 80328.0, 80350.0, 80763.0, 81035.0, 84417.0, 84929.0, 90865.0, 93099.0, 114794.0, 114899.0, 114904.0, 119587.0, 140576.0, 144321.0, 146433.0, 147138.0, 147372.0, 147381.0, 147920.0, 152007.0, 169714.0, 203228.0, 284207.0, 285315.0, 340267.0, 342035.0, 348174.0, 387104.0, 388372.0, 399967.0, 406912.0, 441381.0, 442915.0, 497190.0, 693122.0, 729238.0, 100037417.0, 100126317.0, 100302149.0, 100507436.0, 100532736.0 
GO:0005887 CC 1.89e-07 267/3410   898/15181 D04 integral component of plasma membrane    94.0, 107.0, 134.0, 135.0, 140.0, 148.0, 152.0, 154.0, 187.0, 238.0, 364.0, 432.0, 488.0, 719.0, 780.0, 857.0, 920.0, 925.0, 948.0, 958.0, 963.0, 976.0, 1128.0, 1134.0, 1138.0, 1140.0, 1141.0, 1240.0, 1441.0, 1524.0, 1536.0, 1813.0, 1815.0, 1816.0, 1836.0, 1896.0, 1947.0, 2040.0, 2045.0, 2051.0, 2057.0, 2065.0, 2195.0, 2212.0, 2214.0, 2261.0, 2264.0, 2321.0, 2559.0, 2566.0, 2587.0, 2830.0, 2835.0, 2857.0, 2859.0, 2861.0, 2897.0, 2900.0, 2915.0, 2996.0, 3038.0, 3071.0, 3084.0, 3105.0, 3113.0, 3122.0, 3177.0, 3249.0, 3360.0, 3362.0, 3383.0, 3554.0, 3556.0, 3587.0, 3588.0, 3710.0, 3732.0, 3736.0, 3737.0, 3739.0, 3741.0, 3759.0, 3767.0, 3821.0, 3949.0, 4033.0, 4267.0, 4360.0, 4481.0, 4582.0, 4855.0, 4864.0, 4868.0, 4883.0, 4887.0, 4889.0, 4919.0, 4923.0, 4986.0, 4987.0, 4995.0, 5021.0, 5026.0, 5172.0, 5311.0, 5364.0, 5733.0, 5737.0, 5787.0, 5788.0, 5961.0, 5995.0, 6006.0, 6324.0, 6335.0, 6385.0, 6404.0, 6507.0, 6510.0, 6511.0, 6518.0, 6533.0, 6540.0, 6546.0, 6547.0, 6548.0, 6556.0, 6563.0, 6566.0, 6579.0, 6580.0, 6581.0, 6610.0, 6693.0, 6751.0, 6753.0, 6865.0, 6869.0, 7010.0, 7037.0, 7048.0, 7056.0, 7075.0, 7096.0, 7097.0, 7098.0, 7099.0, 7100.0, 7292.0, 7433.0, 7434.0, 7805.0, 8001.0, 8641.0, 8832.0, 8987.0, 9076.0, 9123.0, 9187.0, 9293.0, 9332.0, 9394.0, 9424.0, 9708.0, 10161.0, 10165.0, 10261.0, 10312.0, 10326.0, 10457.0, 10505.0, 10666.0, 10800.0, 10818.0, 10857.0, 10861.0, 10894.0, 10936.0, 11120.0, 11122.0, 11136.0, 11251.0, 11322.0, 23166.0, 23415.0, 23516.0, 23531.0, 23554.0, 23566.0, 23596.0, 23765.0, 25780.0, 26025.0, 28968.0, 29990.0, 30061.0, 50856.0, 51206.0, 51294.0, 51305.0, 51310.0, 51393.0, 53832.0, 54112.0, 54209.0, 55248.0, 55558.0, 55890.0, 56098.0, 56109.0, 56112.0, 56114.0, 56126.0, 56128.0, 56129.0, 56131.0, 56133.0, 56136.0, 56138.0, 56140.0, 56143.0, 56147.0, 56413.0, 56606.0, 56624.0, 57105.0, 57413.0, 57451.0, 57535.0, 57537.0, 57586.0, 58986.0, 60401.0, 64106.0, 65078.0, 79948.0, 80036.0, 81793.0, 83850.0, 84063.0, 84230.0, 89832.0, 90139.0, 91653.0, 92211.0, 92745.0, 94233.0, 117531.0, 126321.0, 127943.0, 140885.0, 144195.0, 147138.0, 163702.0, 166929.0, 196883.0, 219527.0, 221074.0, 283383.0, 284129.0, 339390.0, 340348.0, 387700.0, 441168.0, 441631.0, 653160.0, 100507436.0 
GO:0005886 CC 1.83e-06 780/3410  3030/15181 D03 plasma membrane                          60.0, 94.0, 107.0, 119.0, 132.0, 134.0, 135.0, 140.0, 148.0, 152.0, 154.0, 160.0, 187.0, 238.0, 249.0, 284.0, 338.0, 355.0, 364.0, 390.0, 391.0, 409.0, 412.0, 419.0, 421.0, 432.0, 478.0, 483.0, 527.0, 537.0, 672.0, 683.0, 685.0, 695.0, 718.0, 719.0, 720.0, 757.0, 760.0, 780.0, 824.0, 825.0, 857.0, 920.0, 925.0, 929.0, 942.0, 948.0, 952.0, 958.0, 963.0, 972.0, 976.0, 1001.0, 1004.0, 1006.0, 1009.0, 1128.0, 1134.0, 1138.0, 1141.0, 1240.0, 1261.0, 1363.0, 1368.0, 1441.0, 1471.0, 1524.0, 1536.0, 1558.0, 1630.0, 1636.0, 1687.0, 1729.0, 1794.0, 1813.0, 1815.0, 1816.0, 1824.0, 1832.0, 1836.0, 1896.0, 1946.0, 1947.0, 1951.0, 1952.0, 2012.0, 2040.0, 2045.0, 2051.0, 2057.0, 2059.0, 2065.0, 2160.0, 2195.0, 2212.0, 2214.0, 2261.0, 2264.0, 2318.0, 2321.0, 2335.0, 2532.0, 2533.0, 2537.0, 2559.0, 2566.0, 2572.0, 2587.0, 2633.0, 2675.0, 2686.0, 2687.0, 2769.0, 2784.0, 2787.0, 2790.0, 2821.0, 2830.0, 2835.0, 2859.0, 2861.0, 2888.0, 2897.0, 2900.0, 2915.0, 2932.0, 2934.0, 2979.0, 2996.0, 3038.0, 3055.0, 3059.0, 3071.0, 3105.0, 3111.0, 3113.0, 3115.0, 3119.0, 3122.0, 3133.0, 3134.0, 3140.0, 3177.0, 3249.0, 3303.0, 3360.0, 3362.0, 3383.0, 3554.0, 3556.0, 3570.0, 3587.0, 3588.0, 3597.0, 3635.0, 3678.0, 3682.0, 3684.0, 3689.0, 3691.0, 3693.0, 3700.0, 3702.0, 3709.0, 3710.0, 3717.0, 3732.0, 3736.0, 3737.0, 3739.0, 3741.0, 3745.0, 3749.0, 3752.0, 3755.0, 3759.0, 3761.0, 3763.0, 3765.0, 3767.0, 3773.0, 3780.0, 3787.0, 3790.0, 3818.0, 3821.0, 3845.0, 3903.0, 3936.0, 3949.0, 3987.0, 3993.0, 4023.0, 4033.0, 4036.0, 4037.0, 4062.0, 4067.0, 4072.0, 4131.0, 4257.0, 4267.0, 4277.0, 4354.0, 4360.0, 4478.0, 4481.0, 4521.0, 4542.0, 4582.0, 4615.0, 4627.0, 4642.0, 4735.0, 4842.0, 4843.0, 4854.0, 4855.0, 4868.0, 4884.0, 4887.0, 4889.0, 4904.0, 4907.0, 4919.0, 4923.0, 4978.0, 4986.0, 4987.0, 5021.0, 5026.0, 5074.0, 5130.0, 5158.0, 5168.0, 5172.0, 5173.0, 5243.0, 5291.0, 5292.0, 5295.0, 5297.0, 5311.0, 5322.0, 5330.0, 5333.0, 5336.0, 5338.0, 5341.0, 5364.0, 5426.0, 5494.0, 5532.0, 5578.0, 5580.0, 5592.0, 5595.0, 5604.0, 5727.0, 5733.0, 5737.0, 5774.0, 5787.0, 5788.0, 5798.0, 5817.0, 5829.0, 5874.0, 5878.0, 5912.0, 6001.0, 6006.0, 6014.0, 6048.0, 6051.0, 6102.0, 6272.0, 6277.0, 6281.0, 6284.0, 6307.0, 6324.0, 6330.0, 6376.0, 6385.0, 6404.0, 6444.0, 6446.0, 6507.0, 6510.0, 6511.0, 6518.0, 6533.0, 6540.0, 6545.0, 6546.0, 6547.0, 6548.0, 6549.0, 6556.0, 6557.0, 6563.0, 6566.0, 6579.0, 6580.0, 6581.0, 6610.0, 6664.0, 6678.0, 6693.0, 6751.0, 6753.0, 6810.0, 6812.0, 6813.0, 6850.0, 6865.0, 6869.0, 6900.0, 7010.0, 7037.0, 7048.0, 7056.0, 7096.0, 7097.0, 7099.0, 7100.0, 7122.0, 7292.0, 7409.0, 7433.0, 7434.0, 7439.0, 7476.0, 7477.0, 7852.0, 7923.0, 8001.0, 8029.0, 8140.0, 8291.0, 8324.0, 8372.0, 8436.0, 8515.0, 8516.0, 8567.0, 8577.0, 8578.0, 8605.0, 8633.0, 8649.0, 8655.0, 8737.0, 8777.0, 8832.0, 8934.0, 8935.0, 8972.0, 8987.0, 8994.0, 8995.0, 9050.0, 9051.0, 9066.0, 9071.0, 9076.0, 9097.0, 9098.0, 9123.0, 9138.0, 9187.0, 9217.0, 9231.0, 9296.0, 9332.0, 9358.0, 9362.0, 9379.0, 9414.0, 9424.0, 9452.0, 9456.0, 9545.0, 9557.0, 9590.0, 9696.0, 9712.0, 9735.0, 9780.0, 9843.0, 9899.0, 9900.0, 10003.0, 10008.0, 10011.0, 10019.0, 10021.0, 10043.0, 10060.0, 10156.0, 10161.0, 10184.0, 10219.0, 10257.0, 10312.0, 10314.0, 10324.0, 10326.0, 10347.0, 10384.0, 10385.0, 10397.0, 10410.0, 10411.0, 10451.0, 10457.0, 10505.0, 10581.0, 10666.0, 10699.0, 10788.0, 10800.0, 10818.0, 10841.0, 10857.0, 10859.0, 10861.0, 10863.0, 10894.0, 10936.0, 11001.0, 11006.0, 11033.0, 11118.0, 11119.0, 11120.0, 11122.0, 11136.0, 11213.0, 11251.0, 11322.0, 11343.0, 11346.0, 22795.0, 22865.0, 23007.0, 23093.0, 23120.0, 23166.0, 23171.0, 23189.0, 23205.0, 23213.0, 23234.0, 23256.0, 23263.0, 23371.0, 23415.0, 23460.0, 23499.0, 23516.0, 23526.0, 23533.0, 23551.0, 23566.0, 23596.0, 23600.0, 23765.0, 24141.0, 25759.0, 25780.0, 25825.0, 25849.0, 25865.0, 25999.0, 26470.0, 26509.0, 26762.0, 27106.0, 27111.0, 27112.0, 27128.0, 27181.0, 27202.0, 27255.0, 27297.0, 29760.0, 29780.0, 29990.0, 30061.0, 30820.0, 30851.0, 50617.0, 50636.0, 50838.0, 50839.0, 50856.0, 50944.0, 51148.0, 51181.0, 51199.0, 51206.0, 51257.0, 51284.0, 51285.0, 51294.0, 51305.0, 51310.0, 51393.0, 51411.0, 51474.0, 51703.0, 51705.0, 51735.0, 53829.0, 53832.0, 53916.0, 54112.0, 54209.0, 54221.0, 54361.0, 54434.0, 54518.0, 54538.0, 54550.0, 54567.0, 54625.0, 54769.0, 54798.0, 54842.0, 54847.0, 54852.0, 54947.0, 55080.0, 55114.0, 55240.0, 55256.0, 55300.0, 55315.0, 55353.0, 55357.0, 55558.0, 55620.0, 55742.0, 55876.0, 55890.0, 56241.0, 56413.0, 56606.0, 56624.0, 56776.0, 56894.0, 57007.0, 57091.0, 57101.0, 57105.0, 57121.0, 57139.0, 57156.0, 57381.0, 57413.0, 57449.0, 57451.0, 57453.0, 57535.0, 57580.0, 57586.0, 57611.0, 57622.0, 57704.0, 57716.0, 57722.0, 57731.0, 57761.0, 57835.0, 57863.0, 58475.0, 58538.0, 58986.0, 59272.0, 59283.0, 59284.0, 59307.0, 60401.0, 60437.0, 60495.0, 63826.0, 63895.0, 64005.0, 64106.0, 64137.0, 64231.0, 64283.0, 64284.0, 64344.0, 64411.0, 64581.0, 64780.0, 64787.0, 64805.0, 64849.0, 64855.0, 65078.0, 79026.0, 79057.0, 79570.0, 79628.0, 79651.0, 79901.0, 80005.0, 80024.0, 80036.0, 80144.0, 80243.0, 80328.0, 80342.0, 80704.0, 81035.0, 81466.0, 81618.0, 81793.0, 83742.0, 83849.0, 83959.0, 84059.0, 84063.0, 84079.0, 84102.0, 84106.0, 84168.0, 84210.0, 84230.0, 84239.0, 84258.0, 84418.0, 84433.0, 84612.0, 84660.0, 84889.0, 84957.0, 85004.0, 85415.0, 85459.0, 89122.0, 89790.0, 90249.0, 90313.0, 90417.0, 90668.0, 90861.0, 91010.0, 91419.0, 91624.0, 91653.0, 91851.0, 92745.0, 93492.0, 94015.0, 94120.0, 94121.0, 94122.0, 94233.0, 112609.0, 112755.0, 113146.0, 113277.0, 114804.0, 115004.0, 115361.0, 115650.0, 116372.0, 116496.0, 116985.0, 117155.0, 117584.0, 118426.0, 118788.0, 120425.0, 123606.0, 123872.0, 124925.0, 124976.0, 127833.0, 128853.0, 128866.0, 129401.0, 129807.0, 130399.0, 131450.0, 132014.0, 140576.0, 140885.0, 142684.0, 143458.0, 144195.0, 146183.0, 146206.0, 148252.0, 148281.0, 150372.0, 151056.0, 153579.0, 154881.0, 160851.0, 161253.0, 161357.0, 163702.0, 166929.0, 169714.0, 195814.0, 196264.0, 196883.0, 199920.0, 200958.0, 201780.0, 202333.0, 203245.0, 206358.0, 219790.0, 246176.0, 255426.0, 257364.0, 259289.0, 259291.0, 259292.0, 259293.0, 259294.0, 259295.0, 259296.0, 260425.0, 266675.0, 282808.0, 283383.0, 284111.0, 284119.0, 284129.0, 284348.0, 284521.0, 285175.0, 285513.0, 286183.0, 338773.0, 339390.0, 340348.0, 341350.0, 341359.0, 341640.0, 342035.0, 342372.0, 344805.0, 344838.0, 344905.0, 375307.0, 375612.0, 387700.0, 387804.0, 388121.0, 391190.0, 399694.0, 401994.0, 402415.0, 402778.0, 440279.0, 440435.0, 445815.0, 503542.0, 644139.0, 728233.0, 729359.0, 729873.0, 768211.0, 100506084.0, 100506658.0, 100507436.0, 101060321.0, 101060376.0, 101060389.0, 102723859.0 
GO:0042613 CC 1.86e-04  8/3410    10/15181 D05 MHC class II protein complex             972.0, 3108.0, 3109.0, 3111.0, 3113.0, 3115.0, 3119.0, 3122.0 
GO:0005654 CC 7.90e-33 517/3410  3406/15181 D02 nucleoplasm                              60.0, 132.0, 148.0, 275.0, 330.0, 353.0, 402.0, 406.0, 409.0, 463.0, 580.0, 648.0, 672.0, 675.0, 699.0, 745.0, 840.0, 841.0, 861.0, 1004.0, 1021.0, 1050.0, 1051.0, 1052.0, 1063.0, 1104.0, 1107.0, 1122.0, 1602.0, 1663.0, 1677.0, 1763.0, 1789.0, 1846.0, 1847.0, 1849.0, 1854.0, 1958.0, 1959.0, 2073.0, 2104.0, 2122.0, 2139.0, 2175.0, 2178.0, 2187.0, 2274.0, 2313.0, 2353.0, 2444.0, 2475.0, 2553.0, 2645.0, 2821.0, 2872.0, 2874.0, 2932.0, 2968.0, 3084.0, 3146.0, 3150.0, 3164.0, 3176.0, 3184.0, 3291.0, 3303.0, 3344.0, 3394.0, 3397.0, 3642.0, 3659.0, 3709.0, 3710.0, 3717.0, 3726.0, 3899.0, 3981.0, 4000.0, 4013.0, 4174.0, 4175.0, 4204.0, 4261.0, 4286.0, 4303.0, 4331.0, 4332.0, 4335.0, 4353.0, 4487.0, 4613.0, 4711.0, 4735.0, 4773.0, 4791.0, 4796.0, 4842.0, 4843.0, 4854.0, 4855.0, 4857.0, 4904.0, 4907.0, 4931.0, 4938.0, 4986.0, 5241.0, 5243.0, 5291.0, 5292.0, 5324.0, 5393.0, 5426.0, 5433.0, 5435.0, 5452.0, 5494.0, 5532.0, 5557.0, 5566.0, 5578.0, 5580.0, 5595.0, 5600.0, 5606.0, 5625.0, 5693.0, 5708.0, 5711.0, 5718.0, 5822.0, 5886.0, 5893.0, 5905.0, 5915.0, 5916.0, 5925.0, 5935.0, 5978.0, 5980.0, 6014.0, 6102.0, 6119.0, 6189.0, 6196.0, 6203.0, 6205.0, 6206.0, 6228.0, 6231.0, 6234.0, 6257.0, 6258.0, 6284.0, 6299.0, 6446.0, 6470.0, 6502.0, 6546.0, 6548.0, 6591.0, 6606.0, 6607.0, 6631.0, 6659.0, 6664.0, 6672.0, 6688.0, 6812.0, 6838.0, 6880.0, 6886.0, 7030.0, 7050.0, 7090.0, 7174.0, 7227.0, 7268.0, 7307.0, 7318.0, 7332.0, 7378.0, 7465.0, 7494.0, 7516.0, 7564.0, 7767.0, 7818.0, 7849.0, 7988.0, 8013.0, 8036.0, 8086.0, 8089.0, 8175.0, 8237.0, 8342.0, 8349.0, 8350.0, 8357.0, 8359.0, 8361.0, 8362.0, 8363.0, 8364.0, 8366.0, 8436.0, 8438.0, 8448.0, 8480.0, 8504.0, 8517.0, 8544.0, 8605.0, 8609.0, 8812.0, 8864.0, 8881.0, 8888.0, 8935.0, 8994.0, 9015.0, 9099.0, 9284.0, 9314.0, 9401.0, 9414.0, 9442.0, 9443.0, 9480.0, 9493.0, 9557.0, 9572.0, 9627.0, 9641.0, 9687.0, 9767.0, 9792.0, 9825.0, 10011.0, 10014.0, 10046.0, 10084.0, 10102.0, 10128.0, 10131.0, 10197.0, 10212.0, 10220.0, 10254.0, 10324.0, 10379.0, 10450.0, 10466.0, 10475.0, 10581.0, 10592.0, 10597.0, 10625.0, 10739.0, 10741.0, 10776.0, 10855.0, 10973.0, 11128.0, 11157.0, 11332.0, 11343.0, 22797.0, 22809.0, 22843.0, 22880.0, 22893.0, 22932.0, 22974.0, 23054.0, 23076.0, 23089.0, 23135.0, 23224.0, 23234.0, 23283.0, 23326.0, 23421.0, 23460.0, 23558.0, 23582.0, 23683.0, 25849.0, 25865.0, 25885.0, 25895.0, 25920.0, 26094.0, 26173.0, 26256.0, 26271.0, 26292.0, 26471.0, 26589.0, 27042.0, 27111.0, 27297.0, 27338.0, 27341.0, 28996.0, 29028.0, 29079.0, 29109.0, 29127.0, 29803.0, 29894.0, 29923.0, 29995.0, 30061.0, 30827.0, 30834.0, 30836.0, 51043.0, 51053.0, 51085.0, 51099.0, 51149.0, 51176.0, 51193.0, 51199.0, 51222.0, 51300.0, 51317.0, 51339.0, 51397.0, 51433.0, 51493.0, 51534.0, 51562.0, 51605.0, 51608.0, 51703.0, 53335.0, 54069.0, 54221.0, 54433.0, 54443.0, 54458.0, 54494.0, 54555.0, 54700.0, 54780.0, 54815.0, 54883.0, 54897.0, 54957.0, 54962.0, 55008.0, 55012.0, 55051.0, 55128.0, 55170.0, 55214.0, 55357.0, 55619.0, 55636.0, 55693.0, 55748.0, 55796.0, 55812.0, 56413.0, 56950.0, 57082.0, 57097.0, 57101.0, 57407.0, 57414.0, 57477.0, 57491.0, 57602.0, 57654.0, 57659.0, 57696.0, 57697.0, 57761.0, 60436.0, 60528.0, 63901.0, 63920.0, 63976.0, 64005.0, 64105.0, 64318.0, 64344.0, 64764.0, 64776.0, 64789.0, 64800.0, 64855.0, 79070.0, 79075.0, 79142.0, 79155.0, 79622.0, 79682.0, 79685.0, 79731.0, 79760.0, 79870.0, 79902.0, 79918.0, 79991.0, 80013.0, 80097.0, 80212.0, 83444.0, 83595.0, 83699.0, 83860.0, 83933.0, 84172.0, 84268.0, 84271.0, 84441.0, 84614.0, 84630.0, 84660.0, 84661.0, 84733.0, 84913.0, 84930.0, 84950.0, 84957.0, 84969.0, 85004.0, 85313.0, 85363.0, 85441.0, 89978.0, 90865.0, 91607.0, 91689.0, 91748.0, 92521.0, 92565.0, 92689.0, 93953.0, 112950.0, 113878.0, 114799.0, 115004.0, 116028.0, 116447.0, 116985.0, 117246.0, 117584.0, 118460.0, 120425.0, 124944.0, 126526.0, 128312.0, 129401.0, 129685.0, 133383.0, 133522.0, 143570.0, 143689.0, 147841.0, 152206.0, 155054.0, 160428.0, 161882.0, 169714.0, 195828.0, 201254.0, 203245.0, 221178.0, 221711.0, 246329.0, 252969.0, 253714.0, 253769.0, 256309.0, 283383.0, 283514.0, 283742.0, 284058.0, 284111.0, 284119.0, 284129.0, 285643.0, 286257.0, 286826.0, 340602.0, 373863.0, 374875.0, 387103.0, 387893.0, 388121.0, 399818.0, 401541.0, 440073.0, 440348.0, 440353.0, 440689.0, 445815.0, 642799.0, 653689.0, 653784.0, 727800.0, 728489.0, 728741.0, 728888.0, 729978.0, 790955.0, 100101267.0, 100144748.0, 100288332.0, 100861412.0, 101059938.0, 102724159.0 
GO:0005634 CC 9.48e-31 734/3410  4445/15181 D05 nucleus                                  60.0, 107.0, 132.0, 148.0, 154.0, 165.0, 166.0, 199.0, 226.0, 293.0, 323.0, 330.0, 402.0, 406.0, 409.0, 421.0, 429.0, 443.0, 463.0, 501.0, 580.0, 648.0, 672.0, 675.0, 677.0, 695.0, 745.0, 824.0, 825.0, 840.0, 842.0, 861.0, 952.0, 972.0, 984.0, 1021.0, 1050.0, 1051.0, 1052.0, 1062.0, 1063.0, 1104.0, 1107.0, 1122.0, 1195.0, 1428.0, 1466.0, 1545.0, 1602.0, 1663.0, 1674.0, 1677.0, 1729.0, 1763.0, 1774.0, 1789.0, 1832.0, 1843.0, 1846.0, 1847.0, 1854.0, 1947.0, 1958.0, 1959.0, 2021.0, 2070.0, 2073.0, 2078.0, 2122.0, 2139.0, 2172.0, 2173.0, 2175.0, 2178.0, 2185.0, 2195.0, 2261.0, 2274.0, 2275.0, 2302.0, 2313.0, 2353.0, 2444.0, 2475.0, 2533.0, 2539.0, 2553.0, 2745.0, 2872.0, 2874.0, 2932.0, 2934.0, 2947.0, 2950.0, 2968.0, 3006.0, 3038.0, 3055.0, 3059.0, 3146.0, 3150.0, 3164.0, 3184.0, 3299.0, 3303.0, 3315.0, 3344.0, 3394.0, 3397.0, 3642.0, 3659.0, 3663.0, 3702.0, 3716.0, 3717.0, 3726.0, 3858.0, 3899.0, 3981.0, 3985.0, 4000.0, 4008.0, 4015.0, 4067.0, 4094.0, 4174.0, 4175.0, 4204.0, 4211.0, 4286.0, 4303.0, 4343.0, 4353.0, 4438.0, 4478.0, 4487.0, 4494.0, 4495.0, 4499.0, 4521.0, 4582.0, 4600.0, 4613.0, 4615.0, 4627.0, 4735.0, 4752.0, 4773.0, 4776.0, 4791.0, 4831.0, 4842.0, 4843.0, 4855.0, 4857.0, 4858.0, 4860.0, 4861.0, 4900.0, 4904.0, 4931.0, 4938.0, 5074.0, 5081.0, 5090.0, 5121.0, 5129.0, 5130.0, 5160.0, 5291.0, 5292.0, 5295.0, 5393.0, 5426.0, 5433.0, 5435.0, 5452.0, 5475.0, 5494.0, 5526.0, 5566.0, 5569.0, 5570.0, 5580.0, 5595.0, 5600.0, 5603.0, 5604.0, 5693.0, 5708.0, 5727.0, 5763.0, 5798.0, 5886.0, 5893.0, 5905.0, 5915.0, 5916.0, 5925.0, 5935.0, 5978.0, 5980.0, 5990.0, 6001.0, 6014.0, 6134.0, 6175.0, 6189.0, 6196.0, 6203.0, 6257.0, 6277.0, 6284.0, 6299.0, 6387.0, 6446.0, 6470.0, 6499.0, 6502.0, 6591.0, 6606.0, 6607.0, 6659.0, 6664.0, 6665.0, 6672.0, 6688.0, 6832.0, 6850.0, 6880.0, 6886.0, 6920.0, 6992.0, 7030.0, 7037.0, 7090.0, 7227.0, 7268.0, 7298.0, 7318.0, 7332.0, 7465.0, 7494.0, 7538.0, 7539.0, 7552.0, 7564.0, 7568.0, 7620.0, 7633.0, 7652.0, 7691.0, 7697.0, 7701.0, 7718.0, 7730.0, 7743.0, 7757.0, 7760.0, 7767.0, 7769.0, 7846.0, 7849.0, 7852.0, 7873.0, 8013.0, 8036.0, 8086.0, 8089.0, 8175.0, 8214.0, 8237.0, 8287.0, 8293.0, 8335.0, 8342.0, 8349.0, 8350.0, 8357.0, 8359.0, 8361.0, 8362.0, 8363.0, 8364.0, 8366.0, 8438.0, 8480.0, 8517.0, 8544.0, 8572.0, 8609.0, 8629.0, 8644.0, 8655.0, 8812.0, 8863.0, 8864.0, 8888.0, 8994.0, 9158.0, 9352.0, 9401.0, 9414.0, 9425.0, 9442.0, 9443.0, 9457.0, 9480.0, 9493.0, 9520.0, 9557.0, 9572.0, 9588.0, 9641.0, 9645.0, 9735.0, 9792.0, 9831.0, 9878.0, 9894.0, 9924.0, 9961.0, 10000.0, 10011.0, 10014.0, 10036.0, 10084.0, 10095.0, 10128.0, 10157.0, 10194.0, 10197.0, 10212.0, 10229.0, 10231.0, 10309.0, 10312.0, 10379.0, 10382.0, 10397.0, 10450.0, 10463.0, 10464.0, 10566.0, 10591.0, 10592.0, 10597.0, 10643.0, 10732.0, 10758.0, 10766.0, 10793.0, 10795.0, 10855.0, 10901.0, 10912.0, 10973.0, 11004.0, 11033.0, 11157.0, 11170.0, 11177.0, 11213.0, 11346.0, 22797.0, 22809.0, 22843.0, 22880.0, 22974.0, 23054.0, 23066.0, 23076.0, 23093.0, 23099.0, 23125.0, 23135.0, 23170.0, 23189.0, 23224.0, 23234.0, 23421.0, 23533.0, 23558.0, 23582.0, 23604.0, 23619.0, 23677.0, 25865.0, 25999.0, 26007.0, 26150.0, 26152.0, 26191.0, 26233.0, 26256.0, 26271.0, 26287.0, 26292.0, 26471.0, 26993.0, 26999.0, 27065.0, 27175.0, 27185.0, 27296.0, 27338.0, 27443.0, 28996.0, 29028.0, 29079.0, 29109.0, 29127.0, 29799.0, 29842.0, 29894.0, 29994.0, 29995.0, 30813.0, 30827.0, 30833.0, 51005.0, 51053.0, 51085.0, 51149.0, 51176.0, 51181.0, 51193.0, 51222.0, 51276.0, 51307.0, 51339.0, 51351.0, 51427.0, 51433.0, 51493.0, 51527.0, 51605.0, 51646.0, 53335.0, 54039.0, 54069.0, 54112.0, 54494.0, 54502.0, 54514.0, 54555.0, 54625.0, 54700.0, 54715.0, 54780.0, 54815.0, 54883.0, 54897.0, 54908.0, 54937.0, 54962.0, 55051.0, 55124.0, 55128.0, 55170.0, 55256.0, 55323.0, 55325.0, 55609.0, 55619.0, 55636.0, 55663.0, 55693.0, 55742.0, 55769.0, 55835.0, 55897.0, 56256.0, 56776.0, 56903.0, 56911.0, 56948.0, 56950.0, 57007.0, 57082.0, 57110.0, 57116.0, 57232.0, 57405.0, 57447.0, 57451.0, 57491.0, 57593.0, 57602.0, 57615.0, 57659.0, 57710.0, 57716.0, 57761.0, 58504.0, 60386.0, 60436.0, 60491.0, 60528.0, 63901.0, 63976.0, 63979.0, 64092.0, 64135.0, 64151.0, 64288.0, 64359.0, 64518.0, 64764.0, 64789.0, 64794.0, 64848.0, 64855.0, 64900.0, 79026.0, 79075.0, 79142.0, 79156.0, 79364.0, 79365.0, 79622.0, 79673.0, 79682.0, 79685.0, 79716.0, 79776.0, 79882.0, 79918.0, 79986.0, 79991.0, 80150.0, 80336.0, 81786.0, 81931.0, 83595.0, 83640.0, 83659.0, 83742.0, 83752.0, 83860.0, 83933.0, 84072.0, 84078.0, 84084.0, 84105.0, 84107.0, 84166.0, 84268.0, 84271.0, 84330.0, 84436.0, 84441.0, 84498.0, 84530.0, 84612.0, 84617.0, 84627.0, 84630.0, 84660.0, 84661.0, 84733.0, 84790.0, 84807.0, 84851.0, 84858.0, 84874.0, 84875.0, 84913.0, 84914.0, 84930.0, 84944.0, 84950.0, 84969.0, 85004.0, 85012.0, 85313.0, 85417.0, 85443.0, 90333.0, 90417.0, 90861.0, 90865.0, 91039.0, 91107.0, 91156.0, 91607.0, 91768.0, 92565.0, 93166.0, 93343.0, 93492.0, 93953.0, 112755.0, 112770.0, 112950.0, 113146.0, 113835.0, 114548.0, 114804.0, 114823.0, 114971.0, 115004.0, 115361.0, 115560.0, 116028.0, 116113.0, 117608.0, 118460.0, 118738.0, 119016.0, 122402.0, 122618.0, 122953.0, 123803.0, 125893.0, 126074.0, 126208.0, 126375.0, 126520.0, 126526.0, 127665.0, 128312.0, 128866.0, 129685.0, 133522.0, 134701.0, 135138.0, 136051.0, 139081.0, 139735.0, 140576.0, 140597.0, 143570.0, 143689.0, 144195.0, 144811.0, 146050.0, 147660.0, 147694.0, 147699.0, 148203.0, 148206.0, 148213.0, 148932.0, 149428.0, 151126.0, 155054.0, 157695.0, 158431.0, 161882.0, 162655.0, 162968.0, 163131.0, 163227.0, 164684.0, 168544.0, 168850.0, 169841.0, 170261.0, 195814.0, 195828.0, 196446.0, 197320.0, 200424.0, 201501.0, 201973.0, 202333.0, 203228.0, 203245.0, 219790.0, 220042.0, 220202.0, 220992.0, 221472.0, 221692.0, 222696.0, 253639.0, 256006.0, 260425.0, 266743.0, 282890.0, 283078.0, 283385.0, 283417.0, 283742.0, 283807.0, 284058.0, 284119.0, 284346.0, 284390.0, 284443.0, 286257.0, 317781.0, 339488.0, 340602.0, 342908.0, 345462.0, 373863.0, 374899.0, 375307.0, 387082.0, 388523.0, 388561.0, 388569.0, 388610.0, 389493.0, 390980.0, 399818.0, 400713.0, 401541.0, 440093.0, 440097.0, 440603.0, 440689.0, 442319.0, 503542.0, 642574.0, 644353.0, 645121.0, 654254.0, 728642.0, 729092.0, 729288.0, 730051.0, 730087.0, 731220.0, 100129543.0, 100129583.0, 100130086.0, 100529215.0, 100861412.0, 100885848.0, 109504726.0, 110116772.0 
GO:0005829 CC 7.01e-21 798/3410  4519/15181 D02 cytosol                                  16.0, 58.0, 60.0, 119.0, 132.0, 148.0, 160.0, 191.0, 199.0, 226.0, 262.0, 272.0, 308.0, 330.0, 338.0, 353.0, 355.0, 391.0, 395.0, 397.0, 402.0, 409.0, 443.0, 501.0, 570.0, 582.0, 648.0, 675.0, 677.0, 695.0, 699.0, 745.0, 760.0, 824.0, 825.0, 840.0, 841.0, 842.0, 1021.0, 1036.0, 1062.0, 1063.0, 1120.0, 1122.0, 1124.0, 1314.0, 1326.0, 1371.0, 1384.0, 1428.0, 1512.0, 1602.0, 1630.0, 1635.0, 1674.0, 1677.0, 1687.0, 1719.0, 1728.0, 1729.0, 1730.0, 1794.0, 1824.0, 1849.0, 1964.0, 1982.0, 1996.0, 2021.0, 2051.0, 2122.0, 2125.0, 2139.0, 2172.0, 2173.0, 2185.0, 2242.0, 2313.0, 2318.0, 2353.0, 2444.0, 2475.0, 2533.0, 2539.0, 2572.0, 2620.0, 2633.0, 2645.0, 2710.0, 2745.0, 2766.0, 2778.0, 2784.0, 2819.0, 2821.0, 2874.0, 2875.0, 2888.0, 2932.0, 2934.0, 2944.0, 2947.0, 2948.0, 2949.0, 2950.0, 2998.0, 3043.0, 3055.0, 3059.0, 3071.0, 3098.0, 3145.0, 3164.0, 3176.0, 3184.0, 3208.0, 3292.0, 3303.0, 3315.0, 3394.0, 3433.0, 3434.0, 3587.0, 3635.0, 3659.0, 3663.0, 3702.0, 3716.0, 3717.0, 3736.0, 3790.0, 3797.0, 3845.0, 3858.0, 3899.0, 3936.0, 3964.0, 3987.0, 3993.0, 4000.0, 4008.0, 4067.0, 4130.0, 4131.0, 4174.0, 4204.0, 4261.0, 4303.0, 4332.0, 4343.0, 4478.0, 4481.0, 4521.0, 4542.0, 4598.0, 4600.0, 4615.0, 4627.0, 4629.0, 4642.0, 4703.0, 4773.0, 4776.0, 4791.0, 4831.0, 4837.0, 4842.0, 4843.0, 4854.0, 4855.0, 4860.0, 4900.0, 4904.0, 4907.0, 4938.0, 4986.0, 5026.0, 5096.0, 5106.0, 5121.0, 5130.0, 5137.0, 5150.0, 5207.0, 5210.0, 5239.0, 5241.0, 5264.0, 5291.0, 5292.0, 5295.0, 5297.0, 5311.0, 5324.0, 5330.0, 5336.0, 5341.0, 5346.0, 5393.0, 5433.0, 5435.0, 5447.0, 5475.0, 5494.0, 5526.0, 5532.0, 5566.0, 5578.0, 5580.0, 5592.0, 5595.0, 5600.0, 5603.0, 5604.0, 5606.0, 5693.0, 5708.0, 5711.0, 5718.0, 5723.0, 5774.0, 5829.0, 5836.0, 5886.0, 5905.0, 5912.0, 5925.0, 5973.0, 5978.0, 6001.0, 6014.0, 6134.0, 6142.0, 6175.0, 6189.0, 6196.0, 6203.0, 6205.0, 6206.0, 6228.0, 6231.0, 6234.0, 6272.0, 6277.0, 6284.0, 6303.0, 6446.0, 6470.0, 6499.0, 6502.0, 6503.0, 6606.0, 6607.0, 6652.0, 6799.0, 6810.0, 6812.0, 6813.0, 6850.0, 6916.0, 7030.0, 7048.0, 7138.0, 7166.0, 7174.0, 7185.0, 7277.0, 7298.0, 7318.0, 7332.0, 7378.0, 7407.0, 7409.0, 7439.0, 7532.0, 7538.0, 7805.0, 7846.0, 7873.0, 8029.0, 8030.0, 8036.0, 8086.0, 8140.0, 8226.0, 8237.0, 8287.0, 8293.0, 8342.0, 8349.0, 8407.0, 8408.0, 8436.0, 8458.0, 8497.0, 8503.0, 8517.0, 8544.0, 8565.0, 8567.0, 8605.0, 8609.0, 8623.0, 8644.0, 8654.0, 8655.0, 8663.0, 8675.0, 8737.0, 8790.0, 8835.0, 8854.0, 8864.0, 8867.0, 8881.0, 8888.0, 8934.0, 8935.0, 8994.0, 8996.0, 9050.0, 9051.0, 9060.0, 9066.0, 9097.0, 9138.0, 9296.0, 9306.0, 9314.0, 9332.0, 9352.0, 9414.0, 9442.0, 9446.0, 9456.0, 9493.0, 9520.0, 9557.0, 9588.0, 9590.0, 9600.0, 9627.0, 9639.0, 9641.0, 9696.0, 9712.0, 9735.0, 9765.0, 9792.0, 9814.0, 9882.0, 9894.0, 9903.0, 9912.0, 9919.0, 9924.0, 9940.0, 9961.0, 9980.0, 10011.0, 10014.0, 10019.0, 10043.0, 10044.0, 10095.0, 10120.0, 10156.0, 10157.0, 10197.0, 10254.0, 10324.0, 10379.0, 10382.0, 10392.0, 10397.0, 10450.0, 10451.0, 10466.0, 10475.0, 10588.0, 10591.0, 10592.0, 10625.0, 10643.0, 10693.0, 10766.0, 10768.0, 10788.0, 10795.0, 10804.0, 10811.0, 10818.0, 10841.0, 10901.0, 10965.0, 10973.0, 10981.0, 11001.0, 11004.0, 11033.0, 11128.0, 11157.0, 11190.0, 11234.0, 11332.0, 11343.0, 11346.0, 22809.0, 22880.0, 22898.0, 22974.0, 22981.0, 23054.0, 23057.0, 23066.0, 23076.0, 23089.0, 23093.0, 23171.0, 23191.0, 23194.0, 23205.0, 23234.0, 23256.0, 23263.0, 23318.0, 23369.0, 23421.0, 23475.0, 23526.0, 23533.0, 23558.0, 23564.0, 23576.0, 23589.0, 23600.0, 23645.0, 23678.0, 23683.0, 23729.0, 23743.0, 24140.0, 25759.0, 25791.0, 25830.0, 25839.0, 25849.0, 25865.0, 25895.0, 25917.0, 25974.0, 25999.0, 26007.0, 26063.0, 26191.0, 26233.0, 26256.0, 26258.0, 26270.0, 26271.0, 26287.0, 26999.0, 27077.0, 27111.0, 27128.0, 27141.0, 27143.0, 27175.0, 27185.0, 27229.0, 27232.0, 27295.0, 27297.0, 27338.0, 29109.0, 29127.0, 29760.0, 29780.0, 29801.0, 29899.0, 29904.0, 29923.0, 30061.0, 30827.0, 30833.0, 30851.0, 50636.0, 50944.0, 51005.0, 51053.0, 51054.0, 51074.0, 51084.0, 51085.0, 51099.0, 51171.0, 51191.0, 51257.0, 51259.0, 51324.0, 51339.0, 51399.0, 51433.0, 51473.0, 51474.0, 51493.0, 51534.0, 51540.0, 51562.0, 51608.0, 51626.0, 51733.0, 51735.0, 53335.0, 54039.0, 54069.0, 54443.0, 54458.0, 54472.0, 54518.0, 54620.0, 54625.0, 54809.0, 54820.0, 54885.0, 54897.0, 54908.0, 54930.0, 54957.0, 54981.0, 55008.0, 55012.0, 55114.0, 55128.0, 55191.0, 55214.0, 55224.0, 55256.0, 55276.0, 55300.0, 55303.0, 55357.0, 55612.0, 55613.0, 55614.0, 55619.0, 55620.0, 55643.0, 55742.0, 55748.0, 55755.0, 55812.0, 55835.0, 55843.0, 56171.0, 56776.0, 56898.0, 56905.0, 56911.0, 56950.0, 56954.0, 56992.0, 57082.0, 57097.0, 57110.0, 57139.0, 57176.0, 57405.0, 57407.0, 57447.0, 57449.0, 57491.0, 57522.0, 57537.0, 57572.0, 57580.0, 57602.0, 57659.0, 57696.0, 57704.0, 57718.0, 57731.0, 57761.0, 57787.0, 58485.0, 58488.0, 58504.0, 58538.0, 60528.0, 60561.0, 63826.0, 63976.0, 64092.0, 64105.0, 64122.0, 64135.0, 64151.0, 64283.0, 64344.0, 64359.0, 64772.0, 64780.0, 64787.0, 64789.0, 64855.0, 65999.0, 79026.0, 79070.0, 79155.0, 79622.0, 79682.0, 79705.0, 79731.0, 79760.0, 79784.0, 79825.0, 79841.0, 79870.0, 79873.0, 79890.0, 79902.0, 79918.0, 79969.0, 80005.0, 80028.0, 80097.0, 80150.0, 80162.0, 80179.0, 80216.0, 80243.0, 80336.0, 80765.0, 81704.0, 81848.0, 83394.0, 83547.0, 83549.0, 83592.0, 83696.0, 83752.0, 83988.0, 84078.0, 84079.0, 84084.0, 84166.0, 84172.0, 84271.0, 84282.0, 84433.0, 84612.0, 84618.0, 84630.0, 84727.0, 84735.0, 84851.0, 84875.0, 85004.0, 85313.0, 85363.0, 85415.0, 85459.0, 87769.0, 89122.0, 89846.0, 89891.0, 89978.0, 90135.0, 90353.0, 90678.0, 90861.0, 91010.0, 91039.0, 91107.0, 91419.0, 91544.0, 91607.0, 91768.0, 91807.0, 92521.0, 92565.0, 92689.0, 92749.0, 93100.0, 93343.0, 93492.0, 112755.0, 112770.0, 113146.0, 114548.0, 114757.0, 114879.0, 114884.0, 115004.0, 115106.0, 115361.0, 116028.0, 116496.0, 116985.0, 117289.0, 117584.0, 118460.0, 118788.0, 119391.0, 121512.0, 121952.0, 122416.0, 122481.0, 122622.0, 122970.0, 123872.0, 124944.0, 126003.0, 126432.0, 126433.0, 126567.0, 127281.0, 127845.0, 128312.0, 128853.0, 128866.0, 129049.0, 129401.0, 130340.0, 130916.0, 133522.0, 135138.0, 139818.0, 140545.0, 140576.0, 140578.0, 146330.0, 147179.0, 147699.0, 147841.0, 148281.0, 149428.0, 150726.0, 151393.0, 151531.0, 152137.0, 152206.0, 154881.0, 155038.0, 157695.0, 158067.0, 161823.0, 196743.0, 200894.0, 201176.0, 201456.0, 202333.0, 203228.0, 203245.0, 221143.0, 221178.0, 221472.0, 221692.0, 222235.0, 246329.0, 246330.0, 253714.0, 257106.0, 257364.0, 259173.0, 283807.0, 284076.0, 284111.0, 284119.0, 284434.0, 285643.0, 340602.0, 342667.0, 352954.0, 374407.0, 375337.0, 387893.0, 388121.0, 399818.0, 401541.0, 415116.0, 440050.0, 440073.0, 440145.0, 440503.0, 440603.0, 440689.0, 474344.0, 641371.0, 643246.0, 653689.0, 653784.0, 727800.0, 729359.0, 729438.0, 729920.0, 790955.0, 100287171.0, 100885848.0 
GO:0016020 CC 6.72e-11 312/3410  1867/15181 D02 membrane                                 16.0, 60.0, 135.0, 154.0, 160.0, 226.0, 249.0, 293.0, 308.0, 323.0, 397.0, 412.0, 478.0, 488.0, 527.0, 537.0, 699.0, 819.0, 857.0, 948.0, 952.0, 972.0, 976.0, 1062.0, 1124.0, 1128.0, 1291.0, 1314.0, 1462.0, 1687.0, 1717.0, 1794.0, 1815.0, 1832.0, 1836.0, 1896.0, 1982.0, 1992.0, 1996.0, 2040.0, 2125.0, 2160.0, 2172.0, 2277.0, 2353.0, 2475.0, 2487.0, 2539.0, 2620.0, 2778.0, 2787.0, 2821.0, 3071.0, 3084.0, 3105.0, 3108.0, 3115.0, 3119.0, 3134.0, 3360.0, 3383.0, 3554.0, 3556.0, 3689.0, 3709.0, 3710.0, 3716.0, 3845.0, 3858.0, 3949.0, 3964.0, 4033.0, 4174.0, 4354.0, 4600.0, 4627.0, 4864.0, 4907.0, 4931.0, 4938.0, 5243.0, 5277.0, 5291.0, 5295.0, 5297.0, 5311.0, 5341.0, 5447.0, 5494.0, 5557.0, 5566.0, 5606.0, 5708.0, 5718.0, 5788.0, 5834.0, 5912.0, 5957.0, 6134.0, 6142.0, 6175.0, 6203.0, 6205.0, 6206.0, 6228.0, 6231.0, 6281.0, 6307.0, 6376.0, 6404.0, 6507.0, 6510.0, 6511.0, 6518.0, 6546.0, 6547.0, 6557.0, 6566.0, 6580.0, 6581.0, 6610.0, 6652.0, 6693.0, 6810.0, 6891.0, 7037.0, 7056.0, 7096.0, 7098.0, 7357.0, 7439.0, 7532.0, 8029.0, 8086.0, 8140.0, 8350.0, 8357.0, 8359.0, 8361.0, 8362.0, 8363.0, 8364.0, 8366.0, 8406.0, 8412.0, 8504.0, 8605.0, 8641.0, 8655.0, 8987.0, 8996.0, 9051.0, 9099.0, 9123.0, 9158.0, 9187.0, 9296.0, 9362.0, 9401.0, 9588.0, 9600.0, 9780.0, 9894.0, 9899.0, 9922.0, 9936.0, 9961.0, 10000.0, 10043.0, 10060.0, 10120.0, 10128.0, 10131.0, 10184.0, 10197.0, 10198.0, 10212.0, 10257.0, 10299.0, 10384.0, 10411.0, 10466.0, 10505.0, 10548.0, 10800.0, 10818.0, 10857.0, 10894.0, 10903.0, 10973.0, 10981.0, 11000.0, 11004.0, 11037.0, 11118.0, 11128.0, 11343.0, 22856.0, 23089.0, 23120.0, 23339.0, 23344.0, 23421.0, 23463.0, 23499.0, 23526.0, 23527.0, 23530.0, 23531.0, 23533.0, 23554.0, 23645.0, 23683.0, 23780.0, 25791.0, 25825.0, 26173.0, 26229.0, 26999.0, 27077.0, 27229.0, 29079.0, 29109.0, 29760.0, 29842.0, 29929.0, 50651.0, 50944.0, 51303.0, 51703.0, 54625.0, 54820.0, 54842.0, 54873.0, 55139.0, 55300.0, 55454.0, 55613.0, 55619.0, 55764.0, 55843.0, 56413.0, 56606.0, 56894.0, 56992.0, 57185.0, 57413.0, 57537.0, 57696.0, 57731.0, 59272.0, 59307.0, 60481.0, 63895.0, 64005.0, 64151.0, 79026.0, 79443.0, 79627.0, 79784.0, 79902.0, 80024.0, 80833.0, 80863.0, 81704.0, 81793.0, 83394.0, 83706.0, 83752.0, 84059.0, 84073.0, 84079.0, 84230.0, 84929.0, 85441.0, 90678.0, 92521.0, 112755.0, 114879.0, 114884.0, 114899.0, 115209.0, 115362.0, 116496.0, 117584.0, 118788.0, 121457.0, 123606.0, 124976.0, 126133.0, 127845.0, 129807.0, 136853.0, 140885.0, 144195.0, 146206.0, 152519.0, 196883.0, 201176.0, 254102.0, 255743.0, 257364.0, 260425.0, 284161.0, 317781.0, 340596.0, 342372.0, 375033.0, 375612.0, 399948.0, 728233.0, 100133941.0 
GO:0016607 CC 5.23e-08 43/3410   373/15181 D03 nuclear speck                            580.0, 1602.0, 2057.0, 2122.0, 2968.0, 3299.0, 3303.0, 4000.0, 4303.0, 4776.0, 5324.0, 5433.0, 5566.0, 6446.0, 6891.0, 7307.0, 8175.0, 9158.0, 9425.0, 10014.0, 10084.0, 10212.0, 10450.0, 10973.0, 11170.0, 26993.0, 27111.0, 30827.0, 54815.0, 54883.0, 55051.0, 57602.0, 64318.0, 64344.0, 79882.0, 84271.0, 84441.0, 84913.0, 85417.0, 113246.0, 116028.0, 123872.0, 202333.0 
GO:0005730 CC 6.57e-08 131/3410   860/15181 D05 nucleolus                                402.0, 825.0, 1050.0, 1107.0, 1663.0, 1677.0, 1730.0, 2483.0, 3177.0, 3691.0, 3710.0, 3717.0, 4332.0, 4613.0, 4857.0, 4931.0, 5160.0, 5291.0, 5292.0, 5393.0, 5980.0, 6189.0, 6203.0, 6205.0, 6284.0, 6389.0, 6502.0, 6838.0, 7298.0, 7465.0, 7564.0, 8448.0, 8864.0, 8996.0, 9442.0, 9922.0, 10257.0, 10309.0, 10412.0, 10592.0, 10609.0, 10782.0, 11157.0, 22843.0, 23076.0, 23318.0, 25917.0, 26768.0, 26775.0, 27042.0, 27111.0, 27296.0, 29960.0, 30836.0, 51154.0, 51199.0, 51562.0, 51608.0, 51703.0, 54700.0, 55051.0, 55128.0, 55170.0, 55636.0, 56776.0, 57602.0, 57696.0, 64318.0, 64794.0, 65992.0, 79685.0, 79882.0, 83444.0, 83876.0, 84875.0, 89978.0, 114599.0, 115560.0, 117246.0, 118460.0, 126520.0, 140576.0, 147841.0, 260294.0, 283807.0, 284131.0, 284434.0, 317781.0, 319103.0, 338433.0, 387103.0, 400506.0, 401541.0, 619383.0, 677772.0, 677800.0, 677807.0, 677808.0, 677828.0, 677829.0, 677832.0, 677833.0, 677841.0, 677846.0, 692084.0, 692086.0, 692225.0, 767568.0, 767569.0, 767579.0, 767582.0, 767588.0, 767598.0, 767599.0, 100033441.0, 100033442.0, 100033443.0, 100033445.0, 100033460.0, 100033800.0, 100033801.0, 100033806.0, 100033811.0, 100033813.0, 100033814.0, 100033818.0, 100036564.0, 100144748.0, 100158262.0, 100873856.0, 109616970.0 
GO:0032991 CC 6.50e-06 76/3410   519/15181 D01 protein-containing complex               60.0, 238.0, 330.0, 672.0, 675.0, 718.0, 825.0, 841.0, 842.0, 857.0, 972.0, 1104.0, 1291.0, 1292.0, 1677.0, 2073.0, 2533.0, 3303.0, 4286.0, 4615.0, 4627.0, 4842.0, 4883.0, 5121.0, 5886.0, 5893.0, 6134.0, 6812.0, 6850.0, 7053.0, 7227.0, 7805.0, 7852.0, 8293.0, 8350.0, 8357.0, 8359.0, 8361.0, 8362.0, 8363.0, 8364.0, 8366.0, 8438.0, 8504.0, 8517.0, 8737.0, 9076.0, 9379.0, 9746.0, 10036.0, 10220.0, 10410.0, 10581.0, 11190.0, 11326.0, 22843.0, 22937.0, 25895.0, 29899.0, 51117.0, 54472.0, 54922.0, 55686.0, 58538.0, 64787.0, 80741.0, 83547.0, 84106.0, 84612.0, 84952.0, 92960.0, 117583.0, 169166.0, 284119.0, 389362.0, 100506658.0 
GO:0005739 CC 9.30e-06 210/3410  1204/15181 D05 mitochondrion                            16.0, 275.0, 293.0, 402.0, 487.0, 501.0, 513.0, 593.0, 670.0, 841.0, 842.0, 844.0, 1159.0, 1160.0, 1371.0, 1384.0, 1428.0, 1545.0, 1719.0, 1757.0, 1763.0, 1854.0, 2021.0, 2040.0, 2139.0, 2232.0, 2537.0, 2645.0, 2710.0, 2874.0, 2932.0, 2950.0, 3059.0, 3098.0, 3164.0, 3303.0, 4129.0, 4257.0, 4521.0, 4701.0, 4711.0, 4833.0, 4842.0, 4884.0, 4923.0, 4938.0, 5096.0, 5106.0, 5160.0, 5166.0, 5264.0, 5447.0, 5566.0, 5578.0, 5580.0, 5595.0, 5604.0, 5625.0, 6150.0, 6341.0, 6389.0, 6392.0, 6446.0, 6546.0, 6548.0, 6648.0, 6659.0, 6812.0, 6832.0, 7037.0, 7263.0, 7298.0, 7818.0, 8192.0, 8209.0, 8655.0, 8737.0, 8739.0, 8774.0, 8934.0, 8996.0, 9158.0, 9588.0, 9673.0, 10102.0, 10128.0, 10131.0, 10157.0, 10165.0, 10588.0, 10667.0, 10797.0, 10863.0, 10901.0, 10965.0, 10981.0, 11000.0, 11019.0, 11112.0, 11332.0, 22843.0, 23224.0, 23395.0, 23530.0, 23564.0, 23593.0, 23600.0, 23645.0, 25830.0, 25961.0, 26024.0, 26292.0, 26517.0, 26589.0, 26995.0, 27113.0, 27185.0, 29074.0, 29078.0, 29957.0, 29958.0, 29960.0, 50808.0, 51073.0, 51099.0, 51117.0, 51205.0, 51300.0, 51657.0, 51703.0, 54516.0, 54543.0, 55066.0, 55173.0, 55210.0, 55260.0, 55278.0, 55316.0, 55812.0, 56624.0, 56942.0, 57110.0, 57128.0, 57176.0, 57546.0, 60386.0, 60491.0, 60528.0, 64064.0, 64135.0, 64318.0, 64344.0, 64978.0, 64983.0, 79085.0, 79611.0, 79705.0, 79731.0, 79979.0, 80179.0, 80298.0, 83642.0, 83693.0, 83787.0, 83875.0, 84269.0, 84709.0, 89876.0, 91543.0, 91574.0, 91689.0, 114971.0, 115286.0, 116447.0, 125228.0, 126789.0, 130916.0, 132001.0, 132671.0, 133522.0, 133686.0, 135154.0, 143689.0, 151393.0, 153328.0, 155038.0, 160428.0, 171425.0, 196294.0, 203245.0, 219293.0, 219402.0, 253512.0, 255027.0, 256643.0, 282808.0, 283459.0, 283514.0, 284106.0, 284119.0, 284184.0, 284427.0, 373863.0, 387787.0, 440503.0, 548596.0, 728489.0, 790955.0, 100303755.0, 102724023.0 
GO:0005737 CC 2.32e-05 794/3410  3958/15181 D02 cytoplasm                                16.0, 60.0, 107.0, 148.0, 152.0, 165.0, 199.0, 308.0, 323.0, 330.0, 338.0, 347.0, 353.0, 364.0, 395.0, 397.0, 402.0, 409.0, 421.0, 463.0, 580.0, 654.0, 672.0, 677.0, 695.0, 760.0, 767.0, 819.0, 824.0, 825.0, 840.0, 841.0, 842.0, 948.0, 972.0, 984.0, 1001.0, 1009.0, 1021.0, 1039.0, 1051.0, 1063.0, 1104.0, 1107.0, 1116.0, 1120.0, 1122.0, 1195.0, 1261.0, 1270.0, 1314.0, 1371.0, 1428.0, 1466.0, 1558.0, 1571.0, 1652.0, 1663.0, 1674.0, 1687.0, 1728.0, 1729.0, 1730.0, 1757.0, 1763.0, 1794.0, 1832.0, 1843.0, 1846.0, 1847.0, 1849.0, 1947.0, 1952.0, 1958.0, 1959.0, 1964.0, 1996.0, 2070.0, 2078.0, 2121.0, 2125.0, 2172.0, 2175.0, 2185.0, 2242.0, 2318.0, 2475.0, 2487.0, 2539.0, 2572.0, 2621.0, 2633.0, 2784.0, 2822.0, 2830.0, 2835.0, 2861.0, 2872.0, 2888.0, 2915.0, 2932.0, 2934.0, 2944.0, 2947.0, 2948.0, 2950.0, 2998.0, 3059.0, 3084.0, 3145.0, 3150.0, 3176.0, 3208.0, 3292.0, 3303.0, 3315.0, 3360.0, 3394.0, 3433.0, 3434.0, 3623.0, 3659.0, 3663.0, 3710.0, 3716.0, 3717.0, 3834.0, 3845.0, 3858.0, 3936.0, 3964.0, 3985.0, 3987.0, 3993.0, 4008.0, 4067.0, 4094.0, 4130.0, 4267.0, 4286.0, 4303.0, 4478.0, 4494.0, 4495.0, 4499.0, 4521.0, 4542.0, 4600.0, 4615.0, 4627.0, 4642.0, 4668.0, 4671.0, 4735.0, 4744.0, 4745.0, 4752.0, 4773.0, 4791.0, 4796.0, 4831.0, 4842.0, 4843.0, 4857.0, 4858.0, 4860.0, 4889.0, 4904.0, 4919.0, 4938.0, 5051.0, 5074.0, 5121.0, 5129.0, 5291.0, 5292.0, 5295.0, 5297.0, 5311.0, 5327.0, 5333.0, 5336.0, 5341.0, 5393.0, 5452.0, 5480.0, 5526.0, 5532.0, 5566.0, 5569.0, 5570.0, 5578.0, 5580.0, 5592.0, 5595.0, 5600.0, 5603.0, 5634.0, 5693.0, 5718.0, 5723.0, 5737.0, 5742.0, 5774.0, 5817.0, 5834.0, 5836.0, 5886.0, 5905.0, 5915.0, 5916.0, 5935.0, 5978.0, 5990.0, 6014.0, 6102.0, 6142.0, 6175.0, 6189.0, 6196.0, 6203.0, 6205.0, 6206.0, 6228.0, 6231.0, 6234.0, 6257.0, 6258.0, 6277.0, 6281.0, 6284.0, 6299.0, 6387.0, 6446.0, 6470.0, 6548.0, 6591.0, 6606.0, 6607.0, 6623.0, 6659.0, 6665.0, 6672.0, 6678.0, 6695.0, 6751.0, 6753.0, 6799.0, 6812.0, 6850.0, 6869.0, 6876.0, 6904.0, 6992.0, 7010.0, 7030.0, 7053.0, 7097.0, 7098.0, 7099.0, 7123.0, 7174.0, 7185.0, 7268.0, 7277.0, 7286.0, 7298.0, 7318.0, 7332.0, 7399.0, 7409.0, 7465.0, 7494.0, 7516.0, 7532.0, 7538.0, 7802.0, 7846.0, 7852.0, 8036.0, 8225.0, 8287.0, 8408.0, 8412.0, 8436.0, 8480.0, 8517.0, 8544.0, 8565.0, 8567.0, 8572.0, 8629.0, 8644.0, 8655.0, 8675.0, 8777.0, 8790.0, 8835.0, 8854.0, 8863.0, 8864.0, 8881.0, 8888.0, 8934.0, 8935.0, 8994.0, 9050.0, 9051.0, 9071.0, 9076.0, 9098.0, 9099.0, 9138.0, 9217.0, 9231.0, 9306.0, 9352.0, 9401.0, 9425.0, 9446.0, 9456.0, 9501.0, 9520.0, 9572.0, 9588.0, 9590.0, 9600.0, 9627.0, 9637.0, 9641.0, 9645.0, 9735.0, 9792.0, 9796.0, 9825.0, 9894.0, 9905.0, 9940.0, 9961.0, 10000.0, 10008.0, 10011.0, 10014.0, 10043.0, 10084.0, 10120.0, 10157.0, 10197.0, 10212.0, 10231.0, 10254.0, 10309.0, 10314.0, 10324.0, 10379.0, 10382.0, 10392.0, 10397.0, 10450.0, 10451.0, 10464.0, 10471.0, 10475.0, 10518.0, 10561.0, 10566.0, 10588.0, 10592.0, 10597.0, 10643.0, 10667.0, 10753.0, 10766.0, 10768.0, 10776.0, 10782.0, 10788.0, 10795.0, 10801.0, 10818.0, 10841.0, 10859.0, 10882.0, 10903.0, 10912.0, 11033.0, 11157.0, 11170.0, 11213.0, 11234.0, 11322.0, 22880.0, 22949.0, 22952.0, 23007.0, 23024.0, 23089.0, 23101.0, 23150.0, 23170.0, 23189.0, 23205.0, 23224.0, 23234.0, 23263.0, 23318.0, 23335.0, 23339.0, 23369.0, 23399.0, 23421.0, 23475.0, 23499.0, 23533.0, 23558.0, 23566.0, 23582.0, 23589.0, 23593.0, 23596.0, 23600.0, 23604.0, 23625.0, 23645.0, 23677.0, 23729.0, 24139.0, 24140.0, 25830.0, 25832.0, 25865.0, 25893.0, 25895.0, 25917.0, 25920.0, 25974.0, 25999.0, 26191.0, 26256.0, 26258.0, 26270.0, 26271.0, 26281.0, 26292.0, 26471.0, 26472.0, 26993.0, 26999.0, 27065.0, 27106.0, 27111.0, 27143.0, 27175.0, 27296.0, 27341.0, 28996.0, 29109.0, 29760.0, 29780.0, 29842.0, 29899.0, 29904.0, 29958.0, 29995.0, 30061.0, 30820.0, 30833.0, 30851.0, 50808.0, 50853.0, 51016.0, 51053.0, 51074.0, 51085.0, 51154.0, 51176.0, 51191.0, 51205.0, 51247.0, 51257.0, 51284.0, 51339.0, 51364.0, 51397.0, 51399.0, 51473.0, 51493.0, 51527.0, 51608.0, 51626.0, 53340.0, 54039.0, 54112.0, 54221.0, 54361.0, 54434.0, 54472.0, 54491.0, 54514.0, 54550.0, 54625.0, 54715.0, 54809.0, 54873.0, 54937.0, 54962.0, 54970.0, 54981.0, 55066.0, 55124.0, 55128.0, 55139.0, 55171.0, 55191.0, 55224.0, 55240.0, 55251.0, 55256.0, 55316.0, 55323.0, 55325.0, 55344.0, 55345.0, 55603.0, 55612.0, 55613.0, 55614.0, 55619.0, 55672.0, 55742.0, 55755.0, 55764.0, 55779.0, 55796.0, 55798.0, 55805.0, 55835.0, 55843.0, 55871.0, 55876.0, 55917.0, 56155.0, 56603.0, 56776.0, 56898.0, 56950.0, 57091.0, 57110.0, 57447.0, 57449.0, 57477.0, 57522.0, 57540.0, 57602.0, 57716.0, 57718.0, 57731.0, 57787.0, 58485.0, 60491.0, 63826.0, 63901.0, 63979.0, 64005.0, 64092.0, 64097.0, 64135.0, 64151.0, 64411.0, 64581.0, 64770.0, 64780.0, 64855.0, 65979.0, 65992.0, 65999.0, 66002.0, 79026.0, 79142.0, 79442.0, 79705.0, 79716.0, 79760.0, 79781.0, 79789.0, 79801.0, 79805.0, 79867.0, 79870.0, 79882.0, 79890.0, 80005.0, 80150.0, 80179.0, 80206.0, 80210.0, 80212.0, 80705.0, 80763.0, 80833.0, 81551.0, 81704.0, 81786.0, 81848.0, 83394.0, 83450.0, 83543.0, 83547.0, 83549.0, 83595.0, 83659.0, 83696.0, 83742.0, 83861.0, 83872.0, 83933.0, 84059.0, 84073.0, 84077.0, 84166.0, 84220.0, 84224.0, 84230.0, 84268.0, 84271.0, 84282.0, 84288.0, 84417.0, 84433.0, 84457.0, 84553.0, 84617.0, 84630.0, 84660.0, 84790.0, 84851.0, 84875.0, 84913.0, 84930.0, 84944.0, 85363.0, 85417.0, 85441.0, 85443.0, 85459.0, 89122.0, 89846.0, 89891.0, 90313.0, 90417.0, 90668.0, 90678.0, 90835.0, 90865.0, 91010.0, 91807.0, 92565.0, 112483.0, 113146.0, 113220.0, 113246.0, 113878.0, 114548.0, 114804.0, 115362.0, 115811.0, 116496.0, 117584.0, 119391.0, 121214.0, 121512.0, 121952.0, 122402.0, 122481.0, 122622.0, 123803.0, 123872.0, 125228.0, 126003.0, 126282.0, 126433.0, 126520.0, 126820.0, 127003.0, 127253.0, 127281.0, 127943.0, 128866.0, 129049.0, 129787.0, 129807.0, 130589.0, 132014.0, 132671.0, 140469.0, 140576.0, 140578.0, 143162.0, 143570.0, 143689.0, 144983.0, 146206.0, 147138.0, 147660.0, 148932.0, 149428.0, 151242.0, 151393.0, 151651.0, 152015.0, 152137.0, 154197.0, 154881.0, 155054.0, 157695.0, 158067.0, 160492.0, 160851.0, 196883.0, 199221.0, 200030.0, 200424.0, 201176.0, 201625.0, 202500.0, 203228.0, 219621.0, 219790.0, 220042.0, 220869.0, 221178.0, 221472.0, 221908.0, 246176.0, 252969.0, 255027.0, 255758.0, 260425.0, 282808.0, 283514.0, 283643.0, 283742.0, 284119.0, 284131.0, 284565.0, 284805.0, 284948.0, 285025.0, 285386.0, 285590.0, 285753.0, 286077.0, 286257.0, 286464.0, 339416.0, 340527.0, 341019.0, 359845.0, 373863.0, 374969.0, 375307.0, 387694.0, 387856.0, 388121.0, 388341.0, 388677.0, 399818.0, 400818.0, 401262.0, 415116.0, 440434.0, 440503.0, 440854.0, 445571.0, 493829.0, 642574.0, 643037.0, 644019.0, 645121.0, 653689.0, 727851.0, 728113.0, 728233.0, 728642.0, 728841.0, 729857.0, 100037417.0, 100129583.0, 100130086.0, 100462981.0, 100506084.0, 100507436.0, 101060226.0, 101060684.0 
GO:0016604 CC 3.37e-05 37/3410   290/15181 D02 nuclear body                             355.0, 463.0, 648.0, 672.0, 2313.0, 2872.0, 3899.0, 4627.0, 4796.0, 6102.0, 6606.0, 6607.0, 6672.0, 7174.0, 8565.0, 9443.0, 9572.0, 9894.0, 10046.0, 10084.0, 10699.0, 23582.0, 28996.0, 54472.0, 54494.0, 54780.0, 57082.0, 57097.0, 57128.0, 57659.0, 79760.0, 83444.0, 83482.0, 84851.0, 140545.0, 143570.0, 399818.0 
GO:0071013 CC 4.36e-05  5/3410    86/15181 D04 catalytic step 2 spliceosome             2483.0, 7307.0, 8175.0, 10450.0, 53938.0 
GO:0005681 CC 2.32e-04  7/3410    92/15181 D03 spliceosomal complex                     5935.0, 7307.0, 8175.0, 8458.0, 10625.0, 54957.0, 144983.0 
GO:0005794 CC 3.60e-04 157/3410   887/15181 D05 Golgi apparatus                          154.0, 323.0, 402.0, 412.0, 478.0, 745.0, 824.0, 844.0, 857.0, 929.0, 948.0, 1363.0, 1471.0, 1536.0, 1602.0, 1622.0, 2131.0, 2212.0, 2242.0, 2261.0, 2264.0, 2633.0, 3038.0, 3055.0, 3105.0, 3397.0, 3678.0, 3741.0, 3759.0, 3763.0, 3790.0, 3949.0, 4036.0, 4067.0, 4166.0, 4864.0, 4923.0, 5311.0, 5322.0, 5330.0, 5552.0, 5592.0, 5595.0, 5604.0, 5727.0, 5738.0, 5742.0, 5798.0, 5886.0, 6014.0, 6102.0, 6206.0, 6272.0, 7096.0, 7097.0, 7099.0, 8029.0, 8459.0, 8675.0, 8774.0, 8934.0, 8985.0, 9217.0, 9348.0, 9388.0, 9452.0, 9741.0, 9906.0, 10014.0, 10046.0, 10198.0, 10257.0, 10317.0, 10347.0, 10466.0, 10749.0, 10841.0, 10897.0, 11041.0, 11046.0, 11322.0, 22937.0, 23057.0, 23213.0, 23499.0, 23531.0, 23563.0, 23604.0, 23645.0, 25825.0, 25837.0, 25849.0, 25865.0, 26035.0, 26229.0, 27111.0, 29800.0, 29801.0, 50614.0, 51324.0, 51540.0, 51626.0, 55012.0, 55128.0, 55214.0, 55315.0, 55508.0, 55627.0, 55755.0, 56624.0, 57414.0, 57447.0, 57451.0, 64429.0, 64794.0, 79443.0, 79844.0, 79939.0, 79969.0, 80129.0, 81551.0, 81618.0, 81786.0, 83871.0, 84084.0, 84661.0, 84875.0, 89846.0, 90411.0, 91010.0, 91461.0, 91543.0, 92689.0, 115361.0, 115362.0, 116985.0, 121512.0, 129049.0, 142684.0, 147138.0, 151393.0, 155038.0, 158866.0, 166929.0, 169714.0, 221472.0, 256309.0, 284129.0, 339122.0, 340485.0, 346653.0, 348174.0, 497190.0, 653082.0, 728661.0, 729085.0, 100506084.0 
GO:0004888 MF 8.52e-08 38/3410    75/15181 D03 transmembrane signaling receptor activity 920.0, 976.0, 1630.0, 2065.0, 2212.0, 2214.0, 2532.0, 3383.0, 3554.0, 3821.0, 3953.0, 4360.0, 4864.0, 5026.0, 5364.0, 6693.0, 7056.0, 7096.0, 7097.0, 7098.0, 7099.0, 7100.0, 8001.0, 8578.0, 9379.0, 10261.0, 10894.0, 27181.0, 50856.0, 51206.0, 51284.0, 51310.0, 54209.0, 57413.0, 81793.0, 84168.0, 127943.0, 150372.0 
GO:0005509 MF 6.18e-07 163/3410   511/15181 D05 calcium ion binding                      199.0, 249.0, 279.0, 308.0, 313.0, 487.0, 488.0, 715.0, 824.0, 825.0, 844.0, 976.0, 1001.0, 1004.0, 1006.0, 1009.0, 1462.0, 1824.0, 1951.0, 1952.0, 1953.0, 2195.0, 2621.0, 2934.0, 2978.0, 2979.0, 3208.0, 3709.0, 3710.0, 3936.0, 3949.0, 4023.0, 4036.0, 4053.0, 4745.0, 4854.0, 4855.0, 5121.0, 5168.0, 5311.0, 5322.0, 5330.0, 5333.0, 5475.0, 5532.0, 5646.0, 5957.0, 6277.0, 6281.0, 6284.0, 6546.0, 6585.0, 6678.0, 6695.0, 7053.0, 7056.0, 7060.0, 7123.0, 8029.0, 8291.0, 8425.0, 8448.0, 8605.0, 8641.0, 8996.0, 9066.0, 9362.0, 9600.0, 9708.0, 9746.0, 9806.0, 10165.0, 10382.0, 10518.0, 10669.0, 10753.0, 11167.0, 22795.0, 22981.0, 23007.0, 23105.0, 23166.0, 23213.0, 23344.0, 23499.0, 25780.0, 25992.0, 26025.0, 26035.0, 26256.0, 27445.0, 28513.0, 29904.0, 29957.0, 30820.0, 50856.0, 51199.0, 51294.0, 51661.0, 54550.0, 54567.0, 54798.0, 54825.0, 54885.0, 54947.0, 56098.0, 56109.0, 56112.0, 56114.0, 56126.0, 56128.0, 56129.0, 56131.0, 56133.0, 56136.0, 56138.0, 56140.0, 56143.0, 56147.0, 56171.0, 56624.0, 57451.0, 57493.0, 57586.0, 60437.0, 63826.0, 64800.0, 78989.0, 79057.0, 79085.0, 79180.0, 79645.0, 79825.0, 80258.0, 83394.0, 83543.0, 83849.0, 83850.0, 83872.0, 83988.0, 84059.0, 84258.0, 84288.0, 84455.0, 90288.0, 90411.0, 92211.0, 127833.0, 140576.0, 147372.0, 148281.0, 162494.0, 219621.0, 255743.0, 340527.0, 341359.0, 374786.0, 388677.0, 440279.0, 440854.0, 728113.0, 100130771.0, 118142757.0 
GO:0004930 MF 7.33e-07 63/3410   158/15181 D04 G protein-coupled receptor activity      134.0, 135.0, 140.0, 148.0, 152.0, 154.0, 187.0, 719.0, 976.0, 1240.0, 1524.0, 1813.0, 1816.0, 1951.0, 1952.0, 2532.0, 2830.0, 2835.0, 2857.0, 2859.0, 2861.0, 2915.0, 4923.0, 4986.0, 4987.0, 4995.0, 5021.0, 5995.0, 6751.0, 6753.0, 7434.0, 7852.0, 8324.0, 9293.0, 10161.0, 10314.0, 10936.0, 11251.0, 23432.0, 23566.0, 23596.0, 27202.0, 50838.0, 50839.0, 55890.0, 57121.0, 64106.0, 81466.0, 84059.0, 165082.0, 259289.0, 259291.0, 259292.0, 259293.0, 259294.0, 259295.0, 259296.0, 283383.0, 284521.0, 391190.0, 401994.0, 440435.0, 653160.0 
GO:0038023 MF 2.63e-05 52/3410   135/15181 D02 signaling receptor activity              187.0, 355.0, 920.0, 942.0, 958.0, 1240.0, 1441.0, 2051.0, 2532.0, 2675.0, 2897.0, 2900.0, 3383.0, 3587.0, 3588.0, 3693.0, 4360.0, 4854.0, 4855.0, 4864.0, 4883.0, 4887.0, 4995.0, 5817.0, 6510.0, 7010.0, 7056.0, 7096.0, 7097.0, 7098.0, 7099.0, 7100.0, 8029.0, 9936.0, 10219.0, 10446.0, 10894.0, 23531.0, 51206.0, 54209.0, 54538.0, 54852.0, 60401.0, 65078.0, 81793.0, 114908.0, 115650.0, 124222.0, 131450.0, 344838.0, 375033.0, 389289.0 
GO:0005515 MF 1.71e-38 1873/3410  9777/15181 D02 protein binding                          2.0, 58.0, 60.0, 94.0, 134.0, 135.0, 148.0, 152.0, 154.0, 160.0, 166.0, 176.0, 187.0, 191.0, 199.0, 226.0, 238.0, 249.0, 262.0, 268.0, 272.0, 284.0, 293.0, 308.0, 313.0, 323.0, 330.0, 338.0, 341.0, 347.0, 353.0, 355.0, 364.0, 390.0, 391.0, 397.0, 402.0, 406.0, 409.0, 421.0, 429.0, 432.0, 443.0, 463.0, 478.0, 483.0, 487.0, 488.0, 501.0, 513.0, 518.0, 527.0, 537.0, 547.0, 570.0, 580.0, 582.0, 593.0, 605.0, 648.0, 655.0, 672.0, 675.0, 677.0, 685.0, 695.0, 699.0, 714.0, 715.0, 718.0, 757.0, 760.0, 767.0, 780.0, 819.0, 824.0, 825.0, 840.0, 841.0, 842.0, 844.0, 857.0, 861.0, 871.0, 920.0, 925.0, 929.0, 942.0, 948.0, 958.0, 963.0, 972.0, 976.0, 984.0, 1021.0, 1039.0, 1050.0, 1051.0, 1052.0, 1062.0, 1063.0, 1104.0, 1107.0, 1116.0, 1124.0, 1128.0, 1138.0, 1140.0, 1141.0, 1159.0, 1160.0, 1195.0, 1240.0, 1261.0, 1270.0, 1289.0, 1292.0, 1297.0, 1302.0, 1314.0, 1326.0, 1363.0, 1428.0, 1441.0, 1462.0, 1466.0, 1471.0, 1509.0, 1512.0, 1515.0, 1519.0, 1524.0, 1534.0, 1536.0, 1545.0, 1558.0, 1602.0, 1630.0, 1634.0, 1635.0, 1663.0, 1674.0, 1677.0, 1687.0, 1690.0, 1717.0, 1728.0, 1729.0, 1763.0, 1774.0, 1789.0, 1794.0, 1813.0, 1815.0, 1816.0, 1824.0, 1832.0, 1843.0, 1846.0, 1847.0, 1849.0, 1854.0, 1896.0, 1946.0, 1947.0, 1951.0, 1953.0, 1958.0, 1959.0, 1964.0, 1982.0, 1992.0, 2012.0, 2021.0, 2040.0, 2045.0, 2052.0, 2057.0, 2059.0, 2065.0, 2070.0, 2073.0, 2078.0, 2104.0, 2110.0, 2122.0, 2139.0, 2160.0, 2162.0, 2173.0, 2175.0, 2185.0, 2187.0, 2195.0, 2212.0, 2214.0, 2217.0, 2242.0, 2261.0, 2264.0, 2274.0, 2275.0, 2277.0, 2302.0, 2313.0, 2318.0, 2321.0, 2335.0, 2353.0, 2444.0, 2475.0, 2483.0, 2487.0, 2533.0, 2537.0, 2539.0, 2553.0, 2566.0, 2572.0, 2587.0, 2621.0, 2633.0, 2645.0, 2686.0, 2710.0, 2745.0, 2778.0, 2784.0, 2787.0, 2790.0, 2819.0, 2821.0, 2861.0, 2872.0, 2874.0, 2888.0, 2915.0, 2932.0, 2934.0, 2947.0, 2948.0, 2949.0, 2950.0, 2968.0, 2978.0, 2979.0, 3006.0, 3038.0, 3043.0, 3055.0, 3059.0, 3071.0, 3098.0, 3105.0, 3108.0, 3109.0, 3111.0, 3115.0, 3119.0, 3122.0, 3133.0, 3134.0, 3140.0, 3145.0, 3146.0, 3150.0, 3164.0, 3184.0, 3208.0, 3249.0, 3292.0, 3303.0, 3315.0, 3344.0, 3360.0, 3362.0, 3383.0, 3394.0, 3397.0, 3433.0, 3434.0, 3481.0, 3485.0, 3490.0, 3491.0, 3554.0, 3570.0, 3587.0, 3588.0, 3597.0, 3598.0, 3623.0, 3625.0, 3635.0, 3638.0, 3659.0, 3663.0, 3678.0, 3684.0, 3689.0, 3691.0, 3693.0, 3700.0, 3702.0, 3710.0, 3716.0, 3717.0, 3726.0, 3732.0, 3736.0, 3737.0, 3739.0, 3741.0, 3745.0, 3749.0, 3752.0, 3759.0, 3761.0, 3763.0, 3765.0, 3767.0, 3787.0, 3797.0, 3818.0, 3821.0, 3845.0, 3858.0, 3903.0, 3949.0, 3953.0, 3964.0, 3981.0, 3985.0, 3987.0, 3993.0, 4000.0, 4013.0, 4015.0, 4023.0, 4034.0, 4036.0, 4053.0, 4062.0, 4067.0, 4072.0, 4094.0, 4129.0, 4130.0, 4131.0, 4174.0, 4175.0, 4204.0, 4211.0, 4248.0, 4257.0, 4261.0, 4267.0, 4286.0, 4293.0, 4303.0, 4331.0, 4332.0, 4335.0, 4343.0, 4353.0, 4354.0, 4360.0, 4438.0, 4478.0, 4481.0, 4485.0, 4487.0, 4494.0, 4495.0, 4499.0, 4509.0, 4512.0, 4521.0, 4535.0, 4536.0, 4537.0, 4542.0, 4582.0, 4598.0, 4600.0, 4613.0, 4615.0, 4627.0, 4629.0, 4671.0, 4681.0, 4701.0, 4703.0, 4711.0, 4735.0, 4744.0, 4745.0, 4752.0, 4773.0, 4776.0, 4791.0, 4796.0, 4828.0, 4831.0, 4833.0, 4842.0, 4843.0, 4854.0, 4855.0, 4857.0, 4860.0, 4864.0, 4868.0, 4883.0, 4887.0, 4904.0, 4907.0, 4919.0, 4923.0, 4931.0, 4938.0, 4978.0, 4986.0, 4987.0, 5074.0, 5096.0, 5106.0, 5121.0, 5129.0, 5130.0, 5160.0, 5166.0, 5184.0, 5207.0, 5210.0, 5241.0, 5243.0, 5264.0, 5276.0, 5277.0, 5291.0, 5292.0, 5295.0, 5297.0, 5311.0, 5327.0, 5330.0, 5333.0, 5336.0, 5338.0, 5341.0, 5346.0, 5364.0, 5393.0, 5426.0, 5433.0, 5447.0, 5475.0, 5480.0, 5494.0, 5526.0, 5532.0, 5552.0, 5554.0, 5557.0, 5566.0, 5569.0, 5578.0, 5580.0, 5592.0, 5595.0, 5600.0, 5603.0, 5604.0, 5606.0, 5634.0, 5646.0, 5693.0, 5708.0, 5711.0, 5718.0, 5727.0, 5738.0, 5742.0, 5774.0, 5787.0, 5788.0, 5798.0, 5817.0, 5826.0, 5829.0, 5834.0, 5836.0, 5874.0, 5878.0, 5886.0, 5893.0, 5905.0, 5912.0, 5916.0, 5918.0, 5919.0, 5925.0, 5935.0, 5950.0, 5961.0, 5973.0, 5978.0, 5980.0, 5990.0, 5995.0, 6001.0, 6014.0, 6035.0, 6048.0, 6102.0, 6119.0, 6134.0, 6142.0, 6150.0, 6175.0, 6189.0, 6196.0, 6203.0, 6205.0, 6206.0, 6228.0, 6231.0, 6234.0, 6253.0, 6257.0, 6258.0, 6272.0, 6277.0, 6281.0, 6284.0, 6299.0, 6303.0, 6307.0, 6324.0, 6330.0, 6341.0, 6376.0, 6385.0, 6387.0, 6389.0, 6392.0, 6404.0, 6441.0, 6446.0, 6462.0, 6470.0, 6480.0, 6499.0, 6502.0, 6503.0, 6507.0, 6510.0, 6518.0, 6546.0, 6548.0, 6566.0, 6580.0, 6581.0, 6585.0, 6591.0, 6606.0, 6607.0, 6610.0, 6623.0, 6631.0, 6648.0, 6659.0, 6665.0, 6672.0, 6678.0, 6688.0, 6693.0, 6695.0, 6751.0, 6753.0, 6799.0, 6810.0, 6812.0, 6813.0, 6832.0, 6838.0, 6850.0, 6865.0, 6869.0, 6876.0, 6880.0, 6886.0, 6891.0, 6892.0, 6900.0, 6904.0, 6920.0, 6948.0, 6992.0, 7010.0, 7030.0, 7037.0, 7038.0, 7042.0, 7048.0, 7050.0, 7056.0, 7060.0, 7075.0, 7090.0, 7096.0, 7097.0, 7098.0, 7099.0, 7100.0, 7122.0, 7138.0, 7166.0, 7174.0, 7185.0, 7227.0, 7268.0, 7277.0, 7286.0, 7292.0, 7307.0, 7318.0, 7332.0, 7349.0, 7357.0, 7399.0, 7407.0, 7409.0, 7433.0, 7448.0, 7465.0, 7476.0, 7477.0, 7494.0, 7516.0, 7532.0, 7538.0, 7552.0, 7564.0, 7568.0, 7620.0, 7633.0, 7681.0, 7697.0, 7718.0, 7730.0, 7760.0, 7767.0, 7802.0, 7805.0, 7818.0, 7846.0, 7849.0, 7852.0, 7873.0, 7923.0, 7988.0, 8013.0, 8029.0, 8030.0, 8036.0, 8086.0, 8089.0, 8140.0, 8175.0, 8192.0, 8214.0, 8226.0, 8237.0, 8269.0, 8291.0, 8293.0, 8324.0, 8335.0, 8349.0, 8350.0, 8357.0, 8359.0, 8361.0, 8362.0, 8363.0, 8364.0, 8366.0, 8372.0, 8406.0, 8407.0, 8408.0, 8412.0, 8425.0, 8436.0, 8438.0, 8448.0, 8458.0, 8480.0, 8497.0, 8503.0, 8504.0, 8517.0, 8534.0, 8544.0, 8565.0, 8567.0, 8572.0, 8578.0, 8605.0, 8623.0, 8629.0, 8633.0, 8649.0, 8654.0, 8655.0, 8663.0, 8675.0, 8737.0, 8739.0, 8774.0, 8777.0, 8812.0, 8818.0, 8832.0, 8835.0, 8857.0, 8863.0, 8864.0, 8881.0, 8888.0, 8934.0, 8935.0, 8972.0, 8985.0, 8987.0, 8994.0, 8995.0, 8996.0, 9015.0, 9051.0, 9060.0, 9066.0, 9071.0, 9076.0, 9091.0, 9097.0, 9098.0, 9099.0, 9123.0, 9138.0, 9187.0, 9217.0, 9231.0, 9293.0, 9296.0, 9306.0, 9314.0, 9317.0, 9332.0, 9362.0, 9394.0, 9401.0, 9414.0, 9425.0, 9442.0, 9443.0, 9446.0, 9452.0, 9456.0, 9457.0, 9493.0, 9501.0, 9545.0, 9557.0, 9562.0, 9572.0, 9588.0, 9590.0, 9600.0, 9601.0, 9607.0, 9627.0, 9637.0, 9639.0, 9641.0, 9645.0, 9696.0, 9699.0, 9735.0, 9741.0, 9746.0, 9765.0, 9767.0, 9780.0, 9783.0, 9792.0, 9806.0, 9814.0, 9825.0, 9831.0, 9878.0, 9882.0, 9892.0, 9894.0, 9899.0, 9903.0, 9906.0, 9912.0, 9919.0, 9922.0, 9924.0, 9936.0, 9940.0, 9961.0, 9980.0, 10000.0, 10003.0, 10008.0, 10011.0, 10014.0, 10019.0, 10036.0, 10043.0, 10044.0, 10069.0, 10084.0, 10095.0, 10102.0, 10120.0, 10128.0, 10131.0, 10161.0, 10184.0, 10197.0, 10198.0, 10212.0, 10219.0, 10220.0, 10229.0, 10254.0, 10257.0, 10299.0, 10309.0, 10312.0, 10314.0, 10317.0, 10324.0, 10326.0, 10335.0, 10379.0, 10382.0, 10385.0, 10392.0, 10397.0, 10406.0, 10410.0, 10411.0, 10417.0, 10450.0, 10451.0, 10457.0, 10464.0, 10466.0, 10471.0, 10475.0, 10518.0, 10529.0, 10558.0, 10561.0, 10566.0, 10591.0, 10592.0, 10597.0, 10625.0, 10643.0, 10666.0, 10667.0, 10682.0, 10699.0, 10712.0, 10741.0, 10749.0, 10758.0, 10766.0, 10768.0, 10776.0, 10782.0, 10793.0, 10797.0, 10801.0, 10804.0, 10811.0, 10818.0, 10841.0, 10855.0, 10857.0, 10859.0, 10863.0, 10882.0, 10894.0, 10897.0, 10912.0, 10954.0, 10965.0, 10973.0, 10981.0, 11004.0, 11006.0, 11033.0, 11041.0, 11112.0, 11118.0, 11119.0, 11122.0, 11136.0, 11147.0, 11155.0, 11157.0, 11167.0, 11170.0, 11177.0, 11190.0, 11197.0, 11213.0, 11234.0, 11272.0, 11322.0, 11326.0, 11332.0, 11343.0, 11346.0, 22795.0, 22797.0, 22809.0, 22843.0, 22865.0, 22880.0, 22893.0, 22937.0, 22949.0, 22974.0, 22981.0, 23054.0, 23066.0, 23076.0, 23089.0, 23099.0, 23120.0, 23125.0, 23135.0, 23166.0, 23170.0, 23189.0, 23191.0, 23194.0, 23224.0, 23234.0, 23256.0, 23283.0, 23318.0, 23326.0, 23339.0, 23344.0, 23355.0, 23369.0, 23371.0, 23399.0, 23421.0, 23432.0, 23463.0, 23475.0, 23499.0, 23526.0, 23531.0, 23554.0, 23558.0, 23564.0, 23566.0, 23582.0, 23585.0, 23589.0, 23593.0, 23596.0, 23604.0, 23619.0, 23645.0, 23677.0, 23678.0, 23683.0, 23704.0, 23765.0, 23780.0, 24139.0, 24140.0, 25759.0, 25777.0, 25780.0, 25791.0, 25797.0, 25825.0, 25830.0, 25837.0, 25839.0, 25847.0, 25849.0, 25865.0, 25885.0, 25895.0, 25917.0, 25920.0, 25924.0, 25943.0, 25974.0, 25999.0, 26002.0, 26007.0, 26024.0, 26063.0, 26094.0, 26150.0, 26152.0, 26191.0, 26229.0, 26258.0, 26270.0, 26271.0, 26287.0, 26292.0, 26471.0, 26509.0, 26517.0, 26751.0, 26762.0, 26993.0, 26999.0, 27019.0, 27042.0, 27065.0, 27077.0, 27106.0, 27111.0, 27113.0, 27123.0, 27128.0, 27141.0, 27143.0, 27156.0, 27181.0, 27185.0, 27202.0, 27229.0, 27232.0, 27295.0, 27296.0, 27297.0, 27338.0, 27341.0, 28990.0, 28996.0, 29028.0, 29057.0, 29074.0, 29078.0, 29079.0, 29094.0, 29103.0, 29109.0, 29127.0, 29760.0, 29780.0, 29800.0, 29894.0, 29899.0, 29919.0, 29923.0, 29990.0, 29994.0, 29995.0, 30061.0, 30813.0, 30820.0, 30827.0, 30834.0, 30836.0, 30850.0, 30851.0, 50617.0, 50808.0, 50839.0, 50944.0, 51005.0, 51016.0, 51020.0, 51043.0, 51053.0, 51060.0, 51073.0, 51074.0, 51099.0, 51117.0, 51125.0, 51129.0, 51148.0, 51149.0, 51154.0, 51171.0, 51176.0, 51181.0, 51191.0, 51193.0, 51199.0, 51206.0, 51222.0, 51246.0, 51247.0, 51257.0, 51259.0, 51284.0, 51285.0, 51296.0, 51300.0, 51307.0, 51310.0, 51317.0, 51324.0, 51334.0, 51339.0, 51364.0, 51393.0, 51397.0, 51399.0, 51411.0, 51427.0, 51463.0, 51473.0, 51474.0, 51493.0, 51522.0, 51527.0, 51531.0, 51534.0, 51540.0, 51562.0, 51605.0, 51608.0, 51626.0, 51646.0, 51657.0, 51661.0, 51668.0, 51703.0, 51735.0, 53340.0, 53407.0, 53827.0, 53829.0, 53832.0, 53916.0, 53938.0, 54065.0, 54069.0, 54209.0, 54221.0, 54433.0, 54434.0, 54458.0, 54472.0, 54491.0, 54502.0, 54518.0, 54532.0, 54538.0, 54543.0, 54550.0, 54555.0, 54567.0, 54620.0, 54625.0, 54715.0, 54769.0, 54780.0, 54809.0, 54815.0, 54820.0, 54825.0, 54842.0, 54852.0, 54873.0, 54883.0, 54885.0, 54908.0, 54914.0, 54922.0, 54930.0, 54932.0, 54947.0, 54957.0, 54962.0, 54981.0, 55007.0, 55012.0, 55051.0, 55080.0, 55114.0, 55124.0, 55128.0, 55138.0, 55139.0, 55150.0, 55170.0, 55171.0, 55191.0, 55210.0, 55222.0, 55224.0, 55238.0, 55240.0, 55248.0, 55251.0, 55256.0, 55260.0, 55276.0, 55278.0, 55280.0, 55282.0, 55304.0, 55315.0, 55323.0, 55325.0, 55346.0, 55353.0, 55357.0, 55454.0, 55508.0, 55558.0, 55592.0, 55603.0, 55609.0, 55613.0, 55619.0, 55620.0, 55636.0, 55643.0, 55663.0, 55672.0, 55686.0, 55693.0, 55702.0, 55742.0, 55755.0, 55764.0, 55769.0, 55779.0, 55796.0, 55798.0, 55805.0, 55812.0, 55835.0, 55871.0, 55897.0, 55917.0, 55964.0, 56155.0, 56241.0, 56256.0, 56603.0, 56605.0, 56894.0, 56898.0, 56911.0, 56931.0, 56941.0, 56942.0, 56950.0, 56952.0, 56992.0, 57007.0, 57082.0, 57101.0, 57105.0, 57110.0, 57116.0, 57128.0, 57139.0, 57146.0, 57148.0, 57176.0, 57185.0, 57381.0, 57405.0, 57407.0, 57447.0, 57491.0, 57493.0, 57522.0, 57544.0, 57572.0, 57580.0, 57602.0, 57611.0, 57654.0, 57659.0, 57687.0, 57696.0, 57697.0, 57716.0, 57718.0, 57730.0, 57731.0, 57761.0, 57787.0, 57834.0, 57863.0, 58475.0, 58485.0, 58488.0, 58504.0, 58538.0, 58986.0, 59272.0, 59284.0, 59307.0, 60401.0, 60437.0, 60481.0, 60491.0, 60561.0, 60672.0, 63826.0, 63901.0, 63910.0, 63920.0, 63976.0, 63979.0, 64105.0, 64106.0, 64135.0, 64137.0, 64151.0, 64231.0, 64284.0, 64411.0, 64417.0, 64429.0, 64478.0, 64518.0, 64581.0, 64770.0, 64776.0, 64780.0, 64787.0, 64794.0, 64848.0, 64849.0, 64855.0, 64978.0, 64983.0, 65078.0, 65983.0, 65992.0, 65999.0, 66002.0, 78989.0, 79026.0, 79053.0, 79071.0, 79075.0, 79083.0, 79085.0, 79142.0, 79155.0, 79156.0, 79364.0, 79365.0, 79443.0, 79611.0, 79622.0, 79651.0, 79660.0, 79673.0, 79682.0, 79685.0, 79705.0, 79760.0, 79794.0, 79801.0, 79805.0, 79839.0, 79841.0, 79844.0, 79873.0, 79882.0, 79890.0, 79901.0, 79902.0, 79918.0, 79939.0, 79979.0, 79986.0, 79991.0, 79993.0, 80005.0, 80013.0, 80097.0, 80129.0, 80183.0, 80206.0, 80210.0, 80212.0, 80216.0, 80258.0, 80270.0, 80298.0, 80328.0, 80342.0, 80350.0, 80704.0, 80705.0, 80763.0, 81567.0, 81618.0, 81704.0, 81786.0, 81793.0, 81848.0, 81853.0, 83394.0, 83444.0, 83450.0, 83463.0, 83547.0, 83595.0, 83640.0, 83659.0, 83693.0, 83696.0, 83733.0, 83752.0, 83850.0, 83860.0, 83861.0, 83871.0, 83872.0, 83933.0, 83988.0, 84002.0, 84059.0, 84063.0, 84072.0, 84073.0, 84078.0, 84079.0, 84084.0, 84102.0, 84105.0, 84106.0, 84166.0, 84168.0, 84172.0, 84221.0, 84230.0, 84258.0, 84268.0, 84269.0, 84271.0, 84278.0, 84282.0, 84283.0, 84330.0, 84332.0, 84417.0, 84418.0, 84433.0, 84441.0, 84457.0, 84498.0, 84530.0, 84561.0, 84612.0, 84617.0, 84618.0, 84660.0, 84661.0, 84680.0, 84693.0, 84696.0, 84709.0, 84727.0, 84733.0, 84790.0, 84807.0, 84858.0, 84868.0, 84869.0, 84875.0, 84889.0, 84898.0, 84914.0, 84929.0, 84950.0, 84952.0, 84957.0, 84976.0, 84996.0, 85313.0, 85363.0, 85417.0, 85441.0, 87769.0, 89790.0, 89792.0, 89832.0, 89857.0, 89876.0, 89891.0, 90288.0, 90313.0, 90353.0, 90411.0, 90416.0, 90417.0, 90557.0, 90678.0, 90865.0, 91039.0, 91156.0, 91179.0, 91419.0, 91523.0, 91526.0, 91543.0, 91544.0, 91574.0, 91607.0, 91653.0, 91689.0, 91768.0, 92565.0, 92689.0, 92960.0, 93010.0, 93099.0, 93100.0, 93166.0, 93343.0, 93426.0, 93953.0, 94015.0, 94120.0, 94121.0, 94122.0, 94233.0, 112483.0, 112609.0, 112755.0, 112950.0, 113146.0, 113246.0, 113277.0, 113655.0, 113828.0, 113878.0, 114548.0, 114757.0, 114823.0, 114884.0, 114899.0, 114904.0, 114908.0, 114971.0, 115004.0, 115106.0, 115361.0, 115362.0, 115560.0, 115817.0, 116028.0, 116113.0, 116496.0, 116832.0, 116985.0, 117155.0, 117166.0, 117246.0, 117289.0, 117583.0, 117584.0, 118426.0, 118738.0, 118788.0, 119391.0, 120224.0, 120406.0, 121457.0, 121793.0, 122953.0, 123606.0, 123803.0, 124411.0, 124925.0, 124944.0, 126003.0, 126074.0, 126133.0, 126282.0, 126298.0, 126375.0, 126433.0, 126526.0, 126820.0, 126868.0, 127253.0, 127255.0, 127281.0, 127665.0, 127833.0, 127845.0, 128853.0, 128866.0, 129401.0, 129685.0, 129807.0, 130340.0, 130813.0, 130916.0, 131405.0, 131450.0, 132001.0, 132014.0, 132671.0, 134701.0, 135154.0, 136051.0, 139341.0, 139818.0, 140545.0, 140576.0, 140578.0, 140767.0, 140876.0, 143162.0, 143458.0, 144811.0, 145226.0, 146433.0, 147138.0, 147179.0, 147372.0, 147660.0, 147841.0, 148252.0, 148304.0, 148932.0, 149428.0, 150372.0, 150383.0, 150864.0, 151242.0, 151254.0, 151393.0, 151531.0, 151651.0, 151903.0, 151963.0, 152015.0, 152137.0, 152206.0, 153328.0, 154075.0, 154467.0, 154881.0, 155054.0, 155368.0, 155382.0, 157697.0, 158067.0, 158219.0, 158326.0, 158787.0, 158866.0, 160428.0, 161253.0, 161502.0, 161882.0, 162333.0, 162681.0, 162968.0, 163227.0, 163702.0, 164684.0, 164781.0, 165679.0, 166929.0, 167681.0, 168544.0, 169166.0, 169841.0, 170261.0, 195814.0, 196264.0, 196463.0, 196883.0, 196996.0, 197320.0, 199221.0, 199920.0, 200424.0, 200728.0, 200894.0, 201254.0, 201456.0, 201780.0, 201973.0, 203111.0, 203228.0, 203245.0, 204219.0, 206358.0, 207063.0, 219402.0, 219621.0, 219670.0, 220108.0, 220202.0, 220992.0, 221178.0, 221421.0, 221424.0, 221472.0, 221692.0, 221908.0, 222389.0, 222696.0, 246176.0, 246329.0, 246330.0, 252969.0, 253314.0, 253512.0, 253639.0, 253714.0, 253769.0, 254295.0, 255758.0, 256309.0, 257106.0, 257169.0, 257364.0, 259173.0, 259294.0, 260425.0, 266743.0, 283131.0, 283219.0, 283248.0, 283383.0, 283385.0, 283459.0, 283514.0, 283726.0, 283742.0, 283807.0, 284058.0, 284076.0, 284111.0, 284119.0, 284129.0, 284131.0, 284184.0, 284346.0, 284348.0, 284390.0, 284521.0, 285025.0, 285093.0, 285141.0, 285315.0, 285386.0, 285590.0, 285753.0, 286077.0, 286257.0, 286343.0, 286464.0, 286826.0, 339122.0, 339390.0, 339416.0, 339834.0, 340348.0, 340419.0, 340527.0, 340547.0, 340596.0, 340602.0, 341019.0, 341640.0, 342372.0, 342667.0, 342908.0, 345079.0, 348174.0, 348487.0, 373863.0, 374407.0, 374946.0, 374969.0, 375033.0, 375307.0, 375612.0, 387103.0, 387700.0, 387849.0, 387856.0, 387893.0, 388121.0, 388335.0, 388336.0, 388372.0, 388677.0, 389289.0, 399694.0, 399947.0, 400506.0, 401494.0, 401541.0, 401548.0, 401994.0, 402682.0, 404550.0, 408050.0, 415116.0, 440050.0, 440093.0, 440097.0, 440145.0, 440295.0, 440435.0, 440503.0, 440603.0, 441150.0, 441168.0, 445571.0, 445815.0, 493829.0, 497661.0, 548596.0, 642968.0, 653247.0, 653319.0, 653784.0, 727800.0, 728689.0, 729238.0, 729438.0, 768211.0, 100101267.0, 100129583.0, 100130086.0, 100131997.0, 100133941.0, 100287171.0, 100506658.0, 100507436.0, 100529215.0, 100532736.0, 100861412.0, 101059938.0, 101060321.0, 102724023.0, 118142757.0 
GO:0003723 MF 3.79e-21 164/3410  1302/15181 D04 RNA binding                              132.0, 226.0, 580.0, 672.0, 677.0, 871.0, 984.0, 1107.0, 1634.0, 1728.0, 1729.0, 1763.0, 1832.0, 1854.0, 1964.0, 1982.0, 2483.0, 3006.0, 3105.0, 3146.0, 3184.0, 3303.0, 3315.0, 3433.0, 3434.0, 4204.0, 4343.0, 4627.0, 4857.0, 4858.0, 4904.0, 4931.0, 5393.0, 5822.0, 5905.0, 5935.0, 6134.0, 6142.0, 6150.0, 6175.0, 6189.0, 6203.0, 6205.0, 6206.0, 6228.0, 6231.0, 6234.0, 6499.0, 6606.0, 6607.0, 6631.0, 6688.0, 6812.0, 6832.0, 6838.0, 7037.0, 7307.0, 7332.0, 7373.0, 7532.0, 7538.0, 7681.0, 7818.0, 7873.0, 8175.0, 8359.0, 8361.0, 8362.0, 8363.0, 8364.0, 8366.0, 8480.0, 8565.0, 8663.0, 8867.0, 8996.0, 9123.0, 9138.0, 9601.0, 10102.0, 10128.0, 10131.0, 10212.0, 10412.0, 10450.0, 10643.0, 10749.0, 10768.0, 10973.0, 11157.0, 23076.0, 23089.0, 23283.0, 23318.0, 23369.0, 23499.0, 23536.0, 25917.0, 25920.0, 26024.0, 26993.0, 26995.0, 27042.0, 27341.0, 29803.0, 29958.0, 30836.0, 51073.0, 51081.0, 51154.0, 51191.0, 51493.0, 51605.0, 54039.0, 54433.0, 54502.0, 54514.0, 54555.0, 54715.0, 55119.0, 55124.0, 55323.0, 55345.0, 55603.0, 55796.0, 56903.0, 56931.0, 57535.0, 57602.0, 57696.0, 60528.0, 64092.0, 64135.0, 64283.0, 64318.0, 64794.0, 64848.0, 64983.0, 79026.0, 79868.0, 79882.0, 80336.0, 83640.0, 84271.0, 84950.0, 85313.0, 85441.0, 117246.0, 118460.0, 122402.0, 126789.0, 133522.0, 140576.0, 143689.0, 144983.0, 154197.0, 260294.0, 283742.0, 284119.0, 317781.0, 373863.0, 388115.0, 400506.0, 102724159.0 
GO:0042393 MF 1.18e-05 14/3410   156/15181 D03 histone binding                          1104.0, 1107.0, 3717.0, 4796.0, 5763.0, 8089.0, 8888.0, 10157.0, 23234.0, 29028.0, 51176.0, 55170.0, 55636.0, 79685.0 
GO:0046872 MF 1.23e-05 368/3410  1971/15181 D04 metal ion binding                        94.0, 107.0, 132.0, 176.0, 272.0, 330.0, 412.0, 432.0, 443.0, 478.0, 580.0, 593.0, 677.0, 695.0, 780.0, 1124.0, 1289.0, 1297.0, 1302.0, 1466.0, 1534.0, 1536.0, 1663.0, 1763.0, 1789.0, 1815.0, 1959.0, 2070.0, 2073.0, 2110.0, 2122.0, 2131.0, 2162.0, 2274.0, 2275.0, 2766.0, 2769.0, 2778.0, 2872.0, 3043.0, 3642.0, 3678.0, 3682.0, 3684.0, 3689.0, 3702.0, 3716.0, 3717.0, 3752.0, 3955.0, 3981.0, 3985.0, 4008.0, 4353.0, 4494.0, 4495.0, 4499.0, 4512.0, 4521.0, 4671.0, 4752.0, 4831.0, 4833.0, 4843.0, 4884.0, 4907.0, 4938.0, 5137.0, 5150.0, 5158.0, 5324.0, 5446.0, 5580.0, 5742.0, 5829.0, 5978.0, 5980.0, 6299.0, 6392.0, 6507.0, 6510.0, 6511.0, 6547.0, 6591.0, 6610.0, 6891.0, 6948.0, 7048.0, 7307.0, 7409.0, 7538.0, 7552.0, 7564.0, 7568.0, 7620.0, 7633.0, 7652.0, 7681.0, 7691.0, 7697.0, 7701.0, 7718.0, 7730.0, 7743.0, 7760.0, 7767.0, 7769.0, 8001.0, 8225.0, 8226.0, 8438.0, 8515.0, 8516.0, 8517.0, 8544.0, 8572.0, 8654.0, 8994.0, 9099.0, 9379.0, 9457.0, 9501.0, 9645.0, 9699.0, 9765.0, 9767.0, 9831.0, 9924.0, 10003.0, 10014.0, 10156.0, 10194.0, 10229.0, 10417.0, 10451.0, 10588.0, 10739.0, 10782.0, 10793.0, 10795.0, 10857.0, 10863.0, 11019.0, 11033.0, 11041.0, 11128.0, 11155.0, 11177.0, 22843.0, 22856.0, 23093.0, 23099.0, 23135.0, 23355.0, 23371.0, 23526.0, 23527.0, 23536.0, 23576.0, 23683.0, 25865.0, 25961.0, 26007.0, 26152.0, 26229.0, 26271.0, 26509.0, 26993.0, 27295.0, 29127.0, 29799.0, 29803.0, 29951.0, 29994.0, 30061.0, 30833.0, 50614.0, 51005.0, 51020.0, 51043.0, 51193.0, 51222.0, 51276.0, 51317.0, 51364.0, 51427.0, 51474.0, 51493.0, 51646.0, 51668.0, 53335.0, 54069.0, 54482.0, 54815.0, 54897.0, 54932.0, 54981.0, 54988.0, 55012.0, 55124.0, 55139.0, 55240.0, 55316.0, 55454.0, 55609.0, 55627.0, 55663.0, 55693.0, 55702.0, 55748.0, 55769.0, 55796.0, 56903.0, 56931.0, 56950.0, 57116.0, 57232.0, 57546.0, 57593.0, 57615.0, 57659.0, 60528.0, 63976.0, 64131.0, 64283.0, 64288.0, 64411.0, 64581.0, 64780.0, 64789.0, 64943.0, 79083.0, 79142.0, 79155.0, 79156.0, 79364.0, 79443.0, 79642.0, 79673.0, 79705.0, 79882.0, 79901.0, 79986.0, 80144.0, 80816.0, 81035.0, 83444.0, 83482.0, 83642.0, 83860.0, 83875.0, 84107.0, 84168.0, 84172.0, 84239.0, 84268.0, 84282.0, 84330.0, 84436.0, 84614.0, 84627.0, 84693.0, 84735.0, 84858.0, 84868.0, 84874.0, 84914.0, 84929.0, 85441.0, 89846.0, 90333.0, 90678.0, 91419.0, 91543.0, 93100.0, 93166.0, 93589.0, 94121.0, 94122.0, 113835.0, 114804.0, 115004.0, 115209.0, 115560.0, 116113.0, 116985.0, 117584.0, 117608.0, 118738.0, 119016.0, 121512.0, 125893.0, 126208.0, 126375.0, 127665.0, 130399.0, 136051.0, 139735.0, 140545.0, 146050.0, 147660.0, 147694.0, 148203.0, 148206.0, 148213.0, 148932.0, 154197.0, 155054.0, 158326.0, 158431.0, 160851.0, 161823.0, 161882.0, 162655.0, 162968.0, 163131.0, 163227.0, 168544.0, 168850.0, 169841.0, 170692.0, 195828.0, 196883.0, 197320.0, 199221.0, 201501.0, 220992.0, 221472.0, 222696.0, 246329.0, 253639.0, 254295.0, 282890.0, 283514.0, 284076.0, 284106.0, 284161.0, 284346.0, 284390.0, 284443.0, 285498.0, 285643.0, 337876.0, 340485.0, 341350.0, 341640.0, 342667.0, 342908.0, 344905.0, 345462.0, 374899.0, 388523.0, 388561.0, 388569.0, 390980.0, 400713.0, 401262.0, 442319.0, 644353.0, 654254.0, 727800.0, 729092.0, 729288.0, 730051.0, 730087.0, 100129543.0, 100529215.0, 110116772.0 
GO:0003677 MF 1.73e-05 120/3410   740/15181 D04 DNA binding                              406.0, 672.0, 677.0, 1050.0, 1051.0, 1107.0, 1663.0, 1677.0, 1763.0, 1774.0, 1789.0, 1958.0, 2078.0, 2122.0, 2302.0, 2313.0, 3150.0, 3164.0, 3659.0, 3726.0, 3981.0, 4204.0, 4211.0, 4303.0, 4438.0, 4613.0, 4773.0, 4831.0, 4904.0, 5241.0, 5426.0, 5435.0, 5893.0, 5915.0, 5916.0, 5980.0, 5990.0, 6648.0, 6665.0, 6672.0, 6832.0, 6838.0, 6880.0, 6920.0, 7494.0, 7538.0, 7849.0, 8013.0, 8335.0, 8342.0, 8349.0, 8350.0, 8357.0, 8359.0, 8361.0, 8362.0, 8363.0, 8364.0, 8366.0, 8458.0, 8629.0, 9015.0, 10011.0, 10084.0, 10194.0, 10732.0, 10795.0, 11128.0, 23089.0, 25885.0, 26471.0, 26993.0, 29800.0, 29803.0, 29994.0, 51085.0, 51176.0, 51222.0, 51317.0, 54039.0, 54962.0, 55636.0, 64135.0, 64789.0, 78989.0, 79075.0, 79685.0, 79986.0, 80298.0, 80816.0, 84107.0, 84172.0, 84330.0, 84627.0, 84733.0, 85441.0, 91748.0, 115004.0, 116028.0, 116447.0, 118738.0, 124944.0, 128312.0, 129787.0, 148203.0, 161882.0, 168850.0, 201254.0, 204219.0, 222389.0, 246721.0, 256643.0, 284131.0, 285643.0, 286826.0, 387103.0, 388610.0, 440097.0, 440689.0, 100144748.0 
GO:0106310 MF 5.79e-05 43/3410   319/15181 D06 protein serine kinase activity           699.0, 984.0, 1021.0, 1195.0, 1326.0, 2475.0, 2872.0, 2932.0, 3985.0, 4261.0, 4293.0, 4752.0, 5129.0, 5291.0, 5292.0, 5566.0, 5578.0, 5580.0, 5595.0, 5600.0, 5603.0, 5604.0, 5606.0, 6196.0, 6446.0, 8408.0, 8737.0, 10000.0, 23604.0, 23678.0, 23683.0, 25865.0, 28996.0, 54986.0, 57787.0, 79705.0, 80216.0, 84630.0, 84930.0, 85443.0, 140469.0, 415116.0, 728642.0 
GO:0004842 MF 8.74e-05 25/3410   211/15181 D04 ubiquitin-protein transferase activity   330.0, 580.0, 672.0, 4008.0, 6048.0, 7318.0, 7332.0, 9903.0, 10299.0, 10739.0, 23024.0, 26233.0, 27338.0, 51191.0, 51257.0, 55128.0, 84282.0, 85363.0, 89122.0, 90678.0, 91107.0, 131405.0, 148203.0, 151525.0, 727800.0 
GO:0045296 MF 1.16e-04 39/3410   290/15181 D04 cadherin binding                         226.0, 421.0, 1001.0, 1004.0, 1006.0, 1009.0, 1982.0, 2125.0, 3303.0, 4627.0, 4735.0, 4854.0, 5297.0, 5787.0, 5905.0, 6231.0, 8350.0, 8357.0, 8407.0, 9217.0, 9414.0, 9588.0, 10397.0, 10801.0, 11122.0, 23499.0, 28513.0, 51474.0, 53827.0, 54443.0, 55357.0, 55742.0, 60437.0, 64787.0, 64855.0, 79026.0, 79180.0, 128866.0, 151963.0 
