GO:0006954 BP 1.70e-09 59/1874   215/15181 D04 inflammatory response                    140.0, 199.0, 718.0, 728.0, 929.0, 958.0, 1240.0, 1436.0, 1536.0, 2353.0, 2532.0, 2687.0, 3055.0, 3146.0, 3373.0, 3663.0, 3689.0, 4261.0, 4671.0, 4843.0, 4973.0, 5294.0, 5724.0, 5742.0, 5919.0, 5966.0, 6556.0, 6863.0, 7096.0, 7099.0, 7100.0, 7128.0, 7132.0, 7292.0, 7852.0, 7857.0, 8517.0, 9051.0, 10219.0, 10312.0, 23166.0, 23765.0, 27202.0, 29760.0, 51284.0, 56413.0, 64581.0, 79155.0, 79792.0, 81793.0, 84695.0, 84807.0, 84868.0, 114548.0, 122618.0, 146433.0, 150372.0, 153090.0, 100137049.0 
GO:0003341 BP 5.53e-08 17/1874    33/15181 D04 cilium movement                          1767.0, 1770.0, 8701.0, 27019.0, 51364.0, 54768.0, 55130.0, 79740.0, 115948.0, 118491.0, 123872.0, 144406.0, 154313.0, 220136.0, 345895.0, 348807.0, 387885.0 
GO:0030317 BP 3.14e-07 21/1874    52/15181 D06 flagellated sperm motility               1767.0, 5360.0, 6652.0, 8701.0, 8911.0, 27019.0, 54514.0, 64518.0, 79846.0, 84229.0, 117155.0, 144406.0, 146845.0, 152015.0, 159686.0, 161142.0, 164395.0, 255101.0, 261734.0, 387712.0, 401024.0 
GO:0032735 BP 4.13e-07 14/1874    26/15181 D08 positive regulation of interleukin-12 production 948.0, 958.0, 3146.0, 3394.0, 3663.0, 4192.0, 5336.0, 5600.0, 6850.0, 7098.0, 7099.0, 7292.0, 7805.0, 64581.0 
GO:0006955 BP 8.80e-07 40/1874   147/15181 D02 immune response                          714.0, 718.0, 728.0, 925.0, 942.0, 948.0, 1240.0, 1513.0, 1520.0, 1524.0, 1896.0, 2214.0, 2217.0, 2533.0, 2669.0, 3113.0, 3122.0, 3133.0, 3394.0, 3937.0, 4261.0, 4277.0, 4783.0, 5294.0, 5724.0, 7096.0, 7099.0, 7292.0, 7409.0, 7494.0, 7852.0, 8517.0, 8764.0, 10261.0, 10346.0, 10507.0, 23533.0, 80328.0, 81793.0, 100507436.0 
GO:0007288 BP 2.37e-06 12/1874    22/15181 D09 sperm axoneme assembly                   9148.0, 55779.0, 79846.0, 79925.0, 80217.0, 84071.0, 84229.0, 154313.0, 159686.0, 255101.0, 286464.0, 401024.0 
GO:0032715 BP 4.14e-06 15/1874    34/15181 D08 negative regulation of interleukin-6 production 409.0, 2302.0, 3071.0, 3082.0, 3635.0, 5777.0, 7099.0, 7128.0, 8832.0, 11006.0, 11213.0, 26191.0, 27202.0, 84868.0, 131450.0 
GO:0006911 BP 5.69e-06 11/1874    20/15181 D07 phagocytosis, engulfment                 199.0, 948.0, 3684.0, 3689.0, 4481.0, 4627.0, 9938.0, 26762.0, 51411.0, 51454.0, 54209.0 
GO:0002250 BP 1.71e-05 25/1874    84/15181 D03 adaptive immune response                 639.0, 695.0, 925.0, 942.0, 1512.0, 1520.0, 1524.0, 3108.0, 3109.0, 3113.0, 3122.0, 3133.0, 3903.0, 4067.0, 4277.0, 5294.0, 6850.0, 8764.0, 8832.0, 10859.0, 11006.0, 11069.0, 84868.0, 115650.0, 387357.0 
GO:0035589 BP 2.20e-05  6/1874     7/15181 D07 G protein-coupled purinergic nucleotide receptor signaling pathway 2857.0, 5031.0, 5032.0, 5724.0, 53829.0, 64805.0 
GO:0015031 BP 1.36e-05 17/1874   331/15181 D05 protein transport                        409.0, 1063.0, 4036.0, 4627.0, 4645.0, 6102.0, 6284.0, 7494.0, 8086.0, 25839.0, 30845.0, 51296.0, 79363.0, 79651.0, 83547.0, 129880.0, 100287171.0 
GO:0006511 BP 1.51e-05  8/1874   216/15181 D08 ubiquitin-dependent protein catabolic process 7267.0, 7494.0, 9025.0, 9098.0, 57602.0, 58476.0, 64410.0, 124997.0 
GO:0045892 BP 2.80e-05 28/1874   447/15181 D10 negative regulation of transcription, DNA-templated 860.0, 1050.0, 1063.0, 2122.0, 4261.0, 4602.0, 4783.0, 5925.0, 7089.0, 7292.0, 8864.0, 9314.0, 9612.0, 10346.0, 22809.0, 23119.0, 29969.0, 51176.0, 54815.0, 57713.0, 57761.0, 64855.0, 79365.0, 80317.0, 84215.0, 84695.0, 84875.0, 153090.0 
GO:0031514 CC 1.56e-09 32/1874    84/15181 D05 motile cilium                            1767.0, 1770.0, 4867.0, 6652.0, 8701.0, 26256.0, 26762.0, 53340.0, 55779.0, 55811.0, 64064.0, 79740.0, 79781.0, 80705.0, 83659.0, 84229.0, 85016.0, 89765.0, 117155.0, 118491.0, 122481.0, 144406.0, 146754.0, 152015.0, 154313.0, 161502.0, 164395.0, 222235.0, 345895.0, 348807.0, 374407.0, 387885.0 
GO:0009897 CC 5.73e-08 47/1874   170/15181 D03 external side of plasma membrane         925.0, 929.0, 942.0, 948.0, 958.0, 972.0, 1441.0, 1513.0, 1524.0, 1636.0, 2057.0, 2214.0, 2217.0, 2683.0, 3133.0, 3590.0, 3597.0, 3598.0, 3678.0, 3684.0, 3687.0, 3689.0, 4036.0, 4277.0, 4481.0, 5788.0, 7048.0, 7099.0, 7412.0, 7852.0, 8515.0, 8764.0, 8832.0, 9936.0, 10859.0, 53340.0, 54718.0, 80328.0, 80741.0, 84168.0, 115650.0, 117531.0, 131450.0, 153579.0, 283316.0, 339390.0, 100507436.0 
GO:0005576 CC 6.42e-08 174/1874   956/15181 D02 extracellular region                     2.0, 268.0, 272.0, 279.0, 284.0, 313.0, 341.0, 353.0, 685.0, 712.0, 714.0, 718.0, 885.0, 925.0, 929.0, 1056.0, 1284.0, 1285.0, 1296.0, 1297.0, 1302.0, 1441.0, 1462.0, 1512.0, 1513.0, 1520.0, 1522.0, 1636.0, 1767.0, 1770.0, 1774.0, 1794.0, 1908.0, 1953.0, 2050.0, 2051.0, 2057.0, 2162.0, 2201.0, 2324.0, 2444.0, 2633.0, 2896.0, 2950.0, 3082.0, 3146.0, 3263.0, 3303.0, 3304.0, 3371.0, 3455.0, 3485.0, 3488.0, 3490.0, 3491.0, 3590.0, 3598.0, 3700.0, 3914.0, 4147.0, 4192.0, 4353.0, 4831.0, 4854.0, 4880.0, 4973.0, 5067.0, 5173.0, 5343.0, 5360.0, 5446.0, 5623.0, 5627.0, 5646.0, 5768.0, 5777.0, 5836.0, 5919.0, 6284.0, 6462.0, 6480.0, 6483.0, 6804.0, 6813.0, 6863.0, 7038.0, 7092.0, 7132.0, 8357.0, 8362.0, 8363.0, 8425.0, 8701.0, 9365.0, 9535.0, 9588.0, 10450.0, 10855.0, 10859.0, 10863.0, 11061.0, 11117.0, 11197.0, 22795.0, 22925.0, 23191.0, 23406.0, 23526.0, 23593.0, 23765.0, 25992.0, 26256.0, 26281.0, 27006.0, 27019.0, 50509.0, 51071.0, 51129.0, 51411.0, 51705.0, 53340.0, 54209.0, 55811.0, 56147.0, 56624.0, 57758.0, 59272.0, 60495.0, 60676.0, 64847.0, 64866.0, 79411.0, 79792.0, 79864.0, 79925.0, 80217.0, 80328.0, 80741.0, 80760.0, 81577.0, 81578.0, 83706.0, 84034.0, 84695.0, 85301.0, 93100.0, 114548.0, 123872.0, 127731.0, 131450.0, 135228.0, 144535.0, 146433.0, 163479.0, 164781.0, 167681.0, 169044.0, 196792.0, 201294.0, 219972.0, 220136.0, 220979.0, 225689.0, 283316.0, 285313.0, 317749.0, 340267.0, 374946.0, 375790.0, 646627.0, 653247.0, 728464.0, 729085.0, 100137049.0 
GO:0005930 CC 1.39e-07 31/1874    94/15181 D02 axoneme                                  1063.0, 1767.0, 1770.0, 8701.0, 26146.0, 29070.0, 51473.0, 54768.0, 54777.0, 55130.0, 55259.0, 55812.0, 80217.0, 80258.0, 83450.0, 89891.0, 115948.0, 118491.0, 123872.0, 129880.0, 144406.0, 144535.0, 146754.0, 146845.0, 154313.0, 158067.0, 196385.0, 199221.0, 255758.0, 345895.0, 374407.0 
GO:0005887 CC 1.68e-05 154/1874   898/15181 D04 integral component of plasma membrane    107.0, 113.0, 140.0, 148.0, 154.0, 187.0, 358.0, 728.0, 925.0, 948.0, 958.0, 963.0, 977.0, 1056.0, 1134.0, 1138.0, 1240.0, 1244.0, 1436.0, 1441.0, 1524.0, 1536.0, 1813.0, 1815.0, 1896.0, 2050.0, 2051.0, 2057.0, 2212.0, 2214.0, 2324.0, 2742.0, 2846.0, 2857.0, 2912.0, 3071.0, 3113.0, 3122.0, 3249.0, 3455.0, 3459.0, 3587.0, 3590.0, 3736.0, 3741.0, 3756.0, 4033.0, 4267.0, 4323.0, 4360.0, 4481.0, 4486.0, 4582.0, 4868.0, 4883.0, 4887.0, 4973.0, 4995.0, 5031.0, 5032.0, 5251.0, 5724.0, 5745.0, 5746.0, 5787.0, 5788.0, 5961.0, 6261.0, 6404.0, 6509.0, 6510.0, 6518.0, 6556.0, 6579.0, 6580.0, 6751.0, 6865.0, 7048.0, 7075.0, 7096.0, 7098.0, 7099.0, 7100.0, 7105.0, 7132.0, 7224.0, 7226.0, 7292.0, 7412.0, 7434.0, 7805.0, 8832.0, 8884.0, 8987.0, 9057.0, 9076.0, 9123.0, 9170.0, 9187.0, 9365.0, 10071.0, 10161.0, 10261.0, 10312.0, 10326.0, 10329.0, 10457.0, 10461.0, 10501.0, 10507.0, 10630.0, 10800.0, 10894.0, 23166.0, 23765.0, 28968.0, 29990.0, 30061.0, 51294.0, 51393.0, 54209.0, 55558.0, 55879.0, 56112.0, 56128.0, 56143.0, 56147.0, 56301.0, 56413.0, 56624.0, 57537.0, 57586.0, 64106.0, 81793.0, 84063.0, 89832.0, 94233.0, 117247.0, 117531.0, 123041.0, 123591.0, 126321.0, 127943.0, 133418.0, 144195.0, 147138.0, 166929.0, 196883.0, 221074.0, 284021.0, 339390.0, 387700.0, 441631.0, 100507436.0 
GO:0005581 CC 4.03e-04 13/1874    38/15181 D02 collagen trimer                          712.0, 714.0, 1296.0, 1302.0, 1896.0, 4481.0, 11117.0, 81035.0, 81578.0, 84034.0, 114904.0, 169044.0, 340267.0 
GO:0005654 CC 5.87e-23 261/1874  3406/15181 D02 nucleoplasm                              35.0, 148.0, 324.0, 353.0, 393.0, 409.0, 445.0, 463.0, 639.0, 675.0, 841.0, 860.0, 861.0, 1026.0, 1050.0, 1063.0, 1436.0, 1513.0, 1663.0, 1846.0, 1958.0, 1959.0, 2114.0, 2122.0, 2313.0, 2324.0, 2353.0, 2444.0, 2644.0, 2645.0, 2874.0, 2962.0, 3146.0, 3164.0, 3303.0, 3304.0, 3394.0, 3667.0, 3726.0, 3978.0, 4004.0, 4093.0, 4261.0, 4286.0, 4353.0, 4487.0, 4602.0, 4772.0, 4773.0, 4843.0, 4854.0, 4973.0, 5209.0, 5243.0, 5324.0, 5347.0, 5395.0, 5426.0, 5598.0, 5600.0, 5725.0, 5777.0, 5883.0, 5890.0, 5893.0, 5925.0, 5935.0, 5966.0, 6102.0, 6189.0, 6206.0, 6234.0, 6284.0, 6470.0, 6502.0, 6606.0, 6607.0, 6672.0, 6886.0, 7050.0, 7089.0, 7186.0, 7267.0, 7307.0, 7402.0, 7494.0, 7517.0, 7849.0, 7867.0, 8013.0, 8086.0, 8270.0, 8357.0, 8362.0, 8363.0, 8438.0, 8517.0, 8682.0, 8704.0, 8815.0, 8864.0, 9015.0, 9025.0, 9088.0, 9314.0, 9322.0, 9401.0, 9414.0, 9443.0, 9480.0, 9493.0, 9595.0, 9612.0, 9627.0, 9767.0, 10324.0, 10329.0, 10346.0, 10361.0, 10450.0, 10458.0, 10475.0, 10620.0, 10739.0, 10855.0, 11091.0, 11097.0, 11130.0, 11157.0, 11200.0, 22797.0, 22809.0, 22932.0, 23094.0, 23119.0, 23220.0, 23224.0, 23234.0, 23380.0, 23396.0, 23421.0, 23460.0, 23683.0, 25851.0, 25885.0, 25895.0, 25920.0, 25937.0, 26038.0, 26094.0, 26173.0, 26256.0, 26271.0, 26298.0, 26353.0, 26589.0, 27341.0, 28987.0, 29803.0, 29894.0, 29923.0, 29935.0, 30061.0, 30827.0, 50619.0, 51071.0, 51096.0, 51099.0, 51149.0, 51176.0, 51278.0, 51291.0, 51547.0, 51690.0, 54014.0, 54433.0, 54498.0, 54815.0, 54897.0, 54971.0, 54998.0, 55149.0, 55352.0, 55636.0, 55812.0, 56413.0, 56672.0, 57491.0, 57602.0, 57654.0, 57696.0, 57713.0, 57761.0, 57804.0, 60528.0, 63901.0, 63967.0, 64105.0, 64764.0, 64785.0, 64855.0, 65109.0, 79058.0, 79070.0, 79075.0, 79155.0, 79366.0, 79682.0, 79731.0, 79792.0, 79858.0, 79918.0, 79991.0, 80317.0, 80709.0, 81844.0, 83444.0, 83743.0, 83987.0, 84081.0, 84142.0, 84441.0, 84733.0, 85313.0, 91607.0, 92521.0, 92797.0, 93953.0, 114907.0, 115004.0, 116985.0, 118460.0, 120425.0, 126549.0, 134111.0, 143098.0, 143570.0, 144233.0, 152206.0, 159963.0, 160428.0, 201254.0, 221264.0, 246329.0, 253769.0, 261734.0, 284058.0, 284119.0, 284695.0, 285643.0, 340061.0, 340152.0, 345895.0, 373863.0, 375298.0, 404672.0, 440689.0, 613037.0, 653784.0, 100288332.0, 102724159.0 
GO:0005634 CC 1.35e-17 395/1874  4445/15181 D05 nucleus                                  35.0, 107.0, 148.0, 154.0, 199.0, 324.0, 358.0, 409.0, 463.0, 639.0, 675.0, 677.0, 695.0, 790.0, 793.0, 860.0, 861.0, 972.0, 1026.0, 1050.0, 1063.0, 1201.0, 1455.0, 1466.0, 1663.0, 1774.0, 1796.0, 1843.0, 1846.0, 1958.0, 1959.0, 2021.0, 2114.0, 2122.0, 2170.0, 2272.0, 2302.0, 2313.0, 2353.0, 2444.0, 2533.0, 2644.0, 2669.0, 2745.0, 2874.0, 2950.0, 2962.0, 3055.0, 3059.0, 3142.0, 3146.0, 3164.0, 3303.0, 3304.0, 3394.0, 3636.0, 3663.0, 3667.0, 3716.0, 3726.0, 3978.0, 4004.0, 4067.0, 4093.0, 4094.0, 4211.0, 4286.0, 4291.0, 4323.0, 4353.0, 4438.0, 4487.0, 4494.0, 4495.0, 4499.0, 4521.0, 4582.0, 4602.0, 4627.0, 4772.0, 4773.0, 4783.0, 4831.0, 4843.0, 5081.0, 5129.0, 5170.0, 5224.0, 5347.0, 5360.0, 5395.0, 5426.0, 5598.0, 5600.0, 5725.0, 5745.0, 5777.0, 5883.0, 5890.0, 5893.0, 5925.0, 5935.0, 5966.0, 5990.0, 5997.0, 6001.0, 6134.0, 6189.0, 6284.0, 6470.0, 6502.0, 6606.0, 6607.0, 6672.0, 6781.0, 6850.0, 6886.0, 6920.0, 7089.0, 7128.0, 7267.0, 7494.0, 7517.0, 7620.0, 7633.0, 7652.0, 7691.0, 7718.0, 7757.0, 7761.0, 7832.0, 7849.0, 7852.0, 7867.0, 8013.0, 8086.0, 8270.0, 8293.0, 8357.0, 8362.0, 8363.0, 8438.0, 8517.0, 8568.0, 8572.0, 8815.0, 8864.0, 8940.0, 9025.0, 9088.0, 9315.0, 9319.0, 9352.0, 9401.0, 9414.0, 9443.0, 9480.0, 9493.0, 9588.0, 9612.0, 9645.0, 9701.0, 9894.0, 9924.0, 10309.0, 10312.0, 10346.0, 10361.0, 10450.0, 10566.0, 10620.0, 10793.0, 10814.0, 10855.0, 10901.0, 10912.0, 11004.0, 11091.0, 11097.0, 11157.0, 11186.0, 11200.0, 11213.0, 11214.0, 22797.0, 22809.0, 22881.0, 23093.0, 23119.0, 23178.0, 23224.0, 23234.0, 23264.0, 23406.0, 23421.0, 23533.0, 25937.0, 26007.0, 26038.0, 26112.0, 26150.0, 26152.0, 26191.0, 26206.0, 26256.0, 26271.0, 26287.0, 26298.0, 26353.0, 27098.0, 27175.0, 27254.0, 27319.0, 29894.0, 29935.0, 29969.0, 30827.0, 30844.0, 30845.0, 50511.0, 50619.0, 51096.0, 51149.0, 51176.0, 51186.0, 51278.0, 51351.0, 51547.0, 51634.0, 51690.0, 54014.0, 54039.0, 54440.0, 54502.0, 54514.0, 54815.0, 54897.0, 54908.0, 54937.0, 54998.0, 55124.0, 55325.0, 55352.0, 55552.0, 55636.0, 55679.0, 55768.0, 55811.0, 56890.0, 56911.0, 57116.0, 57405.0, 57491.0, 57602.0, 57615.0, 57713.0, 57761.0, 58476.0, 58504.0, 60528.0, 63901.0, 63967.0, 64092.0, 64359.0, 64518.0, 64764.0, 64785.0, 64794.0, 64855.0, 65109.0, 65251.0, 79075.0, 79081.0, 79364.0, 79365.0, 79366.0, 79673.0, 79682.0, 79716.0, 79858.0, 79918.0, 79991.0, 80317.0, 80336.0, 81624.0, 83640.0, 83659.0, 83742.0, 83743.0, 83752.0, 84072.0, 84081.0, 84084.0, 84142.0, 84166.0, 84215.0, 84331.0, 84441.0, 84612.0, 84695.0, 84707.0, 84733.0, 84807.0, 84874.0, 84875.0, 84914.0, 85313.0, 89765.0, 90576.0, 90592.0, 90861.0, 91107.0, 91156.0, 91607.0, 92797.0, 93134.0, 93953.0, 113835.0, 114548.0, 114823.0, 114907.0, 115004.0, 115361.0, 115560.0, 116988.0, 117178.0, 118460.0, 119016.0, 121053.0, 122402.0, 122618.0, 122953.0, 124535.0, 125893.0, 126549.0, 127665.0, 128344.0, 134111.0, 135138.0, 136051.0, 139081.0, 139599.0, 143570.0, 144195.0, 148932.0, 157695.0, 162655.0, 164684.0, 168544.0, 168850.0, 170261.0, 195814.0, 196446.0, 197320.0, 200424.0, 201163.0, 201501.0, 201973.0, 220042.0, 221264.0, 221472.0, 225689.0, 283417.0, 283807.0, 284058.0, 284119.0, 284390.0, 284695.0, 338699.0, 339488.0, 340152.0, 342908.0, 348327.0, 373863.0, 375307.0, 387357.0, 388523.0, 388561.0, 404281.0, 440097.0, 440603.0, 440689.0, 442319.0, 644353.0, 645121.0, 647309.0, 654254.0, 730051.0, 730087.0, 100129543.0, 100130086.0, 100137047.0, 100885848.0, 109504726.0, 110116772.0 
GO:0005829 CC 4.56e-14 421/1874  4519/15181 D02 cytosol                                  148.0, 191.0, 199.0, 272.0, 324.0, 353.0, 393.0, 397.0, 409.0, 445.0, 534.0, 675.0, 677.0, 695.0, 752.0, 760.0, 790.0, 793.0, 841.0, 860.0, 977.0, 1026.0, 1063.0, 1201.0, 1326.0, 1455.0, 1512.0, 1719.0, 1728.0, 1730.0, 1794.0, 1796.0, 1824.0, 2021.0, 2050.0, 2051.0, 2053.0, 2114.0, 2122.0, 2170.0, 2184.0, 2242.0, 2272.0, 2313.0, 2324.0, 2353.0, 2444.0, 2533.0, 2633.0, 2644.0, 2645.0, 2670.0, 2745.0, 2784.0, 2819.0, 2874.0, 2949.0, 2950.0, 2998.0, 3055.0, 3059.0, 3071.0, 3081.0, 3164.0, 3303.0, 3304.0, 3394.0, 3587.0, 3635.0, 3636.0, 3663.0, 3667.0, 3716.0, 3736.0, 3936.0, 3937.0, 4067.0, 4093.0, 4261.0, 4296.0, 4323.0, 4481.0, 4521.0, 4524.0, 4542.0, 4547.0, 4602.0, 4627.0, 4647.0, 4703.0, 4772.0, 4773.0, 4831.0, 4843.0, 4854.0, 4867.0, 5137.0, 5170.0, 5209.0, 5224.0, 5239.0, 5294.0, 5324.0, 5330.0, 5336.0, 5347.0, 5395.0, 5592.0, 5598.0, 5600.0, 5777.0, 5827.0, 5836.0, 5912.0, 5925.0, 5966.0, 5973.0, 5997.0, 6001.0, 6134.0, 6142.0, 6170.0, 6181.0, 6189.0, 6206.0, 6234.0, 6236.0, 6284.0, 6303.0, 6470.0, 6502.0, 6503.0, 6606.0, 6607.0, 6652.0, 6793.0, 6799.0, 6804.0, 6813.0, 6850.0, 6916.0, 7048.0, 7051.0, 7128.0, 7138.0, 7186.0, 7267.0, 7409.0, 7439.0, 7517.0, 7533.0, 7805.0, 7832.0, 7867.0, 8029.0, 8086.0, 8140.0, 8293.0, 8517.0, 8682.0, 8815.0, 8829.0, 8864.0, 8934.0, 9025.0, 9050.0, 9051.0, 9088.0, 9314.0, 9322.0, 9352.0, 9414.0, 9493.0, 9588.0, 9595.0, 9627.0, 9701.0, 9712.0, 9882.0, 9894.0, 9924.0, 9940.0, 10144.0, 10324.0, 10346.0, 10450.0, 10458.0, 10475.0, 10630.0, 10788.0, 10811.0, 10814.0, 10841.0, 10901.0, 11004.0, 11069.0, 11075.0, 11097.0, 11130.0, 11157.0, 11214.0, 22809.0, 22977.0, 23093.0, 23178.0, 23191.0, 23220.0, 23234.0, 23263.0, 23380.0, 23396.0, 23406.0, 23421.0, 23526.0, 23533.0, 23564.0, 23600.0, 23645.0, 23683.0, 23710.0, 23743.0, 23766.0, 25839.0, 25895.0, 25937.0, 26007.0, 26038.0, 26191.0, 26256.0, 26271.0, 26287.0, 26353.0, 27010.0, 27128.0, 27141.0, 27143.0, 27175.0, 27232.0, 28987.0, 29760.0, 29923.0, 30061.0, 30827.0, 30845.0, 50619.0, 50944.0, 51071.0, 51074.0, 51099.0, 51171.0, 51268.0, 51291.0, 51332.0, 51466.0, 51473.0, 51477.0, 51606.0, 51665.0, 51690.0, 54014.0, 54039.0, 54498.0, 54518.0, 54858.0, 54885.0, 54897.0, 54903.0, 54908.0, 55055.0, 55191.0, 55303.0, 55352.0, 55521.0, 55614.0, 55679.0, 55768.0, 55811.0, 55812.0, 56890.0, 56911.0, 57139.0, 57176.0, 57405.0, 57464.0, 57491.0, 57494.0, 57537.0, 57602.0, 57696.0, 57713.0, 57718.0, 57761.0, 58476.0, 58504.0, 58538.0, 60528.0, 60676.0, 64092.0, 64105.0, 64359.0, 64410.0, 64577.0, 64759.0, 64772.0, 64855.0, 64926.0, 65109.0, 65999.0, 79058.0, 79070.0, 79092.0, 79155.0, 79682.0, 79731.0, 79792.0, 79825.0, 79841.0, 79890.0, 79918.0, 80028.0, 80243.0, 80336.0, 80709.0, 81578.0, 81624.0, 81704.0, 81844.0, 83547.0, 83743.0, 83752.0, 83987.0, 84084.0, 84144.0, 84166.0, 84282.0, 84303.0, 84433.0, 84612.0, 84875.0, 85313.0, 85415.0, 89765.0, 89846.0, 89891.0, 90861.0, 91010.0, 91107.0, 91544.0, 91607.0, 91807.0, 92521.0, 92610.0, 93100.0, 93663.0, 114294.0, 114548.0, 114907.0, 115004.0, 115361.0, 115939.0, 116985.0, 117289.0, 118460.0, 118788.0, 119391.0, 121952.0, 122481.0, 122970.0, 123591.0, 123624.0, 123872.0, 124540.0, 124997.0, 126433.0, 126549.0, 129880.0, 130916.0, 135138.0, 135228.0, 136332.0, 144233.0, 151393.0, 151531.0, 152206.0, 153090.0, 155038.0, 157695.0, 158067.0, 161823.0, 192668.0, 196383.0, 196743.0, 201163.0, 201176.0, 201294.0, 201456.0, 221264.0, 221472.0, 222235.0, 246329.0, 257106.0, 257364.0, 259173.0, 261734.0, 283807.0, 284076.0, 284119.0, 284434.0, 285643.0, 340061.0, 374407.0, 375298.0, 378108.0, 440603.0, 440689.0, 494143.0, 653784.0, 729359.0, 100137049.0, 100287171.0, 100885848.0 
GO:0016020 CC 4.98e-10 151/1874  1867/15181 D02 membrane                                 154.0, 397.0, 752.0, 790.0, 819.0, 948.0, 972.0, 977.0, 1244.0, 1455.0, 1462.0, 1794.0, 1815.0, 1896.0, 2353.0, 2487.0, 2591.0, 2683.0, 2896.0, 3071.0, 3082.0, 3108.0, 3371.0, 3687.0, 3689.0, 3716.0, 4033.0, 4296.0, 4513.0, 4627.0, 4867.0, 4973.0, 5170.0, 5243.0, 5294.0, 5411.0, 5725.0, 5777.0, 5788.0, 5827.0, 5912.0, 5957.0, 6134.0, 6142.0, 6181.0, 6206.0, 6404.0, 6482.0, 6509.0, 6510.0, 6518.0, 6522.0, 6580.0, 6652.0, 6991.0, 7051.0, 7096.0, 7098.0, 7132.0, 7402.0, 7439.0, 8029.0, 8086.0, 8140.0, 8357.0, 8362.0, 8363.0, 8412.0, 8884.0, 8987.0, 9051.0, 9088.0, 9123.0, 9187.0, 9362.0, 9401.0, 9497.0, 9588.0, 9612.0, 9780.0, 9894.0, 9936.0, 10060.0, 10184.0, 10257.0, 10630.0, 10800.0, 10894.0, 11004.0, 11069.0, 11075.0, 11184.0, 11214.0, 23421.0, 23526.0, 23533.0, 23645.0, 23683.0, 26038.0, 26173.0, 26206.0, 29760.0, 30844.0, 50619.0, 50944.0, 51303.0, 51332.0, 51466.0, 51606.0, 54760.0, 54857.0, 54903.0, 55244.0, 55454.0, 55764.0, 56301.0, 56413.0, 57537.0, 57696.0, 59272.0, 64755.0, 64926.0, 79443.0, 79627.0, 80709.0, 81704.0, 81793.0, 83706.0, 83752.0, 83985.0, 84073.0, 84318.0, 84695.0, 91289.0, 92521.0, 114780.0, 115209.0, 116443.0, 118788.0, 121457.0, 123041.0, 124976.0, 144195.0, 196383.0, 196883.0, 201176.0, 201294.0, 254102.0, 257364.0, 375033.0, 728233.0 
GO:0005789 CC 1.88e-08 54/1874   830/15181 D04 endoplasmic reticulum membrane           757.0, 819.0, 1536.0, 1558.0, 1571.0, 1896.0, 2134.0, 3249.0, 4033.0, 4854.0, 5627.0, 5738.0, 5742.0, 5826.0, 6916.0, 7098.0, 7494.0, 8987.0, 9088.0, 9780.0, 10324.0, 10335.0, 10901.0, 10954.0, 23645.0, 50999.0, 51016.0, 51284.0, 54947.0, 55304.0, 57338.0, 57467.0, 57834.0, 64084.0, 64764.0, 64816.0, 79651.0, 84803.0, 91147.0, 91289.0, 116443.0, 121457.0, 122618.0, 147138.0, 195814.0, 196410.0, 196446.0, 199974.0, 219855.0, 284098.0, 285973.0, 338773.0, 340061.0, 408050.0 
GO:0005739 CC 3.80e-06 100/1874  1204/15181 D05 mitochondrion                            35.0, 670.0, 841.0, 1159.0, 1375.0, 1719.0, 2021.0, 2272.0, 2645.0, 2747.0, 2874.0, 2950.0, 3059.0, 3164.0, 3303.0, 3304.0, 3978.0, 4285.0, 4513.0, 4521.0, 4541.0, 4884.0, 5827.0, 5997.0, 6341.0, 6389.0, 7132.0, 7517.0, 8934.0, 9551.0, 9588.0, 9617.0, 10630.0, 10863.0, 10901.0, 23224.0, 23241.0, 23564.0, 23593.0, 23600.0, 23645.0, 23710.0, 25961.0, 26589.0, 26995.0, 28957.0, 29078.0, 29088.0, 29957.0, 29958.0, 51099.0, 51601.0, 51650.0, 51657.0, 54516.0, 54543.0, 54998.0, 55066.0, 55149.0, 55178.0, 55210.0, 55316.0, 55811.0, 55812.0, 56624.0, 57176.0, 60528.0, 64064.0, 64963.0, 64978.0, 65990.0, 79366.0, 79731.0, 84303.0, 114294.0, 115286.0, 116541.0, 124454.0, 124997.0, 130916.0, 132001.0, 132671.0, 151393.0, 155038.0, 160428.0, 205251.0, 219293.0, 219402.0, 221264.0, 253512.0, 255027.0, 256815.0, 282808.0, 284106.0, 284119.0, 284184.0, 373863.0, 374887.0, 728294.0, 102724023.0 
GO:0016607 CC 6.85e-06 20/1874   373/15181 D03 nuclear speck                            2057.0, 2122.0, 3303.0, 3304.0, 3636.0, 5324.0, 5411.0, 7307.0, 10346.0, 10450.0, 26038.0, 30827.0, 51547.0, 54815.0, 57602.0, 57713.0, 84081.0, 84441.0, 93663.0, 123872.0 
GO:0005783 CC 8.34e-06 68/1874   877/15181 D05 endoplasmic reticulum                    341.0, 445.0, 757.0, 819.0, 871.0, 1201.0, 1285.0, 1522.0, 1730.0, 1774.0, 2353.0, 2896.0, 3303.0, 3304.0, 3678.0, 3736.0, 3741.0, 4036.0, 4547.0, 5251.0, 6134.0, 6189.0, 6480.0, 6916.0, 7412.0, 7494.0, 7779.0, 8029.0, 8987.0, 9088.0, 9780.0, 9914.0, 10347.0, 10439.0, 10841.0, 10954.0, 22846.0, 23241.0, 23645.0, 23710.0, 30844.0, 50999.0, 51284.0, 53829.0, 54947.0, 55325.0, 56147.0, 57467.0, 57705.0, 64764.0, 79974.0, 80328.0, 84536.0, 84803.0, 114548.0, 121457.0, 122618.0, 127943.0, 144245.0, 147138.0, 155038.0, 158866.0, 195814.0, 221914.0, 284119.0, 375298.0, 401494.0, 729085.0 
GO:0005730 CC 1.79e-04 72/1874   860/15181 D05 nucleolus                                1026.0, 1050.0, 1663.0, 1730.0, 5725.0, 5777.0, 5997.0, 6189.0, 6284.0, 6389.0, 6502.0, 7267.0, 8568.0, 8864.0, 9088.0, 10257.0, 10309.0, 10361.0, 11157.0, 26768.0, 29944.0, 29969.0, 51096.0, 51278.0, 51547.0, 54014.0, 54784.0, 54865.0, 55636.0, 57602.0, 57696.0, 64794.0, 65109.0, 79858.0, 83444.0, 83743.0, 84875.0, 92797.0, 114599.0, 115560.0, 118460.0, 151827.0, 260294.0, 283807.0, 284434.0, 338433.0, 345895.0, 375298.0, 400506.0, 404672.0, 677772.0, 677775.0, 677800.0, 677807.0, 677808.0, 677832.0, 677833.0, 677846.0, 677882.0, 692086.0, 692225.0, 767568.0, 767569.0, 767577.0, 767588.0, 100033455.0, 100033460.0, 100033806.0, 100033813.0, 100033814.0, 100033818.0, 100036564.0 
GO:0038023 MF 2.21e-07 39/1874   135/15181 D02 signaling receptor activity              187.0, 942.0, 958.0, 1056.0, 1240.0, 1441.0, 2051.0, 2532.0, 3587.0, 3687.0, 3693.0, 4360.0, 4854.0, 4883.0, 4887.0, 4995.0, 5031.0, 5032.0, 6510.0, 7096.0, 7098.0, 7099.0, 7100.0, 8029.0, 8795.0, 9936.0, 10219.0, 10507.0, 10894.0, 22925.0, 54209.0, 54538.0, 54852.0, 81793.0, 115650.0, 116443.0, 131450.0, 375033.0, 389289.0 
GO:0005515 MF 1.81e-23 1010/1874  9777/15181 D02 protein binding                          2.0, 148.0, 154.0, 187.0, 191.0, 199.0, 268.0, 272.0, 284.0, 313.0, 324.0, 341.0, 353.0, 358.0, 390.0, 393.0, 397.0, 409.0, 445.0, 463.0, 534.0, 639.0, 675.0, 677.0, 685.0, 695.0, 712.0, 714.0, 718.0, 752.0, 757.0, 760.0, 793.0, 819.0, 841.0, 860.0, 861.0, 871.0, 885.0, 887.0, 925.0, 929.0, 942.0, 948.0, 958.0, 963.0, 972.0, 977.0, 1026.0, 1039.0, 1050.0, 1056.0, 1063.0, 1102.0, 1138.0, 1159.0, 1201.0, 1240.0, 1244.0, 1261.0, 1284.0, 1285.0, 1297.0, 1302.0, 1326.0, 1375.0, 1427.0, 1436.0, 1441.0, 1455.0, 1462.0, 1466.0, 1512.0, 1513.0, 1522.0, 1524.0, 1534.0, 1536.0, 1558.0, 1663.0, 1728.0, 1731.0, 1770.0, 1774.0, 1794.0, 1796.0, 1813.0, 1815.0, 1824.0, 1843.0, 1846.0, 1896.0, 1953.0, 1958.0, 1959.0, 2021.0, 2050.0, 2057.0, 2110.0, 2114.0, 2122.0, 2134.0, 2162.0, 2170.0, 2184.0, 2201.0, 2212.0, 2214.0, 2217.0, 2242.0, 2272.0, 2302.0, 2313.0, 2324.0, 2353.0, 2444.0, 2487.0, 2533.0, 2633.0, 2644.0, 2645.0, 2660.0, 2669.0, 2670.0, 2745.0, 2784.0, 2790.0, 2819.0, 2874.0, 2896.0, 2912.0, 2949.0, 2950.0, 2962.0, 2979.0, 3055.0, 3059.0, 3071.0, 3081.0, 3082.0, 3108.0, 3109.0, 3122.0, 3133.0, 3142.0, 3146.0, 3164.0, 3249.0, 3263.0, 3303.0, 3304.0, 3371.0, 3394.0, 3455.0, 3459.0, 3485.0, 3488.0, 3490.0, 3491.0, 3587.0, 3590.0, 3597.0, 3598.0, 3635.0, 3636.0, 3663.0, 3667.0, 3678.0, 3684.0, 3687.0, 3689.0, 3693.0, 3700.0, 3716.0, 3726.0, 3736.0, 3741.0, 3753.0, 3756.0, 3903.0, 3914.0, 3937.0, 4004.0, 4036.0, 4067.0, 4093.0, 4094.0, 4147.0, 4192.0, 4211.0, 4261.0, 4267.0, 4286.0, 4291.0, 4296.0, 4323.0, 4353.0, 4356.0, 4360.0, 4438.0, 4481.0, 4486.0, 4487.0, 4494.0, 4495.0, 4499.0, 4512.0, 4513.0, 4521.0, 4535.0, 4536.0, 4537.0, 4542.0, 4547.0, 4582.0, 4602.0, 4627.0, 4645.0, 4647.0, 4671.0, 4703.0, 4741.0, 4772.0, 4773.0, 4783.0, 4831.0, 4843.0, 4854.0, 4867.0, 4868.0, 4883.0, 4887.0, 4973.0, 5031.0, 5129.0, 5170.0, 5209.0, 5224.0, 5243.0, 5251.0, 5276.0, 5294.0, 5330.0, 5336.0, 5347.0, 5395.0, 5411.0, 5426.0, 5592.0, 5598.0, 5600.0, 5627.0, 5635.0, 5646.0, 5724.0, 5725.0, 5738.0, 5742.0, 5745.0, 5746.0, 5777.0, 5787.0, 5788.0, 5826.0, 5827.0, 5836.0, 5874.0, 5883.0, 5890.0, 5893.0, 5912.0, 5919.0, 5925.0, 5935.0, 5961.0, 5966.0, 5973.0, 5990.0, 5997.0, 6001.0, 6102.0, 6103.0, 6134.0, 6142.0, 6181.0, 6189.0, 6206.0, 6234.0, 6236.0, 6284.0, 6303.0, 6341.0, 6389.0, 6404.0, 6462.0, 6470.0, 6480.0, 6502.0, 6503.0, 6510.0, 6518.0, 6527.0, 6580.0, 6606.0, 6607.0, 6623.0, 6672.0, 6751.0, 6781.0, 6793.0, 6799.0, 6804.0, 6813.0, 6850.0, 6860.0, 6865.0, 6886.0, 6920.0, 6991.0, 7038.0, 7048.0, 7050.0, 7051.0, 7075.0, 7089.0, 7096.0, 7098.0, 7099.0, 7100.0, 7105.0, 7128.0, 7132.0, 7138.0, 7145.0, 7164.0, 7186.0, 7224.0, 7267.0, 7292.0, 7307.0, 7402.0, 7409.0, 7494.0, 7517.0, 7533.0, 7620.0, 7633.0, 7718.0, 7739.0, 7779.0, 7805.0, 7832.0, 7849.0, 7852.0, 7857.0, 7867.0, 7923.0, 8013.0, 8029.0, 8086.0, 8140.0, 8153.0, 8269.0, 8270.0, 8293.0, 8357.0, 8362.0, 8363.0, 8412.0, 8425.0, 8438.0, 8517.0, 8568.0, 8572.0, 8682.0, 8764.0, 8795.0, 8815.0, 8829.0, 8832.0, 8864.0, 8884.0, 8911.0, 8934.0, 8940.0, 8987.0, 9015.0, 9025.0, 9051.0, 9057.0, 9076.0, 9088.0, 9098.0, 9123.0, 9170.0, 9187.0, 9231.0, 9314.0, 9315.0, 9317.0, 9319.0, 9322.0, 9362.0, 9401.0, 9414.0, 9443.0, 9493.0, 9497.0, 9501.0, 9588.0, 9595.0, 9612.0, 9627.0, 9645.0, 9701.0, 9755.0, 9767.0, 9780.0, 9882.0, 9894.0, 9906.0, 9914.0, 9924.0, 9936.0, 9940.0, 10008.0, 10161.0, 10184.0, 10219.0, 10257.0, 10309.0, 10312.0, 10324.0, 10326.0, 10329.0, 10335.0, 10346.0, 10361.0, 10406.0, 10418.0, 10439.0, 10450.0, 10457.0, 10458.0, 10461.0, 10475.0, 10501.0, 10507.0, 10566.0, 10620.0, 10630.0, 10793.0, 10811.0, 10814.0, 10841.0, 10855.0, 10859.0, 10863.0, 10894.0, 10912.0, 10954.0, 11004.0, 11006.0, 11069.0, 11075.0, 11091.0, 11097.0, 11117.0, 11130.0, 11157.0, 11184.0, 11186.0, 11197.0, 11200.0, 11213.0, 11214.0, 22795.0, 22797.0, 22809.0, 22846.0, 22977.0, 23094.0, 23119.0, 23166.0, 23178.0, 23191.0, 23199.0, 23224.0, 23234.0, 23241.0, 23264.0, 23336.0, 23380.0, 23384.0, 23396.0, 23406.0, 23413.0, 23421.0, 23526.0, 23564.0, 23593.0, 23645.0, 23683.0, 23710.0, 23765.0, 25839.0, 25851.0, 25885.0, 25886.0, 25895.0, 25920.0, 25924.0, 25937.0, 25960.0, 26007.0, 26059.0, 26094.0, 26146.0, 26150.0, 26152.0, 26191.0, 26206.0, 26271.0, 26287.0, 26353.0, 26762.0, 26973.0, 27010.0, 27019.0, 27128.0, 27141.0, 27143.0, 27181.0, 27202.0, 27232.0, 27254.0, 27341.0, 28987.0, 29070.0, 29078.0, 29088.0, 29760.0, 29894.0, 29923.0, 29935.0, 29944.0, 29969.0, 29990.0, 29992.0, 30061.0, 30827.0, 30844.0, 30845.0, 50511.0, 50619.0, 50839.0, 50944.0, 50999.0, 51016.0, 51020.0, 51025.0, 51071.0, 51074.0, 51099.0, 51110.0, 51129.0, 51148.0, 51149.0, 51171.0, 51176.0, 51268.0, 51278.0, 51284.0, 51291.0, 51296.0, 51364.0, 51393.0, 51411.0, 51440.0, 51466.0, 51473.0, 51477.0, 51531.0, 51547.0, 51601.0, 51606.0, 51634.0, 51657.0, 51665.0, 51690.0, 51760.0, 53340.0, 53827.0, 53829.0, 53938.0, 54209.0, 54433.0, 54457.0, 54491.0, 54502.0, 54518.0, 54532.0, 54538.0, 54543.0, 54550.0, 54567.0, 54760.0, 54784.0, 54815.0, 54852.0, 54865.0, 54885.0, 54903.0, 54908.0, 54922.0, 54947.0, 54958.0, 54971.0, 54998.0, 55007.0, 55055.0, 55124.0, 55130.0, 55138.0, 55149.0, 55171.0, 55178.0, 55191.0, 55210.0, 55222.0, 55244.0, 55251.0, 55259.0, 55280.0, 55304.0, 55315.0, 55325.0, 55352.0, 55454.0, 55521.0, 55558.0, 55592.0, 55603.0, 55636.0, 55686.0, 55764.0, 55768.0, 55779.0, 55803.0, 55805.0, 55812.0, 55879.0, 55917.0, 56155.0, 56301.0, 56672.0, 56890.0, 56911.0, 56931.0, 56935.0, 57116.0, 57139.0, 57176.0, 57338.0, 57405.0, 57465.0, 57467.0, 57491.0, 57528.0, 57602.0, 57654.0, 57696.0, 57713.0, 57718.0, 57758.0, 57761.0, 57804.0, 57834.0, 58475.0, 58476.0, 58504.0, 58538.0, 59272.0, 60437.0, 60672.0, 63901.0, 63908.0, 63910.0, 63967.0, 64098.0, 64105.0, 64106.0, 64231.0, 64284.0, 64411.0, 64518.0, 64581.0, 64755.0, 64759.0, 64785.0, 64794.0, 64855.0, 64866.0, 64926.0, 64963.0, 64978.0, 65109.0, 65251.0, 65990.0, 65999.0, 79058.0, 79075.0, 79155.0, 79173.0, 79363.0, 79364.0, 79365.0, 79443.0, 79651.0, 79673.0, 79674.0, 79682.0, 79792.0, 79801.0, 79841.0, 79858.0, 79890.0, 79918.0, 79930.0, 79991.0, 80183.0, 80221.0, 80258.0, 80317.0, 80328.0, 80342.0, 80350.0, 80704.0, 80705.0, 80709.0, 81572.0, 81704.0, 81793.0, 81844.0, 81873.0, 83444.0, 83450.0, 83463.0, 83547.0, 83640.0, 83659.0, 83733.0, 83743.0, 83752.0, 83985.0, 83987.0, 84002.0, 84034.0, 84063.0, 84071.0, 84072.0, 84073.0, 84081.0, 84084.0, 84142.0, 84166.0, 84168.0, 84215.0, 84221.0, 84229.0, 84278.0, 84281.0, 84282.0, 84283.0, 84303.0, 84314.0, 84331.0, 84332.0, 84417.0, 84433.0, 84440.0, 84441.0, 84513.0, 84612.0, 84645.0, 84680.0, 84693.0, 84695.0, 84707.0, 84733.0, 84807.0, 84868.0, 84875.0, 84914.0, 84952.0, 84996.0, 85016.0, 85313.0, 89765.0, 89832.0, 89857.0, 89891.0, 90288.0, 90379.0, 90557.0, 91147.0, 91156.0, 91289.0, 91526.0, 91544.0, 91607.0, 92610.0, 93100.0, 93426.0, 93953.0, 94120.0, 94122.0, 94233.0, 113277.0, 114548.0, 114801.0, 114823.0, 114824.0, 114904.0, 114907.0, 115004.0, 115123.0, 115265.0, 115361.0, 115560.0, 115948.0, 116143.0, 116225.0, 116441.0, 116443.0, 116541.0, 116835.0, 116985.0, 117155.0, 117178.0, 117247.0, 117289.0, 117583.0, 118788.0, 119391.0, 120224.0, 120406.0, 120939.0, 121053.0, 121457.0, 121793.0, 122953.0, 123591.0, 124411.0, 124540.0, 124997.0, 126433.0, 126549.0, 126669.0, 126868.0, 127665.0, 128153.0, 128344.0, 128414.0, 128977.0, 129880.0, 130916.0, 131450.0, 132001.0, 132671.0, 134111.0, 134121.0, 136051.0, 136332.0, 140706.0, 140876.0, 142679.0, 143098.0, 144233.0, 144245.0, 146433.0, 146845.0, 147138.0, 147463.0, 147650.0, 148932.0, 150372.0, 150590.0, 151254.0, 151393.0, 151531.0, 151651.0, 152015.0, 152185.0, 152206.0, 153090.0, 153657.0, 154075.0, 154313.0, 155382.0, 157697.0, 157777.0, 158067.0, 158866.0, 159686.0, 160428.0, 161502.0, 162333.0, 164684.0, 164781.0, 166929.0, 167681.0, 167838.0, 168544.0, 170261.0, 192668.0, 195814.0, 196383.0, 196792.0, 196883.0, 196996.0, 197320.0, 197335.0, 199221.0, 199920.0, 200132.0, 200424.0, 201163.0, 201254.0, 201294.0, 201456.0, 201973.0, 205251.0, 219402.0, 220136.0, 220441.0, 221472.0, 221914.0, 225689.0, 246176.0, 246329.0, 253314.0, 253512.0, 253769.0, 254295.0, 255101.0, 255758.0, 256815.0, 257019.0, 257106.0, 257169.0, 257364.0, 259173.0, 261734.0, 283131.0, 283431.0, 283807.0, 283985.0, 284021.0, 284058.0, 284076.0, 284119.0, 284184.0, 284390.0, 284695.0, 285025.0, 285093.0, 285141.0, 285386.0, 285590.0, 286343.0, 286464.0, 339390.0, 339834.0, 340061.0, 340152.0, 342908.0, 373863.0, 374407.0, 374887.0, 374946.0, 375033.0, 375307.0, 375790.0, 376267.0, 387357.0, 387700.0, 388335.0, 389289.0, 400506.0, 401494.0, 401994.0, 404672.0, 408050.0, 440097.0, 440295.0, 440435.0, 440603.0, 493829.0, 647309.0, 653247.0, 653784.0, 768211.0, 100130086.0, 100131997.0, 100137047.0, 100287171.0, 100505879.0, 100507436.0, 102724023.0 
GO:0003723 MF 9.39e-13 85/1874  1302/15181 D04 RNA binding                              445.0, 677.0, 871.0, 1728.0, 2896.0, 2962.0, 3146.0, 3303.0, 3304.0, 4627.0, 5411.0, 5725.0, 5935.0, 6103.0, 6134.0, 6142.0, 6170.0, 6189.0, 6206.0, 6234.0, 6606.0, 6607.0, 7145.0, 7307.0, 8362.0, 8363.0, 8568.0, 8940.0, 9123.0, 10361.0, 10450.0, 11097.0, 11157.0, 23264.0, 25920.0, 26995.0, 27254.0, 27341.0, 28957.0, 29088.0, 29803.0, 29958.0, 51081.0, 51096.0, 51634.0, 51690.0, 54039.0, 54433.0, 54502.0, 54514.0, 54865.0, 55124.0, 55149.0, 55178.0, 55603.0, 56931.0, 57602.0, 57696.0, 60528.0, 64092.0, 64794.0, 64963.0, 65109.0, 79366.0, 80336.0, 81844.0, 83640.0, 83743.0, 84081.0, 85313.0, 92797.0, 116541.0, 118460.0, 122402.0, 124540.0, 150590.0, 255101.0, 260294.0, 284119.0, 284695.0, 340529.0, 373863.0, 388115.0, 400506.0, 102724159.0 
