GO:0015711 BP 5.45e-06   4/353     6/14176 D06 organic anion transport                  9429.0, 11309.0, 84879.0, 387775.0 
GO:0002250 BP 8.48e-06  10/353    70/14176 D03 adaptive immune response                 384.0, 1524.0, 3108.0, 3113.0, 3119.0, 4067.0, 4277.0, 6494.0, 84868.0, 387357.0 
GO:0032757 BP 1.10e-05   7/353    32/14176 D08 positive regulation of interleukin-8 production 929.0, 972.0, 1649.0, 3965.0, 7096.0, 7098.0, 8692.0 
GO:0042613 CC 2.44e-05   4/353     8/14176 D05 MHC class II protein complex             972.0, 3108.0, 3113.0, 3119.0 
GO:0030666 CC 5.99e-05   8/353    55/14176 D06 endocytic vesicle membrane               815.0, 972.0, 1441.0, 3113.0, 3119.0, 4067.0, 7476.0, 23166.0 
GO:0005654 CC 4.76e-08  42/353  3307/14176 D02 nucleoplasm                              35.0, 393.0, 595.0, 815.0, 1111.0, 1436.0, 1846.0, 2034.0, 2171.0, 2324.0, 2643.0, 3394.0, 3397.0, 4261.0, 5064.0, 5243.0, 5932.0, 6446.0, 7307.0, 8270.0, 8363.0, 8914.0, 9429.0, 10039.0, 10346.0, 10475.0, 10855.0, 25895.0, 29935.0, 51703.0, 54433.0, 54855.0, 55924.0, 57709.0, 64105.0, 64859.0, 84321.0, 143570.0, 389524.0, 653784.0, 100288332.0, 102724159.0 
GO:0005634 CC 5.59e-06  69/353  4285/14176 D05 nucleus                                  35.0, 358.0, 595.0, 815.0, 972.0, 1111.0, 1455.0, 1535.0, 1649.0, 1774.0, 1846.0, 1852.0, 2171.0, 2643.0, 2745.0, 2876.0, 3059.0, 3394.0, 3397.0, 3965.0, 4067.0, 4831.0, 4861.0, 5932.0, 6446.0, 6494.0, 7128.0, 7652.0, 7757.0, 8270.0, 8363.0, 8914.0, 10221.0, 10346.0, 10636.0, 10814.0, 10855.0, 10912.0, 11213.0, 23109.0, 23604.0, 25788.0, 27319.0, 29082.0, 29935.0, 54855.0, 55924.0, 64859.0, 64900.0, 79750.0, 79780.0, 80063.0, 81786.0, 84084.0, 84944.0, 113835.0, 143570.0, 148198.0, 163223.0, 168544.0, 221472.0, 284338.0, 284390.0, 387082.0, 387357.0, 389524.0, 400713.0, 645121.0, 100293516.0 
GO:0005829 CC 1.89e-05  73/353  4366/14176 D02 cytosol                                  393.0, 595.0, 815.0, 1033.0, 1111.0, 1455.0, 1649.0, 1852.0, 1978.0, 2034.0, 2171.0, 2242.0, 2324.0, 2643.0, 2745.0, 2784.0, 2876.0, 2888.0, 3059.0, 3394.0, 3587.0, 3936.0, 3965.0, 4067.0, 4121.0, 4261.0, 4542.0, 4831.0, 4837.0, 5211.0, 5336.0, 5341.0, 5865.0, 6446.0, 6494.0, 7128.0, 7138.0, 7439.0, 7805.0, 8623.0, 8692.0, 10221.0, 10346.0, 10475.0, 10814.0, 10841.0, 23237.0, 25895.0, 27232.0, 29082.0, 29899.0, 51074.0, 53358.0, 54885.0, 56261.0, 57464.0, 57709.0, 64105.0, 64859.0, 79658.0, 81704.0, 84084.0, 93100.0, 132158.0, 140458.0, 148281.0, 150786.0, 151531.0, 220164.0, 221472.0, 284076.0, 474344.0, 653784.0 
GO:0005730 CC 6.55e-05   5/353   816/14176 D05 nucleolus                                10039.0, 51703.0, 114599.0, 677833.0, 692225.0 
GO:0005515 MF 5.86e-11 173/353  9335/14176 D02 protein binding                          2.0, 358.0, 384.0, 393.0, 595.0, 713.0, 714.0, 815.0, 929.0, 972.0, 1033.0, 1111.0, 1284.0, 1346.0, 1436.0, 1441.0, 1455.0, 1524.0, 1535.0, 1536.0, 1649.0, 1774.0, 1846.0, 1852.0, 1978.0, 2022.0, 2034.0, 2171.0, 2242.0, 2324.0, 2643.0, 2745.0, 2784.0, 2888.0, 3059.0, 3108.0, 3119.0, 3394.0, 3397.0, 3587.0, 3753.0, 3956.0, 4067.0, 4261.0, 4512.0, 4535.0, 4542.0, 4625.0, 4831.0, 4886.0, 4921.0, 5025.0, 5064.0, 5211.0, 5243.0, 5336.0, 5341.0, 5788.0, 5865.0, 5932.0, 6446.0, 6452.0, 6462.0, 6480.0, 6494.0, 6518.0, 7038.0, 7075.0, 7096.0, 7098.0, 7128.0, 7138.0, 7307.0, 7432.0, 7476.0, 7779.0, 7805.0, 8269.0, 8270.0, 8363.0, 8623.0, 8692.0, 8914.0, 9227.0, 9429.0, 9536.0, 9906.0, 10008.0, 10039.0, 10184.0, 10221.0, 10346.0, 10475.0, 10636.0, 10814.0, 10841.0, 10855.0, 10894.0, 10912.0, 11099.0, 11213.0, 23109.0, 23166.0, 23237.0, 23416.0, 23604.0, 25788.0, 25886.0, 25895.0, 27232.0, 28231.0, 29082.0, 29899.0, 29935.0, 29990.0, 51074.0, 51148.0, 51285.0, 51703.0, 53358.0, 54065.0, 54329.0, 54331.0, 54433.0, 54855.0, 54885.0, 54947.0, 55558.0, 57194.0, 57709.0, 63910.0, 64105.0, 64859.0, 79651.0, 79658.0, 80129.0, 80350.0, 81704.0, 81786.0, 84084.0, 84221.0, 84868.0, 84968.0, 93100.0, 93426.0, 94122.0, 94233.0, 114800.0, 128414.0, 132158.0, 151354.0, 151531.0, 164633.0, 168544.0, 196792.0, 220164.0, 221472.0, 254263.0, 254295.0, 283933.0, 284076.0, 284338.0, 284390.0, 285093.0, 285386.0, 375790.0, 387357.0, 389524.0, 408050.0, 408263.0, 440295.0, 653784.0, 751071.0 
GO:0003723 MF 1.18e-06   9/353  1283/14176 D04 RNA binding                              3956.0, 7307.0, 8363.0, 54433.0, 54855.0, 64859.0, 64881.0, 84321.0, 102724159.0 
