GO:0009897 CC 3.72e-07  17/357   155/14176 D03 external side of plasma membrane         929.0, 972.0, 1137.0, 1238.0, 2022.0, 2683.0, 3684.0, 3689.0, 4240.0, 4277.0, 4340.0, 7057.0, 8764.0, 9332.0, 80741.0, 117531.0, 283316.0 
GO:0042613 CC 2.56e-05   4/357     8/14176 D05 MHC class II protein complex             972.0, 3108.0, 3113.0, 3119.0 
GO:0005576 CC 1.18e-04  41/357   872/14176 D02 extracellular region                     2.0, 279.0, 347.0, 353.0, 713.0, 714.0, 718.0, 929.0, 1286.0, 1297.0, 3082.0, 3084.0, 3339.0, 3956.0, 3958.0, 4240.0, 5155.0, 5341.0, 6480.0, 7038.0, 7057.0, 7076.0, 7476.0, 8038.0, 9332.0, 9365.0, 9535.0, 11240.0, 23643.0, 50509.0, 60676.0, 79864.0, 80741.0, 81575.0, 81621.0, 83853.0, 89790.0, 130574.0, 255631.0, 283316.0, 729238.0 
GO:0005615 CC 1.19e-04  34/357   674/14176 D02 extracellular space                      2.0, 279.0, 347.0, 714.0, 718.0, 929.0, 1286.0, 1297.0, 2022.0, 2683.0, 3082.0, 3084.0, 3339.0, 3684.0, 3936.0, 3956.0, 3958.0, 4240.0, 4277.0, 5155.0, 7038.0, 7057.0, 7076.0, 7098.0, 7476.0, 8857.0, 23643.0, 50509.0, 56999.0, 80350.0, 114794.0, 147920.0, 255631.0, 729238.0 
GO:0031012 CC 1.55e-04  12/357   135/14176 D03 extracellular matrix                     1286.0, 1297.0, 7057.0, 7076.0, 7098.0, 7476.0, 8857.0, 22932.0, 50509.0, 56999.0, 114794.0, 255631.0 
GO:0005634 CC 4.24e-10  57/357  4285/14176 D05 nucleus                                  595.0, 745.0, 861.0, 972.0, 1649.0, 2004.0, 2872.0, 3394.0, 3659.0, 3958.0, 4067.0, 4735.0, 4772.0, 4824.0, 5081.0, 5983.0, 6446.0, 6795.0, 7652.0, 7757.0, 8994.0, 9618.0, 9824.0, 10095.0, 10901.0, 11240.0, 11259.0, 26191.0, 30844.0, 51186.0, 54997.0, 55124.0, 57082.0, 64359.0, 64859.0, 79682.0, 80063.0, 80776.0, 84733.0, 84913.0, 84944.0, 90333.0, 113835.0, 125150.0, 136051.0, 143570.0, 148198.0, 163223.0, 168544.0, 196446.0, 284338.0, 284390.0, 400713.0, 440097.0, 440498.0, 642574.0, 100885848.0 
GO:0005829 CC 2.71e-07  67/357  4366/14176 D02 cytosol                                  353.0, 393.0, 595.0, 745.0, 1238.0, 1649.0, 1719.0, 1824.0, 2034.0, 2784.0, 2888.0, 3394.0, 3659.0, 3936.0, 3937.0, 3958.0, 4067.0, 4772.0, 4824.0, 5336.0, 5341.0, 6017.0, 6446.0, 7439.0, 8623.0, 8994.0, 9332.0, 9618.0, 9824.0, 10095.0, 10475.0, 10841.0, 10901.0, 11030.0, 11240.0, 23600.0, 25895.0, 26064.0, 26191.0, 27158.0, 29899.0, 54997.0, 57082.0, 57571.0, 57576.0, 57709.0, 60676.0, 64105.0, 64359.0, 64859.0, 79178.0, 79682.0, 80776.0, 81610.0, 83987.0, 85415.0, 116496.0, 117145.0, 118788.0, 140458.0, 148281.0, 150274.0, 220164.0, 221178.0, 284076.0, 440498.0, 100885848.0 
GO:0005654 CC 6.54e-07  46/357  3307/14176 D02 nucleoplasm                              353.0, 393.0, 595.0, 745.0, 861.0, 1163.0, 1238.0, 2004.0, 2034.0, 2872.0, 3084.0, 3394.0, 3659.0, 3958.0, 4735.0, 4772.0, 4824.0, 5983.0, 6017.0, 6446.0, 7307.0, 8038.0, 8994.0, 9618.0, 10475.0, 11030.0, 22932.0, 25895.0, 26064.0, 27158.0, 54433.0, 54997.0, 56413.0, 57082.0, 57709.0, 64105.0, 64859.0, 79682.0, 83987.0, 84733.0, 84913.0, 143570.0, 150274.0, 221178.0, 345895.0, 102724159.0 
GO:0005730 CC 1.41e-05   4/357   816/14176 D05 nucleolus                                345895.0, 677772.0, 677775.0, 692225.0 
GO:0005515 MF 9.47e-14 167/357  9335/14176 D02 protein binding                          2.0, 94.0, 347.0, 353.0, 393.0, 595.0, 713.0, 714.0, 718.0, 861.0, 929.0, 972.0, 1137.0, 1163.0, 1238.0, 1297.0, 1346.0, 1375.0, 1534.0, 1536.0, 1649.0, 1824.0, 2004.0, 2012.0, 2022.0, 2034.0, 2110.0, 2784.0, 2872.0, 2888.0, 2979.0, 3036.0, 3082.0, 3108.0, 3119.0, 3339.0, 3394.0, 3659.0, 3684.0, 3689.0, 3937.0, 3956.0, 3958.0, 4067.0, 4267.0, 4512.0, 4735.0, 4772.0, 4824.0, 4919.0, 4921.0, 5155.0, 5336.0, 5341.0, 5961.0, 5983.0, 6017.0, 6446.0, 6452.0, 6480.0, 6518.0, 6795.0, 7038.0, 7057.0, 7075.0, 7076.0, 7098.0, 7307.0, 7476.0, 8038.0, 8269.0, 8623.0, 8639.0, 8764.0, 8857.0, 8912.0, 8994.0, 9227.0, 9332.0, 9536.0, 9618.0, 9725.0, 9906.0, 9914.0, 10008.0, 10095.0, 10256.0, 10475.0, 10841.0, 10894.0, 11030.0, 23643.0, 25837.0, 25886.0, 25895.0, 26064.0, 26191.0, 27158.0, 28231.0, 29057.0, 29899.0, 29990.0, 30844.0, 51148.0, 51364.0, 54065.0, 54433.0, 54997.0, 55124.0, 55558.0, 55686.0, 56931.0, 57082.0, 57709.0, 64105.0, 64859.0, 79178.0, 79651.0, 79682.0, 79696.0, 80350.0, 80776.0, 81610.0, 81621.0, 83853.0, 83987.0, 84002.0, 84221.0, 84465.0, 84733.0, 84868.0, 84968.0, 89790.0, 93426.0, 94233.0, 114801.0, 115207.0, 116496.0, 117145.0, 118788.0, 125150.0, 128414.0, 130574.0, 136051.0, 149483.0, 150274.0, 150590.0, 153328.0, 157697.0, 168544.0, 196996.0, 220004.0, 220164.0, 221178.0, 255043.0, 255631.0, 283131.0, 283933.0, 284076.0, 284338.0, 284390.0, 408050.0, 440097.0, 440295.0, 440498.0, 729238.0, 751071.0 
