GO:0045087 BP 1.99e-09  28/429   248/14176 D06 innate immune response                   710.0, 714.0, 717.0, 720.0, 721.0, 1524.0, 1535.0, 2537.0, 3105.0, 3106.0, 3429.0, 3437.0, 3684.0, 4599.0, 4940.0, 6503.0, 7100.0, 7268.0, 8764.0, 10333.0, 10346.0, 10695.0, 25939.0, 51279.0, 64135.0, 79792.0, 83666.0, 89790.0 
GO:0006955 BP 9.74e-09  19/429   128/14176 D02 immune response                          567.0, 714.0, 920.0, 1520.0, 1524.0, 2533.0, 2537.0, 3105.0, 3106.0, 3119.0, 3566.0, 4261.0, 4277.0, 6387.0, 8764.0, 10333.0, 10346.0, 10964.0, 25939.0 
GO:0002250 BP 1.10e-06  12/429    70/14176 D03 adaptive immune response                 920.0, 1520.0, 1524.0, 3106.0, 3108.0, 3115.0, 3119.0, 3824.0, 4277.0, 6891.0, 8764.0, 89790.0 
GO:0006958 BP 4.59e-06   6/429    16/14176 D08 complement activation, classical pathway 710.0, 714.0, 717.0, 720.0, 721.0, 51279.0 
GO:0019886 BP 6.91e-06   6/429    17/14176 D05 antigen processing and presentation of exogenous peptide antigen via MHC class II 567.0, 972.0, 1520.0, 3108.0, 3115.0, 3119.0 
GO:0051607 BP 9.88e-06  15/429   131/14176 D07 defense response to virus                2537.0, 3429.0, 3434.0, 3437.0, 4599.0, 4938.0, 4940.0, 7268.0, 7728.0, 10346.0, 10964.0, 25939.0, 64135.0, 83666.0, 163702.0 
GO:0002381 BP 2.69e-05   4/429     7/14176 D07 immunoglobulin production involved in immunoglobulin-mediated immune response 567.0, 3108.0, 3115.0, 3119.0 
GO:0002503 BP 2.69e-05   4/429     7/14176 D07 peptide antigen assembly with MHC class II protein complex 567.0, 3108.0, 3115.0, 3119.0 
GO:0009615 BP 3.07e-05  10/429    67/14176 D05 response to virus                        3434.0, 3437.0, 4599.0, 4938.0, 4940.0, 6387.0, 8372.0, 9111.0, 10346.0, 64135.0 
GO:0042613 CC 1.29e-06   5/429     8/14176 D05 MHC class II protein complex             567.0, 972.0, 3108.0, 3115.0, 3119.0 
GO:0005576 CC 2.95e-06  52/429   872/14176 D02 extracellular region                     284.0, 302.0, 567.0, 710.0, 714.0, 717.0, 720.0, 721.0, 1056.0, 1520.0, 1842.0, 1893.0, 2264.0, 2324.0, 2588.0, 2878.0, 3075.0, 3304.0, 3486.0, 3570.0, 3818.0, 4758.0, 4831.0, 4938.0, 5360.0, 5623.0, 6387.0, 6462.0, 8362.0, 8366.0, 8372.0, 9332.0, 9388.0, 10855.0, 10875.0, 51816.0, 56147.0, 79792.0, 80217.0, 83853.0, 89790.0, 117166.0, 126147.0, 145957.0, 164781.0, 200162.0, 255631.0, 388677.0, 440348.0, 646627.0, 729085.0, 100137049.0 
GO:0005615 CC 4.29e-06  43/429   674/14176 D02 extracellular space                      284.0, 302.0, 567.0, 710.0, 714.0, 717.0, 720.0, 721.0, 1056.0, 1520.0, 1893.0, 1956.0, 2878.0, 3075.0, 3486.0, 3566.0, 3684.0, 3815.0, 3818.0, 3965.0, 4277.0, 4940.0, 5276.0, 5360.0, 5623.0, 6585.0, 8857.0, 9111.0, 9388.0, 10234.0, 10855.0, 10875.0, 51279.0, 51816.0, 54414.0, 79792.0, 84417.0, 144321.0, 169611.0, 255631.0, 374977.0, 406911.0, 646627.0 
GO:0009897 CC 1.89e-05  16/429   155/14176 D03 external side of plasma membrane         482.0, 567.0, 920.0, 972.0, 1271.0, 1524.0, 3566.0, 3570.0, 3684.0, 3815.0, 3824.0, 4277.0, 6387.0, 8764.0, 9332.0, 11118.0 
GO:0072562 CC 3.11e-05   9/429    54/14176 D02 blood microparticle                      710.0, 714.0, 720.0, 721.0, 3075.0, 3304.0, 7730.0, 51279.0, 100529215.0 
GO:0005887 CC 4.22e-05  45/429   793/14176 D04 integral component of plasma membrane    40.0, 94.0, 154.0, 364.0, 920.0, 1056.0, 1524.0, 1956.0, 2264.0, 2324.0, 3105.0, 3106.0, 3566.0, 3815.0, 3824.0, 4988.0, 5800.0, 5979.0, 6006.0, 6335.0, 6538.0, 6563.0, 6566.0, 7100.0, 9332.0, 9752.0, 10333.0, 11136.0, 11309.0, 23114.0, 23596.0, 27328.0, 51458.0, 56101.0, 56111.0, 56138.0, 56141.0, 56144.0, 56146.0, 56147.0, 57194.0, 57211.0, 81031.0, 91653.0, 163702.0 
GO:0001669 CC 2.62e-04   8/429    56/14176 D09 acrosomal vesicle                        3815.0, 8372.0, 9899.0, 26206.0, 54760.0, 200162.0, 255101.0, 647310.0 
GO:0071556 CC 2.64e-04   5/429    20/14176 D06 integral component of lumenal side of endoplasmic reticulum membrane 972.0, 3105.0, 3106.0, 3115.0, 3119.0 
GO:0005829 CC 4.56e-12  70/429  4366/14176 D02 cytosol                                  526.0, 567.0, 794.0, 875.0, 1063.0, 2289.0, 2324.0, 2533.0, 3304.0, 3434.0, 3437.0, 3965.0, 4261.0, 4542.0, 4599.0, 4831.0, 4938.0, 4940.0, 5136.0, 5346.0, 5865.0, 6503.0, 6606.0, 6607.0, 7157.0, 7453.0, 7728.0, 8293.0, 8458.0, 8623.0, 9111.0, 9332.0, 9639.0, 9945.0, 10156.0, 10226.0, 10233.0, 10346.0, 10588.0, 22809.0, 25759.0, 26233.0, 27141.0, 50650.0, 54809.0, 55008.0, 55336.0, 55612.0, 55615.0, 57674.0, 64135.0, 79792.0, 81031.0, 81848.0, 83666.0, 84062.0, 84688.0, 91807.0, 92749.0, 93663.0, 94241.0, 95681.0, 122481.0, 246329.0, 253558.0, 474344.0, 641371.0, 652968.0, 728492.0, 100137049.0 
GO:0005634 CC 6.09e-10  74/429  4285/14176 D05 nucleus                                  154.0, 293.0, 302.0, 794.0, 875.0, 972.0, 1063.0, 1535.0, 1663.0, 1846.0, 1956.0, 2175.0, 2533.0, 3304.0, 3486.0, 3965.0, 4438.0, 4487.0, 4495.0, 4599.0, 4831.0, 4938.0, 5360.0, 5613.0, 6387.0, 6606.0, 6607.0, 7157.0, 7268.0, 7453.0, 7545.0, 7546.0, 7728.0, 7730.0, 8214.0, 8293.0, 8362.0, 8366.0, 9111.0, 10346.0, 10732.0, 10855.0, 22809.0, 25939.0, 26206.0, 26233.0, 51804.0, 54796.0, 55336.0, 55897.0, 56146.0, 64135.0, 80174.0, 83659.0, 83666.0, 84062.0, 84324.0, 84688.0, 84790.0, 84948.0, 94241.0, 123036.0, 128553.0, 132851.0, 134353.0, 196446.0, 219578.0, 317772.0, 317781.0, 404281.0, 642819.0, 728492.0, 100125288.0, 100529215.0 
GO:0005654 CC 3.57e-09  52/429  3307/14176 D02 nucleoplasm                              607.0, 1063.0, 1663.0, 1846.0, 2175.0, 2289.0, 2324.0, 3304.0, 3566.0, 4261.0, 4487.0, 4938.0, 4940.0, 5613.0, 5625.0, 5822.0, 6119.0, 6606.0, 6607.0, 7050.0, 7157.0, 7268.0, 7545.0, 7546.0, 8362.0, 8366.0, 9111.0, 9284.0, 10102.0, 10346.0, 10739.0, 10855.0, 22809.0, 23026.0, 25939.0, 54796.0, 55008.0, 79792.0, 80174.0, 83666.0, 84321.0, 84324.0, 84688.0, 94241.0, 134353.0, 147645.0, 246329.0, 256309.0, 345895.0, 389333.0, 440348.0, 642799.0 
GO:0023026 MF 6.91e-06   6/429    17/14176 D04 MHC class II protein complex binding     567.0, 920.0, 972.0, 3108.0, 3115.0, 3119.0 
GO:0042605 MF 1.01e-05   6/429    18/14176 D04 peptide antigen binding                  3105.0, 3106.0, 3115.0, 3119.0, 6891.0, 11136.0 
GO:0005515 MF 2.46e-11 216/429  9335/14176 D02 protein binding                          40.0, 94.0, 154.0, 284.0, 293.0, 302.0, 364.0, 482.0, 526.0, 527.0, 567.0, 607.0, 710.0, 714.0, 717.0, 875.0, 920.0, 972.0, 1056.0, 1063.0, 1164.0, 1271.0, 1524.0, 1535.0, 1663.0, 1846.0, 1893.0, 1956.0, 2175.0, 2264.0, 2289.0, 2324.0, 2533.0, 2537.0, 2878.0, 3075.0, 3105.0, 3106.0, 3108.0, 3115.0, 3119.0, 3304.0, 3429.0, 3434.0, 3437.0, 3486.0, 3566.0, 3570.0, 3684.0, 3691.0, 3815.0, 3818.0, 3824.0, 4261.0, 4438.0, 4487.0, 4495.0, 4542.0, 4599.0, 4645.0, 4758.0, 4831.0, 4938.0, 4940.0, 4988.0, 5276.0, 5346.0, 5613.0, 5800.0, 5865.0, 5979.0, 6004.0, 6119.0, 6387.0, 6462.0, 6503.0, 6566.0, 6585.0, 6606.0, 6607.0, 6608.0, 6891.0, 7050.0, 7100.0, 7157.0, 7268.0, 7453.0, 7466.0, 7545.0, 7728.0, 7730.0, 8214.0, 8293.0, 8362.0, 8366.0, 8372.0, 8458.0, 8623.0, 8639.0, 8764.0, 8857.0, 8972.0, 9111.0, 9317.0, 9332.0, 9639.0, 9899.0, 9945.0, 10102.0, 10184.0, 10226.0, 10233.0, 10333.0, 10346.0, 10695.0, 10855.0, 11118.0, 11136.0, 11147.0, 11250.0, 22809.0, 23026.0, 23114.0, 23596.0, 25759.0, 25939.0, 26034.0, 26206.0, 27141.0, 29948.0, 50650.0, 51364.0, 51409.0, 51458.0, 53826.0, 54429.0, 54760.0, 54796.0, 54809.0, 54825.0, 54929.0, 54947.0, 55278.0, 55336.0, 55615.0, 55897.0, 56111.0, 56144.0, 56963.0, 57194.0, 63910.0, 64115.0, 64135.0, 79651.0, 79792.0, 80129.0, 80174.0, 81848.0, 83450.0, 83659.0, 83666.0, 83853.0, 84062.0, 84080.0, 84229.0, 84324.0, 84417.0, 84688.0, 84790.0, 85016.0, 89790.0, 91653.0, 94120.0, 94241.0, 95681.0, 112609.0, 114801.0, 116143.0, 116443.0, 117166.0, 126820.0, 127733.0, 128553.0, 132671.0, 132851.0, 134121.0, 134353.0, 145957.0, 151258.0, 158787.0, 162333.0, 163702.0, 164781.0, 167838.0, 200132.0, 204219.0, 206358.0, 219285.0, 221395.0, 246329.0, 253558.0, 254956.0, 255101.0, 255631.0, 256309.0, 283726.0, 317772.0, 341019.0, 341640.0, 388677.0, 408263.0, 548596.0, 652968.0, 728492.0, 100133941.0, 100529215.0 
