GO:0006954 BP 1.39e-09 57/1769   215/15181 D04 inflammatory response                    140.0, 199.0, 654.0, 718.0, 719.0, 720.0, 929.0, 958.0, 1051.0, 1240.0, 1536.0, 2353.0, 2532.0, 2687.0, 3055.0, 3146.0, 3554.0, 3588.0, 3663.0, 3689.0, 4261.0, 4671.0, 4776.0, 4843.0, 5733.0, 5742.0, 5919.0, 6556.0, 7096.0, 7097.0, 7099.0, 7100.0, 7292.0, 7852.0, 8517.0, 8534.0, 9051.0, 10219.0, 10312.0, 23166.0, 23765.0, 29760.0, 51284.0, 56413.0, 57413.0, 64581.0, 79155.0, 80833.0, 81793.0, 84807.0, 84868.0, 114548.0, 122618.0, 132014.0, 144811.0, 146433.0, 150372.0 
GO:0032735 BP 2.06e-08 15/1769    26/15181 D08 positive regulation of interleukin-12 production 948.0, 958.0, 3146.0, 3394.0, 3659.0, 3663.0, 5336.0, 5600.0, 6850.0, 7097.0, 7098.0, 7099.0, 7292.0, 7805.0, 64581.0 
GO:0006955 BP 7.39e-07 39/1769   147/15181 D02 immune response                          654.0, 714.0, 718.0, 920.0, 925.0, 942.0, 948.0, 1051.0, 1240.0, 1520.0, 1524.0, 1896.0, 2214.0, 2217.0, 2533.0, 3113.0, 3122.0, 3133.0, 3394.0, 3554.0, 3588.0, 3717.0, 4261.0, 5168.0, 7096.0, 7097.0, 7099.0, 7292.0, 7409.0, 7448.0, 7494.0, 7852.0, 8517.0, 10261.0, 11251.0, 23533.0, 80328.0, 81793.0, 100507436.0 
GO:0006911 BP 3.21e-06 11/1769    20/15181 D07 phagocytosis, engulfment                 199.0, 948.0, 2934.0, 3684.0, 3689.0, 4481.0, 4627.0, 9938.0, 26762.0, 51411.0, 54209.0 
GO:0042742 BP 6.57e-06 18/1769    50/15181 D06 defense response to bacterium            1051.0, 1690.0, 3394.0, 4353.0, 4615.0, 4671.0, 4843.0, 5580.0, 6556.0, 6850.0, 7098.0, 7099.0, 7100.0, 23166.0, 55876.0, 81035.0, 219972.0, 100507436.0 
GO:0032760 BP 8.33e-06 23/1769    75/15181 D09 positive regulation of tumor necrosis factor production 929.0, 948.0, 1536.0, 1652.0, 2214.0, 3133.0, 3146.0, 3717.0, 4615.0, 4776.0, 5336.0, 5788.0, 6850.0, 7096.0, 7097.0, 7098.0, 7099.0, 8832.0, 9590.0, 10417.0, 64581.0, 84868.0, 113277.0 
GO:0042130 BP 1.21e-05 12/1769    26/15181 D09 negative regulation of T cell proliferation 942.0, 1051.0, 2302.0, 6385.0, 8654.0, 9231.0, 10457.0, 10859.0, 11006.0, 11326.0, 84868.0, 339390.0 
GO:0032755 BP 1.38e-05 20/1769    62/15181 D08 positive regulation of interleukin-6 production 199.0, 948.0, 972.0, 3146.0, 3570.0, 4615.0, 4843.0, 5336.0, 6850.0, 7096.0, 7097.0, 7098.0, 7099.0, 7292.0, 7494.0, 10417.0, 23765.0, 51284.0, 64581.0, 113277.0 
GO:0002250 BP 2.03e-05 24/1769    84/15181 D03 adaptive immune response                 695.0, 920.0, 925.0, 942.0, 1512.0, 1520.0, 1524.0, 3108.0, 3109.0, 3111.0, 3113.0, 3122.0, 3133.0, 3717.0, 3903.0, 4067.0, 6850.0, 8832.0, 10411.0, 10859.0, 11006.0, 84868.0, 89790.0, 115650.0 
GO:0032729 BP 2.54e-05 16/1769    45/15181 D08 positive regulation of interferon-gamma production 929.0, 3113.0, 3394.0, 3554.0, 3717.0, 6556.0, 7098.0, 7099.0, 7292.0, 8140.0, 10666.0, 10859.0, 26191.0, 51284.0, 64581.0, 84868.0 
GO:0030217 BP 3.05e-05 12/1769    28/15181 D07 T cell differentiation                   920.0, 1958.0, 3953.0, 3955.0, 5788.0, 6659.0, 7409.0, 10312.0, 26191.0, 54567.0, 55636.0, 57580.0 
GO:0009897 CC 3.49e-09 48/1769   170/15181 D03 external side of plasma membrane         920.0, 925.0, 929.0, 942.0, 948.0, 958.0, 972.0, 1441.0, 1524.0, 1636.0, 2057.0, 2214.0, 2217.0, 3133.0, 3554.0, 3570.0, 3597.0, 3598.0, 3678.0, 3684.0, 3689.0, 3953.0, 4036.0, 4481.0, 5788.0, 7048.0, 7099.0, 7852.0, 8515.0, 8832.0, 9332.0, 9936.0, 10666.0, 10859.0, 53340.0, 54718.0, 57493.0, 80328.0, 80741.0, 84168.0, 114908.0, 115650.0, 117531.0, 131450.0, 153579.0, 283316.0, 339390.0, 100507436.0 
GO:0005887 CC 3.80e-08 159/1769   898/15181 D04 integral component of plasma membrane    94.0, 140.0, 148.0, 154.0, 187.0, 719.0, 857.0, 920.0, 925.0, 948.0, 958.0, 963.0, 1134.0, 1138.0, 1240.0, 1441.0, 1524.0, 1536.0, 1813.0, 1815.0, 1836.0, 1896.0, 1947.0, 2040.0, 2057.0, 2065.0, 2212.0, 2214.0, 2261.0, 2321.0, 2857.0, 2861.0, 2897.0, 3038.0, 3071.0, 3113.0, 3122.0, 3249.0, 3360.0, 3554.0, 3587.0, 3588.0, 3710.0, 3732.0, 3741.0, 3759.0, 4267.0, 4360.0, 4481.0, 4582.0, 4855.0, 4868.0, 4883.0, 4887.0, 4919.0, 5021.0, 5172.0, 5311.0, 5364.0, 5733.0, 5787.0, 5788.0, 5961.0, 6385.0, 6404.0, 6510.0, 6518.0, 6540.0, 6556.0, 6563.0, 6579.0, 6580.0, 6581.0, 6610.0, 6751.0, 7010.0, 7048.0, 7075.0, 7096.0, 7097.0, 7098.0, 7099.0, 7100.0, 7292.0, 7433.0, 7434.0, 7805.0, 8001.0, 8641.0, 8832.0, 8987.0, 9076.0, 9123.0, 9187.0, 9332.0, 9424.0, 9708.0, 10161.0, 10165.0, 10261.0, 10312.0, 10326.0, 10457.0, 10666.0, 10800.0, 10818.0, 10861.0, 10894.0, 10936.0, 11251.0, 11322.0, 23166.0, 23566.0, 23596.0, 23765.0, 25780.0, 29990.0, 30061.0, 51294.0, 51393.0, 53832.0, 54112.0, 54209.0, 55558.0, 56109.0, 56112.0, 56114.0, 56128.0, 56129.0, 56143.0, 56147.0, 56413.0, 56624.0, 57413.0, 57537.0, 58986.0, 60401.0, 64106.0, 81793.0, 84063.0, 84230.0, 89832.0, 90139.0, 91653.0, 92745.0, 94233.0, 117531.0, 126321.0, 127943.0, 144195.0, 147138.0, 166929.0, 196883.0, 221074.0, 284129.0, 339390.0, 387700.0, 441631.0, 100507436.0 
GO:0005886 CC 2.00e-06 430/1769  3030/15181 D03 plasma membrane                          94.0, 140.0, 148.0, 154.0, 187.0, 249.0, 284.0, 390.0, 391.0, 409.0, 672.0, 683.0, 695.0, 718.0, 719.0, 720.0, 757.0, 760.0, 825.0, 857.0, 920.0, 925.0, 929.0, 942.0, 948.0, 958.0, 963.0, 972.0, 1001.0, 1006.0, 1009.0, 1134.0, 1138.0, 1240.0, 1368.0, 1441.0, 1471.0, 1524.0, 1536.0, 1558.0, 1630.0, 1636.0, 1794.0, 1813.0, 1815.0, 1824.0, 1832.0, 1836.0, 1896.0, 1947.0, 2040.0, 2057.0, 2059.0, 2065.0, 2212.0, 2214.0, 2261.0, 2321.0, 2335.0, 2532.0, 2533.0, 2572.0, 2633.0, 2687.0, 2769.0, 2784.0, 2790.0, 2861.0, 2888.0, 2897.0, 2934.0, 2979.0, 3038.0, 3055.0, 3059.0, 3071.0, 3111.0, 3113.0, 3122.0, 3133.0, 3249.0, 3360.0, 3554.0, 3570.0, 3587.0, 3588.0, 3597.0, 3635.0, 3678.0, 3684.0, 3689.0, 3691.0, 3693.0, 3700.0, 3709.0, 3710.0, 3717.0, 3732.0, 3741.0, 3755.0, 3759.0, 3773.0, 3790.0, 3903.0, 3936.0, 3987.0, 4036.0, 4037.0, 4067.0, 4072.0, 4267.0, 4360.0, 4478.0, 4481.0, 4521.0, 4542.0, 4582.0, 4615.0, 4627.0, 4642.0, 4735.0, 4843.0, 4854.0, 4855.0, 4868.0, 4887.0, 4904.0, 4919.0, 5021.0, 5158.0, 5168.0, 5172.0, 5173.0, 5243.0, 5311.0, 5322.0, 5330.0, 5336.0, 5338.0, 5341.0, 5364.0, 5426.0, 5580.0, 5592.0, 5727.0, 5733.0, 5787.0, 5788.0, 5874.0, 5912.0, 6001.0, 6048.0, 6102.0, 6284.0, 6385.0, 6404.0, 6446.0, 6510.0, 6518.0, 6540.0, 6549.0, 6556.0, 6563.0, 6579.0, 6580.0, 6581.0, 6610.0, 6664.0, 6678.0, 6751.0, 6813.0, 6850.0, 6900.0, 7010.0, 7048.0, 7096.0, 7097.0, 7099.0, 7100.0, 7122.0, 7292.0, 7409.0, 7433.0, 7434.0, 7439.0, 7477.0, 7852.0, 7923.0, 8001.0, 8029.0, 8140.0, 8436.0, 8515.0, 8578.0, 8649.0, 8777.0, 8832.0, 8934.0, 8987.0, 8994.0, 9050.0, 9051.0, 9071.0, 9076.0, 9098.0, 9123.0, 9138.0, 9187.0, 9231.0, 9296.0, 9332.0, 9358.0, 9362.0, 9414.0, 9424.0, 9452.0, 9456.0, 9557.0, 9590.0, 9712.0, 9735.0, 9780.0, 10003.0, 10008.0, 10011.0, 10019.0, 10060.0, 10161.0, 10184.0, 10219.0, 10257.0, 10312.0, 10314.0, 10324.0, 10326.0, 10347.0, 10397.0, 10411.0, 10457.0, 10666.0, 10788.0, 10800.0, 10818.0, 10841.0, 10859.0, 10861.0, 10863.0, 10894.0, 10936.0, 11006.0, 11213.0, 11251.0, 11322.0, 22795.0, 23093.0, 23166.0, 23189.0, 23205.0, 23234.0, 23263.0, 23371.0, 23460.0, 23499.0, 23526.0, 23533.0, 23566.0, 23596.0, 23600.0, 23765.0, 24141.0, 25780.0, 26509.0, 26762.0, 27106.0, 27111.0, 27128.0, 27181.0, 29760.0, 29990.0, 30061.0, 50636.0, 50839.0, 51148.0, 51199.0, 51284.0, 51285.0, 51294.0, 51393.0, 51411.0, 51474.0, 51703.0, 51705.0, 53829.0, 53832.0, 54112.0, 54209.0, 54518.0, 54538.0, 54550.0, 54567.0, 54625.0, 54852.0, 54947.0, 55080.0, 55114.0, 55315.0, 55558.0, 55876.0, 56413.0, 56624.0, 57091.0, 57101.0, 57121.0, 57139.0, 57381.0, 57413.0, 57580.0, 57716.0, 57722.0, 57761.0, 57835.0, 58475.0, 58538.0, 58986.0, 59307.0, 60401.0, 60437.0, 60495.0, 63895.0, 64106.0, 64231.0, 64283.0, 64344.0, 64411.0, 64581.0, 64787.0, 64805.0, 64849.0, 64855.0, 79026.0, 79570.0, 79628.0, 79651.0, 80005.0, 80243.0, 80328.0, 80342.0, 80704.0, 81035.0, 81793.0, 83742.0, 84059.0, 84063.0, 84079.0, 84168.0, 84210.0, 84230.0, 84239.0, 84433.0, 84660.0, 85004.0, 85415.0, 89122.0, 89790.0, 90313.0, 90417.0, 90668.0, 90861.0, 91010.0, 91624.0, 91653.0, 92745.0, 94015.0, 94122.0, 94233.0, 113277.0, 115004.0, 115361.0, 115650.0, 116496.0, 116985.0, 117155.0, 117584.0, 118788.0, 120425.0, 123872.0, 124976.0, 129401.0, 131450.0, 132014.0, 144195.0, 148281.0, 150372.0, 151056.0, 153579.0, 166929.0, 195814.0, 196883.0, 199920.0, 201780.0, 202333.0, 219790.0, 246176.0, 255426.0, 257364.0, 259293.0, 266675.0, 282808.0, 284119.0, 284129.0, 286183.0, 338773.0, 339390.0, 342035.0, 344905.0, 375612.0, 387700.0, 399694.0, 401994.0, 402415.0, 440279.0, 440435.0, 644139.0, 728233.0, 729359.0, 729873.0, 768211.0, 100507436.0, 101060376.0, 101060389.0 
GO:0005576 CC 3.37e-06 158/1769   956/15181 D02 extracellular region                     2.0, 249.0, 268.0, 272.0, 279.0, 284.0, 313.0, 341.0, 347.0, 353.0, 683.0, 714.0, 718.0, 720.0, 925.0, 929.0, 1292.0, 1296.0, 1297.0, 1302.0, 1303.0, 1325.0, 1368.0, 1441.0, 1462.0, 1471.0, 1512.0, 1520.0, 1634.0, 1636.0, 1690.0, 1774.0, 1794.0, 1908.0, 1953.0, 1992.0, 2057.0, 2162.0, 2261.0, 2335.0, 2444.0, 2633.0, 2934.0, 2950.0, 3146.0, 3481.0, 3485.0, 3490.0, 3491.0, 3554.0, 3570.0, 3598.0, 3623.0, 3700.0, 3953.0, 3955.0, 4015.0, 4332.0, 4353.0, 4485.0, 4831.0, 4854.0, 4855.0, 4904.0, 5173.0, 5322.0, 5327.0, 5341.0, 5343.0, 5364.0, 5446.0, 5552.0, 5580.0, 5646.0, 5836.0, 5919.0, 5950.0, 6284.0, 6480.0, 6678.0, 6813.0, 6948.0, 7010.0, 7038.0, 7373.0, 7448.0, 7477.0, 7873.0, 8357.0, 8362.0, 8363.0, 8425.0, 9332.0, 9358.0, 9535.0, 9588.0, 10450.0, 10855.0, 10859.0, 10863.0, 11197.0, 11249.0, 22795.0, 22856.0, 23191.0, 23526.0, 23593.0, 23765.0, 25797.0, 26256.0, 26281.0, 26577.0, 50509.0, 51129.0, 51411.0, 51705.0, 53340.0, 54209.0, 56147.0, 56624.0, 57493.0, 60495.0, 64847.0, 79864.0, 80217.0, 80328.0, 80741.0, 80760.0, 80833.0, 81567.0, 83539.0, 83706.0, 84735.0, 89790.0, 89932.0, 93100.0, 114548.0, 123872.0, 127731.0, 131450.0, 132014.0, 146433.0, 163479.0, 164781.0, 167681.0, 207063.0, 219972.0, 255743.0, 283316.0, 285313.0, 285668.0, 317749.0, 340267.0, 374875.0, 374946.0, 374969.0, 653247.0, 729085.0 
GO:0005581 CC 5.15e-05 14/1769    38/15181 D02 collagen trimer                          714.0, 1292.0, 1296.0, 1302.0, 1896.0, 4015.0, 4481.0, 7373.0, 10882.0, 81035.0, 114899.0, 114904.0, 340267.0, 342035.0 
GO:0042613 CC 3.44e-04  6/1769    10/15181 D05 MHC class II protein complex             972.0, 3108.0, 3109.0, 3111.0, 3113.0, 3122.0 
GO:0043235 CC 3.92e-04 34/1769   158/15181 D02 receptor complex                         94.0, 154.0, 925.0, 948.0, 1441.0, 2065.0, 2261.0, 2321.0, 2861.0, 3570.0, 3597.0, 3598.0, 3689.0, 3691.0, 3693.0, 3709.0, 3710.0, 3953.0, 4036.0, 4854.0, 4919.0, 5787.0, 7010.0, 7048.0, 7075.0, 7096.0, 7097.0, 7099.0, 7433.0, 8029.0, 51284.0, 81793.0, 84059.0, 131450.0 
GO:0005654 CC 5.87e-14 277/1769  3406/15181 D02 nucleoplasm                              148.0, 353.0, 409.0, 463.0, 580.0, 648.0, 672.0, 675.0, 699.0, 745.0, 841.0, 861.0, 1021.0, 1050.0, 1051.0, 1052.0, 1063.0, 1104.0, 1122.0, 1663.0, 1677.0, 1846.0, 1847.0, 1854.0, 1958.0, 1959.0, 2073.0, 2122.0, 2139.0, 2178.0, 2313.0, 2353.0, 2444.0, 2553.0, 2645.0, 2872.0, 2874.0, 3146.0, 3150.0, 3164.0, 3176.0, 3291.0, 3344.0, 3394.0, 3659.0, 3709.0, 3710.0, 3717.0, 3726.0, 3981.0, 4000.0, 4174.0, 4261.0, 4286.0, 4332.0, 4353.0, 4487.0, 4735.0, 4773.0, 4843.0, 4854.0, 4855.0, 4904.0, 4931.0, 5241.0, 5243.0, 5324.0, 5426.0, 5435.0, 5557.0, 5580.0, 5600.0, 5893.0, 5915.0, 5925.0, 5935.0, 5978.0, 6102.0, 6189.0, 6205.0, 6206.0, 6228.0, 6234.0, 6258.0, 6284.0, 6299.0, 6446.0, 6470.0, 6502.0, 6606.0, 6607.0, 6631.0, 6659.0, 6664.0, 6672.0, 6688.0, 6886.0, 7174.0, 7307.0, 7318.0, 7465.0, 7494.0, 7516.0, 7767.0, 7849.0, 8013.0, 8086.0, 8175.0, 8342.0, 8349.0, 8357.0, 8362.0, 8363.0, 8436.0, 8438.0, 8504.0, 8517.0, 8864.0, 8888.0, 8994.0, 9015.0, 9314.0, 9401.0, 9414.0, 9443.0, 9480.0, 9493.0, 9557.0, 9627.0, 9767.0, 10011.0, 10131.0, 10254.0, 10324.0, 10450.0, 10466.0, 10475.0, 10592.0, 10625.0, 10739.0, 10776.0, 10855.0, 10973.0, 11157.0, 22797.0, 22809.0, 22932.0, 23076.0, 23224.0, 23234.0, 23283.0, 23421.0, 23460.0, 23582.0, 23683.0, 25885.0, 25895.0, 25920.0, 26094.0, 26173.0, 26256.0, 26271.0, 26292.0, 26589.0, 27042.0, 27111.0, 27341.0, 29028.0, 29127.0, 29803.0, 29894.0, 29923.0, 29995.0, 30061.0, 30827.0, 30836.0, 51053.0, 51085.0, 51099.0, 51149.0, 51176.0, 51199.0, 51300.0, 51339.0, 51433.0, 51493.0, 51605.0, 51703.0, 54433.0, 54443.0, 54458.0, 54494.0, 54555.0, 54780.0, 54815.0, 54962.0, 55012.0, 55051.0, 55128.0, 55214.0, 55619.0, 55636.0, 55796.0, 55812.0, 56413.0, 57082.0, 57101.0, 57407.0, 57477.0, 57602.0, 57654.0, 57696.0, 57761.0, 60436.0, 60528.0, 63901.0, 63920.0, 63976.0, 64105.0, 64318.0, 64344.0, 64764.0, 64855.0, 79070.0, 79075.0, 79155.0, 79622.0, 79682.0, 79731.0, 79918.0, 79991.0, 83444.0, 84268.0, 84441.0, 84614.0, 84660.0, 84733.0, 84913.0, 85004.0, 85313.0, 89978.0, 91607.0, 92521.0, 93953.0, 112950.0, 115004.0, 116985.0, 117584.0, 118460.0, 120425.0, 129401.0, 133383.0, 143570.0, 143689.0, 152206.0, 201254.0, 221178.0, 246329.0, 252969.0, 253714.0, 253769.0, 283514.0, 284058.0, 284119.0, 284129.0, 285643.0, 286257.0, 286826.0, 373863.0, 374875.0, 387893.0, 440353.0, 440689.0, 653784.0, 100288332.0, 101059938.0, 102724159.0 
GO:0005829 CC 3.06e-09 421/1769  4519/15181 D02 cytosol                                  148.0, 191.0, 199.0, 262.0, 272.0, 353.0, 391.0, 395.0, 397.0, 409.0, 648.0, 675.0, 677.0, 695.0, 699.0, 745.0, 760.0, 825.0, 841.0, 842.0, 1021.0, 1062.0, 1063.0, 1122.0, 1326.0, 1371.0, 1428.0, 1512.0, 1630.0, 1635.0, 1674.0, 1677.0, 1719.0, 1728.0, 1730.0, 1794.0, 1824.0, 1964.0, 2021.0, 2122.0, 2139.0, 2173.0, 2242.0, 2313.0, 2353.0, 2444.0, 2533.0, 2572.0, 2633.0, 2645.0, 2745.0, 2784.0, 2819.0, 2874.0, 2875.0, 2888.0, 2934.0, 2949.0, 2950.0, 2998.0, 3055.0, 3059.0, 3071.0, 3164.0, 3176.0, 3394.0, 3587.0, 3635.0, 3659.0, 3663.0, 3716.0, 3717.0, 3790.0, 3936.0, 3987.0, 4000.0, 4067.0, 4174.0, 4261.0, 4332.0, 4343.0, 4478.0, 4481.0, 4521.0, 4542.0, 4615.0, 4627.0, 4642.0, 4703.0, 4773.0, 4776.0, 4831.0, 4843.0, 4854.0, 4855.0, 4904.0, 5096.0, 5137.0, 5207.0, 5239.0, 5241.0, 5311.0, 5324.0, 5330.0, 5336.0, 5341.0, 5346.0, 5435.0, 5475.0, 5580.0, 5592.0, 5600.0, 5836.0, 5912.0, 5925.0, 5973.0, 5978.0, 6001.0, 6134.0, 6142.0, 6175.0, 6189.0, 6205.0, 6206.0, 6228.0, 6234.0, 6284.0, 6303.0, 6446.0, 6470.0, 6502.0, 6503.0, 6606.0, 6607.0, 6652.0, 6799.0, 6813.0, 6850.0, 6916.0, 7048.0, 7174.0, 7318.0, 7409.0, 7439.0, 7538.0, 7805.0, 7846.0, 7873.0, 8029.0, 8086.0, 8140.0, 8293.0, 8342.0, 8349.0, 8436.0, 8517.0, 8654.0, 8663.0, 8854.0, 8864.0, 8888.0, 8934.0, 8994.0, 9050.0, 9051.0, 9138.0, 9296.0, 9306.0, 9314.0, 9332.0, 9352.0, 9414.0, 9456.0, 9493.0, 9557.0, 9588.0, 9590.0, 9627.0, 9639.0, 9712.0, 9735.0, 9765.0, 9882.0, 9894.0, 9924.0, 10011.0, 10019.0, 10095.0, 10157.0, 10254.0, 10324.0, 10397.0, 10450.0, 10466.0, 10475.0, 10592.0, 10625.0, 10766.0, 10788.0, 10804.0, 10811.0, 10818.0, 10841.0, 10901.0, 10965.0, 10973.0, 10981.0, 11004.0, 11157.0, 22809.0, 22898.0, 22981.0, 23076.0, 23093.0, 23191.0, 23194.0, 23205.0, 23234.0, 23263.0, 23421.0, 23526.0, 23533.0, 23564.0, 23600.0, 23678.0, 23683.0, 23743.0, 25839.0, 25895.0, 26007.0, 26191.0, 26233.0, 26256.0, 26258.0, 26270.0, 26271.0, 26287.0, 27111.0, 27128.0, 27141.0, 27143.0, 27175.0, 27185.0, 27232.0, 27295.0, 29127.0, 29760.0, 29899.0, 29904.0, 29923.0, 30061.0, 30827.0, 30833.0, 50636.0, 51053.0, 51074.0, 51084.0, 51085.0, 51099.0, 51171.0, 51339.0, 51399.0, 51433.0, 51473.0, 51474.0, 51493.0, 54443.0, 54458.0, 54518.0, 54625.0, 54820.0, 54885.0, 54908.0, 55012.0, 55114.0, 55128.0, 55191.0, 55214.0, 55224.0, 55303.0, 55614.0, 55619.0, 55755.0, 55812.0, 55835.0, 55843.0, 56911.0, 56992.0, 57082.0, 57110.0, 57139.0, 57176.0, 57405.0, 57407.0, 57522.0, 57537.0, 57580.0, 57602.0, 57696.0, 57718.0, 57761.0, 58504.0, 58538.0, 60528.0, 63976.0, 64092.0, 64105.0, 64151.0, 64283.0, 64344.0, 64359.0, 64772.0, 64787.0, 64855.0, 65999.0, 79026.0, 79070.0, 79155.0, 79622.0, 79682.0, 79731.0, 79825.0, 79890.0, 79918.0, 80005.0, 80162.0, 80216.0, 80243.0, 80336.0, 81704.0, 81848.0, 83547.0, 83752.0, 84079.0, 84084.0, 84166.0, 84282.0, 84433.0, 84735.0, 84851.0, 84875.0, 85004.0, 85313.0, 85415.0, 89122.0, 89846.0, 89891.0, 89978.0, 90353.0, 90861.0, 91010.0, 91107.0, 91544.0, 91607.0, 91768.0, 91807.0, 92521.0, 93100.0, 114548.0, 114879.0, 115004.0, 115361.0, 116496.0, 116985.0, 117289.0, 117584.0, 118460.0, 118788.0, 119391.0, 121512.0, 121952.0, 122481.0, 122622.0, 122970.0, 123872.0, 126432.0, 126433.0, 126567.0, 127845.0, 129401.0, 130916.0, 135138.0, 139818.0, 140545.0, 147699.0, 148281.0, 151393.0, 151531.0, 152137.0, 152206.0, 155038.0, 157695.0, 158067.0, 161823.0, 196743.0, 200894.0, 201176.0, 201456.0, 202333.0, 221178.0, 221472.0, 222235.0, 246329.0, 253714.0, 257106.0, 257364.0, 259173.0, 283807.0, 284076.0, 284119.0, 285643.0, 387893.0, 440050.0, 440145.0, 440603.0, 440689.0, 474344.0, 653784.0, 729359.0, 100287171.0, 100885848.0 
GO:0005634 CC 8.39e-09 416/1769  4445/15181 D05 nucleus                                  148.0, 154.0, 199.0, 293.0, 323.0, 409.0, 463.0, 580.0, 648.0, 672.0, 675.0, 677.0, 695.0, 745.0, 825.0, 842.0, 861.0, 972.0, 1021.0, 1050.0, 1051.0, 1052.0, 1062.0, 1063.0, 1104.0, 1122.0, 1195.0, 1428.0, 1466.0, 1545.0, 1663.0, 1674.0, 1677.0, 1774.0, 1832.0, 1843.0, 1846.0, 1847.0, 1854.0, 1947.0, 1958.0, 1959.0, 2021.0, 2070.0, 2073.0, 2078.0, 2122.0, 2139.0, 2173.0, 2178.0, 2261.0, 2302.0, 2313.0, 2353.0, 2444.0, 2533.0, 2553.0, 2745.0, 2872.0, 2874.0, 2934.0, 2950.0, 3038.0, 3055.0, 3059.0, 3146.0, 3150.0, 3164.0, 3344.0, 3394.0, 3659.0, 3663.0, 3716.0, 3717.0, 3726.0, 3981.0, 4000.0, 4015.0, 4067.0, 4094.0, 4174.0, 4211.0, 4286.0, 4343.0, 4353.0, 4478.0, 4487.0, 4494.0, 4495.0, 4499.0, 4521.0, 4582.0, 4615.0, 4627.0, 4735.0, 4752.0, 4773.0, 4776.0, 4831.0, 4843.0, 4855.0, 4904.0, 4931.0, 5081.0, 5090.0, 5129.0, 5426.0, 5435.0, 5475.0, 5580.0, 5600.0, 5727.0, 5893.0, 5915.0, 5925.0, 5935.0, 5978.0, 5990.0, 6001.0, 6134.0, 6175.0, 6189.0, 6284.0, 6299.0, 6446.0, 6470.0, 6502.0, 6606.0, 6607.0, 6659.0, 6664.0, 6672.0, 6688.0, 6832.0, 6850.0, 6886.0, 6920.0, 7318.0, 7465.0, 7494.0, 7538.0, 7552.0, 7568.0, 7620.0, 7633.0, 7652.0, 7691.0, 7697.0, 7718.0, 7743.0, 7757.0, 7767.0, 7769.0, 7846.0, 7849.0, 7852.0, 7873.0, 8013.0, 8086.0, 8175.0, 8293.0, 8342.0, 8349.0, 8357.0, 8362.0, 8363.0, 8438.0, 8517.0, 8572.0, 8863.0, 8864.0, 8888.0, 8994.0, 9352.0, 9401.0, 9414.0, 9425.0, 9443.0, 9457.0, 9480.0, 9493.0, 9557.0, 9588.0, 9735.0, 9894.0, 9924.0, 10011.0, 10095.0, 10157.0, 10309.0, 10312.0, 10397.0, 10450.0, 10566.0, 10592.0, 10766.0, 10793.0, 10855.0, 10901.0, 10912.0, 10973.0, 11004.0, 11157.0, 11177.0, 11213.0, 22797.0, 22809.0, 23076.0, 23093.0, 23189.0, 23224.0, 23234.0, 23421.0, 23533.0, 23582.0, 23604.0, 23619.0, 23677.0, 26007.0, 26150.0, 26152.0, 26191.0, 26233.0, 26256.0, 26271.0, 26287.0, 26292.0, 26993.0, 27175.0, 27185.0, 27296.0, 27443.0, 29028.0, 29127.0, 29894.0, 29994.0, 29995.0, 30813.0, 30827.0, 30833.0, 51053.0, 51085.0, 51149.0, 51176.0, 51276.0, 51339.0, 51351.0, 51433.0, 51493.0, 51527.0, 51605.0, 54112.0, 54494.0, 54502.0, 54514.0, 54555.0, 54625.0, 54780.0, 54815.0, 54908.0, 54937.0, 54962.0, 55051.0, 55124.0, 55128.0, 55325.0, 55609.0, 55619.0, 55636.0, 55769.0, 55835.0, 56903.0, 56911.0, 57082.0, 57110.0, 57116.0, 57232.0, 57405.0, 57602.0, 57615.0, 57716.0, 57761.0, 58504.0, 60436.0, 60491.0, 60528.0, 63901.0, 63976.0, 63979.0, 64092.0, 64151.0, 64359.0, 64518.0, 64764.0, 64794.0, 64855.0, 79026.0, 79075.0, 79156.0, 79364.0, 79365.0, 79622.0, 79673.0, 79682.0, 79716.0, 79776.0, 79882.0, 79918.0, 79986.0, 79991.0, 80336.0, 83640.0, 83742.0, 83752.0, 84072.0, 84084.0, 84107.0, 84166.0, 84268.0, 84436.0, 84441.0, 84660.0, 84733.0, 84807.0, 84851.0, 84874.0, 84875.0, 84913.0, 84914.0, 84944.0, 85004.0, 85313.0, 85443.0, 90333.0, 90417.0, 90861.0, 91107.0, 91156.0, 91607.0, 91768.0, 93166.0, 93953.0, 112950.0, 113835.0, 114548.0, 114823.0, 115004.0, 115361.0, 115560.0, 117608.0, 118460.0, 119016.0, 122402.0, 122618.0, 125893.0, 126074.0, 135138.0, 136051.0, 139081.0, 143570.0, 143689.0, 144195.0, 144811.0, 147694.0, 147699.0, 148932.0, 157695.0, 162655.0, 164684.0, 168544.0, 168850.0, 169841.0, 170261.0, 195814.0, 197320.0, 200424.0, 201973.0, 202333.0, 219790.0, 220042.0, 220992.0, 221472.0, 256006.0, 266743.0, 283417.0, 283807.0, 284058.0, 284119.0, 284390.0, 284443.0, 286257.0, 339488.0, 342908.0, 345462.0, 373863.0, 374899.0, 387082.0, 388523.0, 388561.0, 400713.0, 440097.0, 440603.0, 440689.0, 442319.0, 644353.0, 645121.0, 654254.0, 728642.0, 729288.0, 730051.0, 730087.0, 100129543.0, 100130086.0, 100885848.0, 109504726.0, 110116772.0 
GO:0016020 CC 6.51e-08 150/1769  1867/15181 D02 membrane                                 154.0, 249.0, 293.0, 323.0, 397.0, 699.0, 819.0, 857.0, 948.0, 972.0, 1062.0, 1462.0, 1794.0, 1815.0, 1832.0, 1836.0, 1896.0, 1992.0, 2040.0, 2353.0, 2487.0, 3071.0, 3108.0, 3360.0, 3554.0, 3689.0, 3709.0, 3710.0, 3716.0, 4174.0, 4627.0, 4931.0, 5243.0, 5277.0, 5311.0, 5341.0, 5557.0, 5788.0, 5912.0, 5957.0, 6134.0, 6142.0, 6175.0, 6205.0, 6206.0, 6228.0, 6404.0, 6510.0, 6518.0, 6580.0, 6581.0, 6610.0, 6652.0, 7096.0, 7098.0, 7439.0, 8029.0, 8086.0, 8140.0, 8357.0, 8362.0, 8363.0, 8412.0, 8504.0, 8641.0, 8987.0, 9051.0, 9123.0, 9187.0, 9296.0, 9362.0, 9401.0, 9588.0, 9780.0, 9894.0, 9936.0, 10060.0, 10131.0, 10184.0, 10198.0, 10257.0, 10411.0, 10466.0, 10800.0, 10818.0, 10894.0, 10973.0, 10981.0, 11000.0, 11004.0, 11037.0, 22856.0, 23421.0, 23463.0, 23499.0, 23526.0, 23533.0, 23683.0, 26173.0, 29760.0, 51703.0, 54625.0, 54820.0, 54873.0, 55139.0, 55454.0, 55619.0, 55764.0, 55843.0, 56413.0, 56992.0, 57413.0, 57537.0, 57696.0, 59307.0, 63895.0, 64151.0, 79026.0, 79443.0, 79627.0, 80833.0, 81704.0, 81793.0, 83706.0, 83752.0, 84059.0, 84073.0, 84079.0, 84230.0, 92521.0, 114879.0, 114899.0, 115209.0, 116496.0, 117584.0, 118788.0, 121457.0, 124976.0, 127845.0, 144195.0, 196883.0, 201176.0, 254102.0, 255743.0, 257364.0, 375033.0, 375612.0, 399948.0, 728233.0, 100133941.0 
GO:0098978 CC 8.12e-06 12/1769   294/15181 D04 glutamatergic synapse                    148.0, 1006.0, 1009.0, 1813.0, 1815.0, 2059.0, 3717.0, 4067.0, 5327.0, 5552.0, 9456.0, 58504.0 
GO:0030426 CC 8.40e-05  2/1769   121/15181 D03 growth cone                              323.0, 2059.0 
GO:0005739 CC 3.65e-04 103/1769  1204/15181 D05 mitochondrion                            293.0, 487.0, 670.0, 841.0, 842.0, 1159.0, 1371.0, 1428.0, 1545.0, 1719.0, 1854.0, 2021.0, 2040.0, 2139.0, 2645.0, 2874.0, 2950.0, 3059.0, 3164.0, 4521.0, 5096.0, 5166.0, 5580.0, 6341.0, 6389.0, 6446.0, 6659.0, 6832.0, 7263.0, 8934.0, 9588.0, 10131.0, 10157.0, 10165.0, 10797.0, 10863.0, 10901.0, 10965.0, 10981.0, 11000.0, 11112.0, 23224.0, 23564.0, 23593.0, 23600.0, 25961.0, 26292.0, 26589.0, 26995.0, 27185.0, 29078.0, 29957.0, 29958.0, 51099.0, 51117.0, 51205.0, 51300.0, 51657.0, 51703.0, 54516.0, 54543.0, 55066.0, 55210.0, 55316.0, 55812.0, 56624.0, 57110.0, 57128.0, 57176.0, 60491.0, 60528.0, 64064.0, 64318.0, 64344.0, 64978.0, 64983.0, 79731.0, 80298.0, 83693.0, 115286.0, 126789.0, 130916.0, 132001.0, 132671.0, 133686.0, 135154.0, 143689.0, 151393.0, 155038.0, 219293.0, 219402.0, 253512.0, 255027.0, 256643.0, 282808.0, 283514.0, 284106.0, 284119.0, 284184.0, 373863.0, 387787.0, 100303755.0, 102724023.0 
GO:0004888 MF 3.46e-08 27/1769    75/15181 D03 transmembrane signaling receptor activity 920.0, 1630.0, 2065.0, 2212.0, 2214.0, 2532.0, 3554.0, 3953.0, 4360.0, 5364.0, 7096.0, 7097.0, 7098.0, 7099.0, 7100.0, 8001.0, 8578.0, 10261.0, 10894.0, 27181.0, 51284.0, 54209.0, 57413.0, 81793.0, 84168.0, 127943.0, 150372.0 
GO:0038023 MF 4.63e-07 37/1769   135/15181 D02 signaling receptor activity              187.0, 920.0, 942.0, 958.0, 1240.0, 1441.0, 2532.0, 2897.0, 3587.0, 3588.0, 3693.0, 4360.0, 4854.0, 4855.0, 4883.0, 4887.0, 6510.0, 7010.0, 7096.0, 7097.0, 7098.0, 7099.0, 7100.0, 8029.0, 9936.0, 10219.0, 10894.0, 54209.0, 54538.0, 54852.0, 60401.0, 81793.0, 114908.0, 115650.0, 131450.0, 375033.0, 389289.0 
GO:0005515 MF 2.91e-17 977/1769  9777/15181 D02 protein binding                          2.0, 94.0, 148.0, 154.0, 187.0, 191.0, 199.0, 249.0, 262.0, 268.0, 272.0, 284.0, 293.0, 313.0, 323.0, 341.0, 347.0, 353.0, 390.0, 391.0, 397.0, 409.0, 463.0, 487.0, 580.0, 648.0, 672.0, 675.0, 677.0, 695.0, 699.0, 714.0, 718.0, 757.0, 760.0, 819.0, 825.0, 841.0, 842.0, 857.0, 861.0, 920.0, 925.0, 929.0, 942.0, 948.0, 958.0, 963.0, 972.0, 1021.0, 1039.0, 1050.0, 1051.0, 1052.0, 1062.0, 1063.0, 1104.0, 1138.0, 1159.0, 1195.0, 1240.0, 1292.0, 1297.0, 1302.0, 1326.0, 1428.0, 1441.0, 1462.0, 1466.0, 1471.0, 1512.0, 1519.0, 1524.0, 1534.0, 1536.0, 1545.0, 1558.0, 1630.0, 1634.0, 1635.0, 1663.0, 1674.0, 1677.0, 1690.0, 1728.0, 1774.0, 1794.0, 1813.0, 1815.0, 1824.0, 1832.0, 1843.0, 1846.0, 1847.0, 1854.0, 1896.0, 1947.0, 1953.0, 1958.0, 1959.0, 1964.0, 1992.0, 2021.0, 2040.0, 2057.0, 2059.0, 2065.0, 2070.0, 2073.0, 2078.0, 2110.0, 2122.0, 2139.0, 2162.0, 2173.0, 2212.0, 2214.0, 2217.0, 2242.0, 2261.0, 2302.0, 2313.0, 2321.0, 2335.0, 2353.0, 2444.0, 2487.0, 2533.0, 2553.0, 2572.0, 2633.0, 2645.0, 2745.0, 2784.0, 2790.0, 2819.0, 2861.0, 2872.0, 2874.0, 2888.0, 2934.0, 2949.0, 2950.0, 2979.0, 3038.0, 3055.0, 3059.0, 3071.0, 3108.0, 3109.0, 3111.0, 3122.0, 3133.0, 3146.0, 3150.0, 3164.0, 3249.0, 3344.0, 3360.0, 3394.0, 3481.0, 3485.0, 3490.0, 3491.0, 3554.0, 3570.0, 3587.0, 3588.0, 3597.0, 3598.0, 3623.0, 3635.0, 3659.0, 3663.0, 3678.0, 3684.0, 3689.0, 3691.0, 3693.0, 3700.0, 3710.0, 3716.0, 3717.0, 3726.0, 3732.0, 3741.0, 3759.0, 3903.0, 3953.0, 3981.0, 3987.0, 4000.0, 4015.0, 4034.0, 4036.0, 4067.0, 4072.0, 4094.0, 4174.0, 4211.0, 4261.0, 4267.0, 4286.0, 4332.0, 4343.0, 4353.0, 4360.0, 4478.0, 4481.0, 4485.0, 4487.0, 4494.0, 4495.0, 4499.0, 4512.0, 4521.0, 4535.0, 4536.0, 4537.0, 4542.0, 4582.0, 4615.0, 4627.0, 4671.0, 4703.0, 4735.0, 4752.0, 4773.0, 4776.0, 4831.0, 4843.0, 4854.0, 4855.0, 4868.0, 4883.0, 4887.0, 4904.0, 4919.0, 4931.0, 5096.0, 5129.0, 5166.0, 5207.0, 5241.0, 5243.0, 5276.0, 5277.0, 5311.0, 5327.0, 5330.0, 5336.0, 5338.0, 5341.0, 5346.0, 5364.0, 5426.0, 5475.0, 5552.0, 5557.0, 5580.0, 5592.0, 5600.0, 5646.0, 5727.0, 5738.0, 5742.0, 5787.0, 5788.0, 5826.0, 5836.0, 5874.0, 5893.0, 5912.0, 5919.0, 5925.0, 5935.0, 5950.0, 5961.0, 5973.0, 5978.0, 5990.0, 6001.0, 6035.0, 6048.0, 6102.0, 6134.0, 6142.0, 6175.0, 6189.0, 6205.0, 6206.0, 6228.0, 6234.0, 6258.0, 6284.0, 6299.0, 6303.0, 6341.0, 6385.0, 6389.0, 6404.0, 6446.0, 6470.0, 6480.0, 6502.0, 6503.0, 6510.0, 6518.0, 6580.0, 6581.0, 6606.0, 6607.0, 6610.0, 6623.0, 6631.0, 6659.0, 6672.0, 6678.0, 6688.0, 6751.0, 6799.0, 6813.0, 6832.0, 6850.0, 6876.0, 6886.0, 6900.0, 6920.0, 6948.0, 7010.0, 7038.0, 7048.0, 7075.0, 7096.0, 7097.0, 7098.0, 7099.0, 7100.0, 7122.0, 7174.0, 7292.0, 7307.0, 7318.0, 7409.0, 7433.0, 7448.0, 7465.0, 7477.0, 7494.0, 7516.0, 7538.0, 7552.0, 7568.0, 7620.0, 7633.0, 7681.0, 7697.0, 7718.0, 7767.0, 7805.0, 7846.0, 7849.0, 7852.0, 7873.0, 7923.0, 8013.0, 8029.0, 8086.0, 8140.0, 8175.0, 8269.0, 8293.0, 8349.0, 8357.0, 8362.0, 8363.0, 8412.0, 8425.0, 8436.0, 8438.0, 8504.0, 8517.0, 8534.0, 8572.0, 8578.0, 8649.0, 8654.0, 8663.0, 8777.0, 8832.0, 8863.0, 8864.0, 8888.0, 8934.0, 8985.0, 8987.0, 8994.0, 9015.0, 9051.0, 9071.0, 9076.0, 9091.0, 9098.0, 9123.0, 9138.0, 9187.0, 9231.0, 9296.0, 9306.0, 9314.0, 9317.0, 9332.0, 9362.0, 9401.0, 9414.0, 9425.0, 9443.0, 9452.0, 9456.0, 9457.0, 9493.0, 9501.0, 9557.0, 9588.0, 9590.0, 9627.0, 9639.0, 9735.0, 9765.0, 9767.0, 9780.0, 9882.0, 9894.0, 9906.0, 9924.0, 9936.0, 10003.0, 10008.0, 10011.0, 10019.0, 10095.0, 10131.0, 10161.0, 10184.0, 10198.0, 10219.0, 10254.0, 10257.0, 10309.0, 10312.0, 10314.0, 10324.0, 10326.0, 10335.0, 10397.0, 10406.0, 10411.0, 10417.0, 10450.0, 10457.0, 10466.0, 10475.0, 10566.0, 10592.0, 10625.0, 10666.0, 10766.0, 10776.0, 10782.0, 10793.0, 10797.0, 10804.0, 10811.0, 10818.0, 10841.0, 10855.0, 10859.0, 10863.0, 10882.0, 10894.0, 10912.0, 10965.0, 10973.0, 10981.0, 11004.0, 11006.0, 11112.0, 11155.0, 11157.0, 11177.0, 11197.0, 11213.0, 11322.0, 11326.0, 22795.0, 22797.0, 22809.0, 22981.0, 23076.0, 23166.0, 23189.0, 23191.0, 23194.0, 23224.0, 23234.0, 23283.0, 23371.0, 23421.0, 23432.0, 23463.0, 23499.0, 23526.0, 23564.0, 23566.0, 23582.0, 23593.0, 23596.0, 23604.0, 23619.0, 23677.0, 23678.0, 23683.0, 23765.0, 25780.0, 25797.0, 25839.0, 25885.0, 25895.0, 25920.0, 26007.0, 26094.0, 26150.0, 26152.0, 26191.0, 26258.0, 26270.0, 26271.0, 26287.0, 26292.0, 26509.0, 26751.0, 26762.0, 26993.0, 27042.0, 27106.0, 27111.0, 27128.0, 27141.0, 27143.0, 27181.0, 27185.0, 27232.0, 27295.0, 27296.0, 27341.0, 29028.0, 29057.0, 29078.0, 29127.0, 29760.0, 29894.0, 29899.0, 29923.0, 29990.0, 29994.0, 29995.0, 30061.0, 30813.0, 30827.0, 30836.0, 50839.0, 51016.0, 51020.0, 51053.0, 51074.0, 51099.0, 51117.0, 51129.0, 51148.0, 51149.0, 51154.0, 51171.0, 51176.0, 51199.0, 51284.0, 51285.0, 51296.0, 51300.0, 51339.0, 51393.0, 51399.0, 51411.0, 51473.0, 51474.0, 51493.0, 51527.0, 51531.0, 51605.0, 51657.0, 51661.0, 51668.0, 51703.0, 53340.0, 53827.0, 53829.0, 53832.0, 53938.0, 54065.0, 54209.0, 54433.0, 54458.0, 54491.0, 54502.0, 54518.0, 54532.0, 54538.0, 54543.0, 54550.0, 54555.0, 54567.0, 54625.0, 54780.0, 54815.0, 54820.0, 54852.0, 54873.0, 54885.0, 54908.0, 54922.0, 54932.0, 54947.0, 54962.0, 55007.0, 55012.0, 55051.0, 55080.0, 55114.0, 55124.0, 55128.0, 55138.0, 55139.0, 55171.0, 55191.0, 55210.0, 55222.0, 55224.0, 55251.0, 55280.0, 55304.0, 55315.0, 55325.0, 55454.0, 55558.0, 55603.0, 55609.0, 55619.0, 55636.0, 55755.0, 55764.0, 55769.0, 55779.0, 55796.0, 55805.0, 55812.0, 55835.0, 55917.0, 56155.0, 56911.0, 56931.0, 56992.0, 57082.0, 57101.0, 57110.0, 57116.0, 57128.0, 57139.0, 57146.0, 57176.0, 57381.0, 57405.0, 57407.0, 57493.0, 57522.0, 57580.0, 57602.0, 57654.0, 57696.0, 57716.0, 57718.0, 57761.0, 57834.0, 58475.0, 58504.0, 58538.0, 58986.0, 59307.0, 60401.0, 60437.0, 60491.0, 60672.0, 63901.0, 63910.0, 63920.0, 63976.0, 63979.0, 64105.0, 64106.0, 64151.0, 64231.0, 64411.0, 64417.0, 64429.0, 64518.0, 64581.0, 64770.0, 64787.0, 64794.0, 64849.0, 64855.0, 64978.0, 64983.0, 65992.0, 65999.0, 79026.0, 79053.0, 79075.0, 79083.0, 79155.0, 79156.0, 79364.0, 79365.0, 79443.0, 79622.0, 79651.0, 79660.0, 79673.0, 79682.0, 79801.0, 79882.0, 79890.0, 79918.0, 79986.0, 79991.0, 79993.0, 80005.0, 80129.0, 80183.0, 80216.0, 80258.0, 80298.0, 80328.0, 80342.0, 80350.0, 80704.0, 80705.0, 81567.0, 81704.0, 81793.0, 81848.0, 83444.0, 83463.0, 83547.0, 83640.0, 83693.0, 83733.0, 83752.0, 83871.0, 83872.0, 84002.0, 84059.0, 84063.0, 84072.0, 84073.0, 84079.0, 84084.0, 84166.0, 84168.0, 84221.0, 84230.0, 84268.0, 84278.0, 84282.0, 84283.0, 84332.0, 84433.0, 84441.0, 84660.0, 84680.0, 84693.0, 84696.0, 84733.0, 84807.0, 84868.0, 84875.0, 84898.0, 84914.0, 84952.0, 84976.0, 84996.0, 85313.0, 89790.0, 89832.0, 89857.0, 89891.0, 90313.0, 90353.0, 90411.0, 90417.0, 90557.0, 91156.0, 91523.0, 91526.0, 91544.0, 91607.0, 91653.0, 91768.0, 92960.0, 93010.0, 93100.0, 93166.0, 93426.0, 93953.0, 94015.0, 94122.0, 94233.0, 112483.0, 112950.0, 113277.0, 114548.0, 114823.0, 114899.0, 114904.0, 114908.0, 115004.0, 115361.0, 115560.0, 116496.0, 116985.0, 117155.0, 117289.0, 117583.0, 117584.0, 118788.0, 119391.0, 121457.0, 121793.0, 124411.0, 126074.0, 126433.0, 127845.0, 129401.0, 130916.0, 131450.0, 132001.0, 132014.0, 132671.0, 135154.0, 136051.0, 139818.0, 140545.0, 140876.0, 144811.0, 146433.0, 147138.0, 148932.0, 150372.0, 151254.0, 151393.0, 151531.0, 151651.0, 151963.0, 152015.0, 152137.0, 152206.0, 154075.0, 155382.0, 157697.0, 158067.0, 158866.0, 164684.0, 164781.0, 166929.0, 167681.0, 168544.0, 169841.0, 170261.0, 195814.0, 196883.0, 196996.0, 197320.0, 199221.0, 199920.0, 200424.0, 200728.0, 200894.0, 201254.0, 201456.0, 201780.0, 201973.0, 207063.0, 219402.0, 220108.0, 220992.0, 221178.0, 221472.0, 246176.0, 246329.0, 252969.0, 253314.0, 253512.0, 253714.0, 253769.0, 254295.0, 255758.0, 257106.0, 257169.0, 257364.0, 259173.0, 266743.0, 283131.0, 283219.0, 283514.0, 283807.0, 284058.0, 284076.0, 284119.0, 284129.0, 284184.0, 284390.0, 285025.0, 285093.0, 285386.0, 285590.0, 285753.0, 286257.0, 286343.0, 286464.0, 286826.0, 339122.0, 339390.0, 339834.0, 340527.0, 342908.0, 373863.0, 374946.0, 374969.0, 375033.0, 375612.0, 387700.0, 387893.0, 388335.0, 389289.0, 399694.0, 400506.0, 401494.0, 401548.0, 401994.0, 408050.0, 440050.0, 440097.0, 440145.0, 440295.0, 440435.0, 440603.0, 441150.0, 493829.0, 653247.0, 653784.0, 728689.0, 768211.0, 100130086.0, 100131997.0, 100133941.0, 100287171.0, 100507436.0, 101059938.0, 102724023.0 
GO:0003723 MF 1.42e-08 92/1769  1302/15181 D04 RNA binding                              580.0, 672.0, 677.0, 1634.0, 1728.0, 1832.0, 1854.0, 1964.0, 3146.0, 4343.0, 4627.0, 4904.0, 4931.0, 5935.0, 6134.0, 6142.0, 6175.0, 6189.0, 6205.0, 6206.0, 6228.0, 6234.0, 6606.0, 6607.0, 6631.0, 6688.0, 6832.0, 7307.0, 7373.0, 7538.0, 7681.0, 7873.0, 8175.0, 8362.0, 8363.0, 8663.0, 9123.0, 9138.0, 10131.0, 10450.0, 10973.0, 11157.0, 23076.0, 23283.0, 23499.0, 25920.0, 26993.0, 26995.0, 27042.0, 27341.0, 29803.0, 29958.0, 30836.0, 51081.0, 51154.0, 51493.0, 51605.0, 54433.0, 54502.0, 54514.0, 54555.0, 55119.0, 55124.0, 55345.0, 55603.0, 55796.0, 56903.0, 56931.0, 57602.0, 57696.0, 60528.0, 64092.0, 64283.0, 64318.0, 64794.0, 64983.0, 79026.0, 79868.0, 79882.0, 80336.0, 83640.0, 85313.0, 118460.0, 122402.0, 126789.0, 143689.0, 260294.0, 284119.0, 373863.0, 388115.0, 400506.0, 102724159.0 
