GO:0006955 BP 1.01e-07  15/256   171/16052 D02 immune response                          714.0, 920.0, 1520.0, 1524.0, 2537.0, 3105.0, 3106.0, 3119.0, 3566.0, 4261.0, 4277.0, 10333.0, 10346.0, 10964.0, 25939.0 
GO:0019886 BP 2.13e-06   6/256    25/16052 D05 antigen processing and presentation of exogenous peptide antigen via MHC class II 567.0, 972.0, 1520.0, 3108.0, 3115.0, 3119.0 
GO:0002250 BP 6.26e-06  10/256   104/16052 D03 adaptive immune response                 920.0, 1520.0, 1524.0, 3106.0, 3108.0, 3115.0, 3119.0, 3824.0, 4277.0, 89790.0 
GO:0045087 BP 1.13e-05  17/256   312/16052 D06 innate immune response                   714.0, 720.0, 721.0, 1524.0, 2537.0, 3105.0, 3106.0, 3429.0, 3437.0, 4599.0, 7268.0, 10333.0, 10346.0, 25939.0, 54809.0, 79792.0, 89790.0 
GO:0003352 BP 1.58e-05   3/256     4/16052 D06 regulation of cilium movement            79645.0, 85478.0, 92749.0 
GO:0042613 CC 1.77e-06   5/256    14/16052 D05 MHC class II protein complex             567.0, 972.0, 3108.0, 3115.0, 3119.0 
GO:0012507 CC 1.09e-04   6/256    48/16052 D07 ER to Golgi transport vesicle membrane   567.0, 972.0, 3105.0, 3106.0, 3115.0, 3119.0 
GO:0042612 CC 1.34e-04   3/256     7/16052 D05 MHC class I protein complex              567.0, 3105.0, 3106.0 
GO:0005634 CC 8.37e-09  35/256  4663/16052 D05 nucleus                                  875.0, 972.0, 1063.0, 1663.0, 1846.0, 1956.0, 2175.0, 3304.0, 4438.0, 4495.0, 4599.0, 4831.0, 7268.0, 7453.0, 7545.0, 7728.0, 7730.0, 8366.0, 8458.0, 10346.0, 10732.0, 22809.0, 25939.0, 55897.0, 80174.0, 83659.0, 84062.0, 84688.0, 84790.0, 84948.0, 123036.0, 128553.0, 196446.0, 317781.0, 642819.0 
GO:0005829 CC 2.85e-06  42/256  4679/16052 D02 cytosol                                  567.0, 875.0, 1063.0, 2324.0, 3304.0, 3434.0, 3437.0, 4261.0, 4542.0, 4599.0, 4831.0, 5136.0, 5865.0, 7453.0, 7728.0, 8458.0, 9332.0, 9639.0, 9945.0, 10233.0, 10346.0, 10588.0, 22809.0, 25759.0, 27141.0, 50650.0, 54809.0, 55008.0, 55612.0, 57674.0, 79792.0, 81031.0, 81848.0, 84062.0, 84688.0, 92749.0, 95681.0, 122481.0, 253558.0, 474344.0, 641371.0, 100137049.0 
GO:0005654 CC 3.74e-06  27/256  3490/16052 D02 nucleoplasm                              1063.0, 1663.0, 1846.0, 2175.0, 2324.0, 3304.0, 3566.0, 4261.0, 5822.0, 6119.0, 7268.0, 7545.0, 8366.0, 9284.0, 10102.0, 10346.0, 10739.0, 22809.0, 25939.0, 55008.0, 79792.0, 80174.0, 84321.0, 84688.0, 256309.0, 389333.0, 440348.0 
GO:0042605 MF 4.99e-07   6/256    20/16052 D04 peptide antigen binding                  3105.0, 3106.0, 3115.0, 3119.0, 6891.0, 11136.0 
GO:0023026 MF 1.25e-06   6/256    23/16052 D04 MHC class II protein complex binding     567.0, 920.0, 972.0, 3108.0, 3115.0, 3119.0 
GO:0005515 MF 1.66e-07 124/256 10327/16052 D02 protein binding                          40.0, 94.0, 364.0, 567.0, 714.0, 875.0, 920.0, 972.0, 1063.0, 1164.0, 1271.0, 1524.0, 1663.0, 1846.0, 1956.0, 2175.0, 2264.0, 2324.0, 2537.0, 2878.0, 3075.0, 3105.0, 3106.0, 3108.0, 3115.0, 3119.0, 3304.0, 3429.0, 3434.0, 3437.0, 3566.0, 3691.0, 3815.0, 3818.0, 3824.0, 4261.0, 4438.0, 4495.0, 4542.0, 4599.0, 4831.0, 4988.0, 5865.0, 6119.0, 6462.0, 6608.0, 6891.0, 7268.0, 7453.0, 7466.0, 7545.0, 7728.0, 7730.0, 8366.0, 8372.0, 8458.0, 8857.0, 8972.0, 9317.0, 9332.0, 9639.0, 9899.0, 9945.0, 10102.0, 10233.0, 10333.0, 10346.0, 11118.0, 11136.0, 11147.0, 11250.0, 22809.0, 25759.0, 25939.0, 26034.0, 27141.0, 29948.0, 50650.0, 51409.0, 54429.0, 54809.0, 54929.0, 54947.0, 55278.0, 55897.0, 56111.0, 56963.0, 57194.0, 64115.0, 79651.0, 79792.0, 80129.0, 80174.0, 81848.0, 83450.0, 83659.0, 84062.0, 84688.0, 84790.0, 89790.0, 91653.0, 95681.0, 112609.0, 117166.0, 128553.0, 145957.0, 158787.0, 162333.0, 163702.0, 164781.0, 167838.0, 200132.0, 204219.0, 206358.0, 219833.0, 221395.0, 253558.0, 255631.0, 256309.0, 283726.0, 341019.0, 341640.0, 548596.0, 729830.0 
