GO:0016567 BP 6.50e-07  16/219   471/29107 D09 protein ubiquitination                   331.0, 373.0, 7320.0, 8453.0, 8916.0, 9655.0, 9867.0, 11059.0, 54765.0, 54778.0, 55632.0, 56995.0, 57531.0, 79269.0, 79872.0, 80124.0 
GO:0042147 BP 1.46e-06   7/219    74/29107 D06 retrograde transport, endosome to Golgi  400.0, 1213.0, 5870.0, 6643.0, 9559.0, 51699.0, 84910.0 
GO:0006413 BP 1.81e-06   6/219    49/29107 D03 translational initiation                 1964.0, 1977.0, 8667.0, 10289.0, 10480.0, 83939.0 
GO:0051028 BP 1.49e-05   6/219    70/29107 D08 mRNA transport                           3800.0, 10128.0, 56648.0, 59343.0, 81929.0, 220988.0 
GO:0016020 CC 1.43e-06  41/219  2120/29107 D02 membrane                                 488.0, 805.0, 1213.0, 1653.0, 1740.0, 2182.0, 3939.0, 4436.0, 4673.0, 5494.0, 5515.0, 5718.0, 5870.0, 6643.0, 8667.0, 9107.0, 9474.0, 9665.0, 9926.0, 10096.0, 10097.0, 10128.0, 10294.0, 10424.0, 11231.0, 23196.0, 26052.0, 26986.0, 51382.0, 51719.0, 54940.0, 55500.0, 55745.0, 55754.0, 55907.0, 84230.0, 84910.0, 84945.0, 92906.0, 115294.0, 121457.0 
GO:0005634 CC 1.69e-06  82/219  5368/29107 D05 nucleus                                  331.0, 373.0, 805.0, 892.0, 1479.0, 1653.0, 1977.0, 2005.0, 2551.0, 3066.0, 3184.0, 3419.0, 3939.0, 4436.0, 4673.0, 4857.0, 5128.0, 5203.0, 5494.0, 5500.0, 5515.0, 5567.0, 5813.0, 5862.0, 5929.0, 6416.0, 7073.0, 7320.0, 7321.0, 7528.0, 8650.0, 8726.0, 8731.0, 9097.0, 9910.0, 9958.0, 10096.0, 10097.0, 10128.0, 10231.0, 10285.0, 10910.0, 10983.0, 11059.0, 23047.0, 23196.0, 25852.0, 26986.0, 27430.0, 29978.0, 50804.0, 50810.0, 51028.0, 51096.0, 51123.0, 51322.0, 51377.0, 51566.0, 51646.0, 54583.0, 54726.0, 54778.0, 55122.0, 55632.0, 55854.0, 55907.0, 57531.0, 59343.0, 80124.0, 80232.0, 80853.0, 83860.0, 84792.0, 89890.0, 92906.0, 135112.0, 149420.0, 162239.0, 220988.0, 254065.0, 283742.0, 339287.0 
GO:0005829 CC 2.33e-06  86/219  5295/29107 D02 cytosol                                  331.0, 400.0, 1213.0, 1540.0, 1653.0, 1740.0, 1964.0, 1977.0, 2005.0, 2957.0, 3184.0, 3251.0, 3267.0, 3939.0, 5048.0, 5110.0, 5203.0, 5494.0, 5500.0, 5515.0, 5567.0, 5718.0, 5862.0, 5870.0, 6416.0, 6643.0, 7321.0, 8453.0, 8667.0, 8726.0, 8766.0, 8916.0, 9097.0, 9107.0, 9474.0, 9559.0, 9655.0, 9958.0, 10096.0, 10097.0, 10294.0, 10480.0, 10910.0, 11059.0, 11216.0, 22920.0, 23047.0, 23173.0, 23196.0, 23301.0, 25852.0, 26986.0, 27430.0, 28962.0, 29978.0, 50810.0, 51028.0, 51377.0, 51382.0, 51566.0, 51699.0, 51719.0, 54583.0, 54726.0, 54778.0, 55175.0, 55347.0, 55500.0, 55632.0, 55703.0, 55745.0, 55854.0, 56648.0, 56995.0, 57542.0, 59343.0, 60496.0, 60592.0, 63939.0, 79872.0, 80232.0, 81929.0, 84910.0, 89890.0, 92400.0, 253943.0 
GO:0005737 CC 2.82e-06  70/219  4681/29107 D02 cytoplasm                                331.0, 373.0, 400.0, 805.0, 1653.0, 1964.0, 1977.0, 2182.0, 3066.0, 3251.0, 4673.0, 4857.0, 5110.0, 5128.0, 5203.0, 5500.0, 5634.0, 5718.0, 6643.0, 7073.0, 7320.0, 7321.0, 7528.0, 8650.0, 9107.0, 9217.0, 9474.0, 9665.0, 9867.0, 9926.0, 9958.0, 10096.0, 10097.0, 10231.0, 10285.0, 10983.0, 11034.0, 11059.0, 22911.0, 23173.0, 23507.0, 23760.0, 25778.0, 25852.0, 26052.0, 26986.0, 29978.0, 50804.0, 51123.0, 51377.0, 54462.0, 54583.0, 54765.0, 54778.0, 55255.0, 56995.0, 57531.0, 79834.0, 79872.0, 80124.0, 80232.0, 83939.0, 84230.0, 89890.0, 92345.0, 115294.0, 127253.0, 220988.0, 253943.0, 283742.0 
GO:0005654 CC 4.13e-06  55/219  3805/29107 D02 nucleoplasm                              331.0, 892.0, 1479.0, 1653.0, 1810.0, 2005.0, 2551.0, 2957.0, 3066.0, 3184.0, 4436.0, 4857.0, 5494.0, 5500.0, 5567.0, 5718.0, 5929.0, 7073.0, 7320.0, 7321.0, 7528.0, 8453.0, 8726.0, 8731.0, 9194.0, 10128.0, 10285.0, 11017.0, 23047.0, 23301.0, 25852.0, 50810.0, 51095.0, 51096.0, 51322.0, 51377.0, 54778.0, 55122.0, 55703.0, 55907.0, 59343.0, 60592.0, 63939.0, 79269.0, 80232.0, 80853.0, 83860.0, 92345.0, 92400.0, 121536.0, 149420.0, 220988.0, 283742.0, 284697.0, 339287.0 
GO:0005794 CC 6.20e-06  22/219   988/29107 D05 Golgi apparatus                          400.0, 5862.0, 5870.0, 8766.0, 9217.0, 9665.0, 9910.0, 10447.0, 22908.0, 22920.0, 23760.0, 26052.0, 51062.0, 54940.0, 55632.0, 55754.0, 60592.0, 80762.0, 84272.0, 84910.0, 85465.0, 116442.0 
GO:0000151 CC 1.93e-05   7/219   109/29107 D04 ubiquitin ligase complex                 7321.0, 10910.0, 11059.0, 25852.0, 51646.0, 79872.0, 80232.0 
GO:0035098 CC 3.41e-05   3/219     9/29107 D06 ESC/E(Z) complex                         3066.0, 8726.0, 121536.0 
GO:0005789 CC 5.13e-05  20/219   973/29107 D04 endoplasmic reticulum membrane           488.0, 2182.0, 5862.0, 5870.0, 9217.0, 9867.0, 9926.0, 22908.0, 23507.0, 23760.0, 51062.0, 51141.0, 56648.0, 60559.0, 84230.0, 85465.0, 121457.0, 154807.0, 201562.0, 258010.0 
GO:0030904 CC 8.79e-05   3/219    12/29107 D03 retromer complex                         6643.0, 9559.0, 51699.0 
GO:0032839 CC 1.08e-04   4/219    33/29107 D06 dendrite cytoplasm                       3800.0, 5813.0, 6416.0, 84945.0 
GO:0005783 CC 1.26e-04  20/219  1040/29107 D05 endoplasmic reticulum                    488.0, 2182.0, 7905.0, 9107.0, 9217.0, 9926.0, 10424.0, 11231.0, 22908.0, 22920.0, 51062.0, 51141.0, 55754.0, 57531.0, 60559.0, 80762.0, 84272.0, 121457.0, 154807.0, 201562.0 
GO:0070062 CC 1.31e-04  33/219  2169/29107 D06 extracellular exosome                    1213.0, 1977.0, 2182.0, 3251.0, 3939.0, 5048.0, 5110.0, 5412.0, 5500.0, 5515.0, 5567.0, 5718.0, 5862.0, 5870.0, 8667.0, 8766.0, 8803.0, 9097.0, 10096.0, 10097.0, 10294.0, 10447.0, 11034.0, 11059.0, 26052.0, 26986.0, 27430.0, 51028.0, 51382.0, 51719.0, 54622.0, 60496.0, 258010.0 
GO:1990904 CC 1.66e-04   7/219   153/29107 D02 ribonucleoprotein complex                1653.0, 3184.0, 7073.0, 10128.0, 26986.0, 50804.0, 220988.0 
GO:0030479 CC 1.79e-04   3/219    15/29107 D03 actin cortical patch                     10096.0, 10097.0, 11034.0 
GO:0016282 CC 2.64e-04   3/219    17/29107 D04 eukaryotic 43S preinitiation complex     8667.0, 10289.0, 10480.0 
GO:0010494 CC 2.76e-04   5/219    76/29107 D07 cytoplasmic stress granule               1653.0, 1977.0, 7073.0, 26986.0, 253943.0 
GO:0030906 CC 3.35e-04   2/219     4/29107 D03 retromer, cargo-selective complex        9559.0, 51699.0 
GO:0005768 CC 4.24e-04   9/219   295/29107 D07 endosome                                 1213.0, 6643.0, 8766.0, 9559.0, 23301.0, 51028.0, 51699.0, 54940.0, 60592.0 
GO:0000139 CC 5.46e-04  13/219   587/29107 D05 Golgi membrane                           373.0, 5862.0, 5870.0, 9867.0, 22908.0, 23760.0, 51062.0, 57531.0, 60592.0, 80762.0, 84910.0, 116442.0, 258010.0 
GO:0005615 CC 3.95e-04   2/219  1693/29107 D02 extracellular space                      10447.0, 83939.0 
GO:0004842 MF 1.98e-07  12/219   230/29107 D04 ubiquitin-protein transferase activity   331.0, 373.0, 7320.0, 7321.0, 8453.0, 8916.0, 9867.0, 11059.0, 55632.0, 57531.0, 57542.0, 79872.0 
GO:0003723 MF 6.80e-07  34/219  1388/29107 D04 RNA binding                              1213.0, 1479.0, 1653.0, 1964.0, 1977.0, 3066.0, 3184.0, 3267.0, 4673.0, 4857.0, 5813.0, 7073.0, 7528.0, 8667.0, 8731.0, 10128.0, 10285.0, 10289.0, 11231.0, 23196.0, 26986.0, 28977.0, 50804.0, 51096.0, 51377.0, 54726.0, 55854.0, 85865.0, 92345.0, 92400.0, 92906.0, 220988.0, 253943.0, 283742.0 
GO:0003743 MF 2.30e-06   6/219    51/29107 D06 translation initiation factor activity   1964.0, 1977.0, 8667.0, 10289.0, 10480.0, 83939.0 
GO:0005515 MF 3.65e-06 171/219 12418/29107 D02 protein binding                          331.0, 373.0, 400.0, 488.0, 805.0, 892.0, 1213.0, 1479.0, 1540.0, 1653.0, 1737.0, 1740.0, 1810.0, 1964.0, 1977.0, 2005.0, 2551.0, 2957.0, 3066.0, 3184.0, 3251.0, 3267.0, 3419.0, 3800.0, 3939.0, 4436.0, 4673.0, 4719.0, 4857.0, 5048.0, 5110.0, 5128.0, 5203.0, 5412.0, 5494.0, 5500.0, 5515.0, 5567.0, 5634.0, 5718.0, 5813.0, 5862.0, 5870.0, 5929.0, 6391.0, 6416.0, 6643.0, 7320.0, 7321.0, 7528.0, 7905.0, 8453.0, 8650.0, 8667.0, 8726.0, 8731.0, 8766.0, 8803.0, 9097.0, 9107.0, 9194.0, 9217.0, 9474.0, 9559.0, 9655.0, 9665.0, 9867.0, 9958.0, 10096.0, 10097.0, 10128.0, 10285.0, 10289.0, 10294.0, 10424.0, 10447.0, 10480.0, 10910.0, 10983.0, 11017.0, 11034.0, 11059.0, 11216.0, 11231.0, 22908.0, 22911.0, 22920.0, 23047.0, 23173.0, 23507.0, 23760.0, 25852.0, 26052.0, 26986.0, 27430.0, 28962.0, 29978.0, 51028.0, 51062.0, 51101.0, 51141.0, 51322.0, 51377.0, 51382.0, 51566.0, 51646.0, 51699.0, 51719.0, 53616.0, 54583.0, 54622.0, 54726.0, 54765.0, 54778.0, 54940.0, 55122.0, 55175.0, 55255.0, 55322.0, 55500.0, 55529.0, 55632.0, 55754.0, 55854.0, 56648.0, 57148.0, 57531.0, 57542.0, 59343.0, 60496.0, 60559.0, 60592.0, 63939.0, 79269.0, 79624.0, 79699.0, 79834.0, 79872.0, 80232.0, 80762.0, 81929.0, 83860.0, 83939.0, 84230.0, 84272.0, 84312.0, 84792.0, 84869.0, 85865.0, 89890.0, 90624.0, 91137.0, 92345.0, 92906.0, 115294.0, 116442.0, 121457.0, 127253.0, 134553.0, 135112.0, 149420.0, 154807.0, 157769.0, 162239.0, 201562.0, 220988.0, 253943.0, 258010.0, 283742.0, 339287.0, 647087.0 
GO:0000287 MF 4.70e-05   9/219   220/29107 D05 magnesium ion binding                    3251.0, 3419.0, 4436.0, 5494.0, 5567.0, 5634.0, 8803.0, 60496.0, 85865.0 
