GO:0015031 BP 2.88e-07  18/306   357/29107 D05 protein transport                        1130.0, 9818.0, 10015.0, 10466.0, 10565.0, 11127.0, 23033.0, 23165.0, 23317.0, 23355.0, 51534.0, 51594.0, 51808.0, 53353.0, 54497.0, 55153.0, 55610.0, 57511.0 
GO:0006355 BP 3.58e-07  21/306   495/29107 D09 regulation of transcription, DNA-templated 546.0, 7587.0, 7697.0, 7741.0, 9988.0, 10772.0, 11143.0, 27107.0, 51022.0, 54386.0, 54811.0, 54904.0, 55206.0, 55749.0, 56946.0, 64324.0, 65056.0, 79101.0, 90321.0, 221037.0, 253461.0 
GO:0006974 BP 3.95e-07  15/306   246/29107 D04 cellular response to DNA damage stimulus 472.0, 1106.0, 5591.0, 5930.0, 7158.0, 7189.0, 8450.0, 9320.0, 9923.0, 10111.0, 10210.0, 22890.0, 79677.0, 84250.0, 253461.0 
GO:0071596 BP 1.15e-06   3/306     3/29107 D10 ubiquitin-dependent protein catabolic process via the N-end rule pathway 23304.0, 130507.0, 197131.0 
GO:0006357 BP 1.49e-06  45/306  1600/29107 D10 regulation of transcription by RNA polymerase II 905.0, 1106.0, 5926.0, 7587.0, 7690.0, 7697.0, 7741.0, 8473.0, 9611.0, 9923.0, 9988.0, 10001.0, 10168.0, 11168.0, 22835.0, 22869.0, 22890.0, 23013.0, 26122.0, 27107.0, 51105.0, 54014.0, 54811.0, 55250.0, 57209.0, 79776.0, 79809.0, 90317.0, 91664.0, 133746.0, 147686.0, 147923.0, 153222.0, 158431.0, 163081.0, 170958.0, 170960.0, 221037.0, 284370.0, 284371.0, 284443.0, 390927.0, 100289635.0, 100381270.0, 110354863.0 
GO:0045944 BP 2.37e-06  30/306  1106/29107 D11 positive regulation of transcription by RNA polymerase II 472.0, 546.0, 905.0, 4297.0, 5591.0, 5926.0, 6041.0, 7158.0, 7189.0, 8028.0, 8473.0, 9774.0, 9988.0, 10001.0, 10168.0, 11143.0, 26036.0, 54454.0, 58508.0, 65981.0, 84455.0, 91664.0, 153222.0, 158431.0, 170960.0, 253461.0, 284370.0, 284371.0, 284443.0, 110354863.0 
GO:0032508 BP 6.72e-06   7/306    67/29107 D08 DNA duplex unwinding                     546.0, 1106.0, 1763.0, 10111.0, 10973.0, 56916.0, 80205.0 
GO:0016607 CC 4.38e-07  19/306   411/29107 D03 nuclear speck                            2961.0, 4301.0, 5930.0, 8899.0, 9320.0, 9774.0, 9984.0, 10210.0, 10772.0, 10973.0, 25957.0, 27332.0, 49855.0, 51747.0, 55671.0, 56252.0, 57703.0, 79677.0, 79882.0 
GO:0000781 CC 1.12e-06  11/306   160/29107 D03 chromosome, telomeric region             472.0, 546.0, 1763.0, 5591.0, 6741.0, 7158.0, 9984.0, 10111.0, 54386.0, 79677.0, 80351.0 
GO:0016020 CC 1.18e-06  51/306  2120/29107 D02 membrane                                 164.0, 987.0, 1130.0, 1982.0, 3672.0, 3843.0, 4076.0, 4763.0, 5194.0, 5289.0, 5591.0, 5903.0, 7248.0, 8239.0, 8615.0, 8925.0, 9583.0, 9611.0, 9693.0, 10001.0, 10015.0, 10111.0, 10198.0, 10299.0, 10396.0, 10466.0, 10973.0, 22803.0, 22862.0, 23165.0, 23195.0, 23215.0, 23317.0, 23499.0, 23592.0, 26057.0, 26750.0, 51430.0, 51594.0, 54431.0, 54464.0, 54497.0, 55288.0, 55610.0, 64924.0, 65065.0, 79139.0, 80267.0, 83752.0, 84162.0, 129285.0 
GO:0005730 CC 1.22e-06  33/306  1187/29107 D05 nucleolus                                472.0, 3717.0, 3843.0, 4763.0, 5591.0, 5927.0, 5930.0, 7150.0, 7756.0, 9585.0, 10565.0, 22803.0, 23195.0, 23318.0, 23512.0, 27000.0, 27107.0, 29896.0, 51010.0, 54014.0, 54737.0, 55035.0, 55153.0, 64924.0, 79101.0, 79882.0, 80204.0, 84456.0, 96764.0, 134218.0, 134430.0, 205564.0, 100381270.0 
GO:0005654 CC 2.17e-06 118/306  3805/29107 D02 nucleoplasm                              472.0, 546.0, 905.0, 1763.0, 2961.0, 3717.0, 3841.0, 4048.0, 4297.0, 4301.0, 5591.0, 5903.0, 5926.0, 5927.0, 7150.0, 7158.0, 7690.0, 7741.0, 7756.0, 8028.0, 8450.0, 8454.0, 8473.0, 8732.0, 9320.0, 9585.0, 9611.0, 9774.0, 9877.0, 9984.0, 9988.0, 10001.0, 10111.0, 10210.0, 10274.0, 10466.0, 10565.0, 10762.0, 10772.0, 10973.0, 11143.0, 11168.0, 22803.0, 22890.0, 23013.0, 23049.0, 23112.0, 23195.0, 23244.0, 23358.0, 23512.0, 25896.0, 25957.0, 26057.0, 26512.0, 27000.0, 27107.0, 27125.0, 27332.0, 29896.0, 29979.0, 49855.0, 51010.0, 51022.0, 51194.0, 51455.0, 51534.0, 51747.0, 51762.0, 51808.0, 54014.0, 54386.0, 54454.0, 54468.0, 54737.0, 54904.0, 54906.0, 55082.0, 55102.0, 55153.0, 55250.0, 55591.0, 55623.0, 55656.0, 55671.0, 55749.0, 55781.0, 56252.0, 56916.0, 56946.0, 57703.0, 57708.0, 58508.0, 64324.0, 64795.0, 64924.0, 65981.0, 79048.0, 79101.0, 79670.0, 79677.0, 80204.0, 80205.0, 84196.0, 84250.0, 84456.0, 84955.0, 85313.0, 96764.0, 115426.0, 123169.0, 133746.0, 134430.0, 147923.0, 153222.0, 205564.0, 221037.0, 253461.0 
GO:0048471 CC 2.33e-06  23/306   713/29107 D02 perinuclear region of cytoplasm          164.0, 905.0, 4216.0, 4430.0, 5922.0, 7189.0, 7248.0, 8615.0, 9585.0, 9693.0, 9748.0, 10565.0, 11276.0, 22872.0, 26019.0, 29979.0, 51762.0, 54497.0, 55749.0, 57724.0, 80351.0, 81573.0, 200576.0 
GO:0005829 CC 3.16e-06 124/306  5295/29107 D02 cytosol                                  164.0, 472.0, 905.0, 987.0, 1130.0, 1982.0, 2961.0, 3717.0, 3841.0, 4048.0, 4076.0, 4297.0, 4301.0, 4763.0, 4898.0, 5194.0, 5289.0, 5591.0, 5903.0, 5921.0, 5922.0, 5926.0, 5930.0, 6041.0, 6120.0, 7189.0, 7248.0, 7741.0, 7750.0, 8028.0, 8239.0, 8450.0, 8454.0, 8473.0, 8615.0, 8672.0, 8887.0, 8925.0, 9320.0, 9585.0, 9611.0, 9693.0, 9748.0, 9847.0, 9988.0, 10015.0, 10142.0, 10274.0, 10466.0, 10565.0, 10772.0, 10973.0, 11127.0, 11143.0, 11168.0, 11329.0, 22862.0, 22872.0, 22930.0, 23033.0, 23049.0, 23112.0, 23165.0, 23172.0, 23195.0, 23215.0, 23244.0, 23304.0, 23317.0, 23318.0, 23358.0, 23473.0, 23708.0, 25782.0, 25957.0, 26019.0, 26127.0, 27000.0, 29979.0, 49855.0, 51010.0, 51194.0, 51534.0, 51594.0, 51808.0, 54014.0, 54386.0, 54464.0, 54468.0, 54497.0, 54737.0, 54906.0, 55082.0, 55250.0, 55591.0, 55605.0, 55671.0, 55737.0, 55781.0, 55787.0, 56252.0, 56899.0, 57703.0, 60684.0, 63892.0, 64863.0, 65056.0, 65065.0, 65981.0, 79101.0, 79670.0, 80204.0, 80205.0, 80351.0, 83752.0, 84196.0, 84955.0, 85313.0, 96764.0, 134218.0, 197131.0, 200576.0, 205564.0, 285331.0 
GO:0005634 CC 3.58e-06 141/306  5368/29107 D05 nucleus                                  472.0, 546.0, 905.0, 1106.0, 1662.0, 1763.0, 3717.0, 3841.0, 3843.0, 4048.0, 4297.0, 4763.0, 5378.0, 5591.0, 5926.0, 5927.0, 5930.0, 6741.0, 7150.0, 7158.0, 7189.0, 7248.0, 7587.0, 7697.0, 7741.0, 7756.0, 8028.0, 8239.0, 8473.0, 8690.0, 8732.0, 8899.0, 9320.0, 9585.0, 9611.0, 9774.0, 9852.0, 9923.0, 9984.0, 9988.0, 10001.0, 10168.0, 10210.0, 10274.0, 10443.0, 10464.0, 10772.0, 10973.0, 11143.0, 11168.0, 11329.0, 22803.0, 22835.0, 22869.0, 22890.0, 23013.0, 23039.0, 23049.0, 23172.0, 23195.0, 23244.0, 23304.0, 23358.0, 23473.0, 23512.0, 25896.0, 26019.0, 26036.0, 26057.0, 26512.0, 26953.0, 27000.0, 27332.0, 29896.0, 51010.0, 51022.0, 51747.0, 51808.0, 54014.0, 54386.0, 54454.0, 54464.0, 54737.0, 54811.0, 54904.0, 55196.0, 55206.0, 55219.0, 55749.0, 55781.0, 56252.0, 56916.0, 56986.0, 57209.0, 57703.0, 57708.0, 58508.0, 64062.0, 64324.0, 64795.0, 64863.0, 65056.0, 79677.0, 79776.0, 79882.0, 80204.0, 80351.0, 83752.0, 84162.0, 84196.0, 84250.0, 84456.0, 85313.0, 90317.0, 90321.0, 91151.0, 91664.0, 96764.0, 115426.0, 123169.0, 133746.0, 147686.0, 147923.0, 153222.0, 158431.0, 163081.0, 168850.0, 170958.0, 170960.0, 205564.0, 221302.0, 222194.0, 253461.0, 284370.0, 284371.0, 284443.0, 375748.0, 390927.0, 100289635.0, 100381270.0, 110354863.0 
GO:0005813 CC 3.85e-06  19/306   528/29107 D03 centrosome                               472.0, 5930.0, 9585.0, 9786.0, 10142.0, 10464.0, 11127.0, 22852.0, 22890.0, 23172.0, 23473.0, 50618.0, 51808.0, 65981.0, 84250.0, 123169.0, 205564.0, 285331.0, 375748.0 
GO:0005643 CC 5.77e-05   6/306    64/29107 D03 nuclear pore                             3843.0, 5903.0, 9818.0, 10762.0, 23039.0, 23165.0 
GO:0044322 CC 1.27e-04   4/306    25/29107 D02 endoplasmic reticulum quality control compartment 10299.0, 56886.0, 79139.0, 80267.0 
GO:0000151 CC 1.58e-04   7/306   109/29107 D04 ubiquitin ligase complex                 10001.0, 10210.0, 23304.0, 64795.0, 80204.0, 130507.0, 197131.0 
GO:0031965 CC 1.94e-04  10/306   233/29107 D04 nuclear membrane                         5903.0, 9818.0, 10762.0, 22890.0, 23165.0, 23592.0, 26057.0, 27000.0, 55219.0, 55787.0 
GO:0017053 CC 2.58e-04   5/306    54/29107 D03 transcription repressor complex          5926.0, 9611.0, 10443.0, 23013.0, 57708.0 
GO:0005694 CC 2.64e-04   9/306   198/29107 D05 chromosome                               5930.0, 8899.0, 10274.0, 11143.0, 23244.0, 25896.0, 55035.0, 80204.0, 253461.0 
GO:0005576 CC 1.33e-06   1/306  1854/29107 D02 extracellular region                     4048.0 
GO:0042393 MF 2.12e-07  14/306   166/29107 D03 histone binding                          546.0, 1106.0, 3717.0, 5927.0, 7158.0, 8028.0, 11143.0, 27000.0, 54454.0, 55196.0, 55206.0, 58508.0, 84456.0, 115426.0 
GO:0003677 MF 5.86e-07  30/306   921/29107 D04 DNA binding                              472.0, 546.0, 1106.0, 1763.0, 2961.0, 5378.0, 5926.0, 5927.0, 7150.0, 7756.0, 8028.0, 8690.0, 9774.0, 9984.0, 10001.0, 10111.0, 10142.0, 10210.0, 23013.0, 51747.0, 56916.0, 58508.0, 65056.0, 79101.0, 80205.0, 90321.0, 91151.0, 115426.0, 168850.0, 375748.0 
GO:0003723 MF 9.21e-07  61/306  1388/29107 D04 RNA binding                              1106.0, 1662.0, 1763.0, 1982.0, 2961.0, 3843.0, 4048.0, 4076.0, 5591.0, 5903.0, 5930.0, 6041.0, 6741.0, 7150.0, 7756.0, 8615.0, 8672.0, 8899.0, 9774.0, 9877.0, 9984.0, 10772.0, 10973.0, 11168.0, 22803.0, 22862.0, 22868.0, 23013.0, 23049.0, 23112.0, 23215.0, 23318.0, 23499.0, 23708.0, 25957.0, 26019.0, 26057.0, 27000.0, 27332.0, 29896.0, 51010.0, 51747.0, 51808.0, 54464.0, 55035.0, 55623.0, 55749.0, 56252.0, 57703.0, 58508.0, 64062.0, 65056.0, 65117.0, 65981.0, 79048.0, 79670.0, 79675.0, 79882.0, 85313.0, 134218.0, 134430.0 
GO:0016887 MF 1.20e-06  15/306   270/29107 D07 ATP hydrolysis activity                  546.0, 1106.0, 1662.0, 1763.0, 5378.0, 9585.0, 10396.0, 10973.0, 11127.0, 54454.0, 55605.0, 56916.0, 80205.0, 166378.0, 286410.0 
GO:0061608 MF 1.69e-06   5/306    20/29107 D04 nuclear import signal receptor activity  3841.0, 3843.0, 23534.0, 26953.0, 51194.0 
GO:0046872 MF 1.90e-06  69/306  2297/29107 D04 metal ion binding                        546.0, 1763.0, 3672.0, 3717.0, 4216.0, 4594.0, 4898.0, 5903.0, 5922.0, 6041.0, 6120.0, 7587.0, 7690.0, 7697.0, 7741.0, 7756.0, 8028.0, 8887.0, 9877.0, 9923.0, 10111.0, 10168.0, 10210.0, 22803.0, 22835.0, 22869.0, 22890.0, 23049.0, 23355.0, 23512.0, 26036.0, 27107.0, 51022.0, 51105.0, 51455.0, 54811.0, 54822.0, 54904.0, 55781.0, 57209.0, 58508.0, 64062.0, 64795.0, 65981.0, 79596.0, 79882.0, 80351.0, 90317.0, 90321.0, 91664.0, 115426.0, 147686.0, 147923.0, 158431.0, 163081.0, 168850.0, 170958.0, 170960.0, 221037.0, 221302.0, 222194.0, 253461.0, 284370.0, 284371.0, 284443.0, 390927.0, 100289635.0, 100381270.0, 110354863.0 
GO:0005524 MF 2.08e-06  37/306  1458/29107 D08 ATP binding                              472.0, 546.0, 1106.0, 1662.0, 1763.0, 3717.0, 4216.0, 4430.0, 5289.0, 5378.0, 5591.0, 6041.0, 7150.0, 8732.0, 8899.0, 9585.0, 9748.0, 10111.0, 10396.0, 10973.0, 11127.0, 11329.0, 23049.0, 23195.0, 26750.0, 54454.0, 54822.0, 55605.0, 55781.0, 56916.0, 79677.0, 80205.0, 83752.0, 166378.0, 200576.0, 286410.0, 375748.0 
GO:0000978 MF 2.96e-06  31/306  1178/29107 D09 RNA polymerase II cis-regulatory region sequence-specific DNA binding 1106.0, 7150.0, 7587.0, 7690.0, 7697.0, 7741.0, 9923.0, 9988.0, 10168.0, 22835.0, 22890.0, 27107.0, 54811.0, 55749.0, 64324.0, 79776.0, 90317.0, 91664.0, 147686.0, 147923.0, 158431.0, 163081.0, 170958.0, 170960.0, 253461.0, 284370.0, 284371.0, 284443.0, 390927.0, 100289635.0, 110354863.0 
GO:0005515 MF 3.92e-06 219/306 12418/29107 D02 protein binding                          164.0, 472.0, 546.0, 905.0, 1106.0, 1130.0, 1763.0, 1982.0, 2961.0, 3454.0, 3672.0, 3717.0, 3841.0, 3843.0, 4048.0, 4076.0, 4216.0, 4297.0, 4301.0, 4430.0, 4594.0, 4763.0, 4898.0, 5194.0, 5289.0, 5378.0, 5591.0, 5903.0, 5921.0, 5927.0, 5930.0, 6041.0, 6120.0, 6741.0, 7150.0, 7158.0, 7189.0, 7248.0, 7697.0, 7741.0, 7750.0, 7756.0, 8028.0, 8239.0, 8450.0, 8454.0, 8473.0, 8615.0, 8732.0, 8887.0, 8899.0, 9320.0, 9585.0, 9611.0, 9693.0, 9748.0, 9774.0, 9818.0, 9852.0, 9877.0, 9923.0, 9984.0, 10001.0, 10015.0, 10052.0, 10111.0, 10142.0, 10210.0, 10274.0, 10299.0, 10396.0, 10443.0, 10464.0, 10466.0, 10565.0, 10762.0, 10772.0, 10973.0, 11127.0, 11143.0, 11168.0, 11276.0, 11329.0, 22803.0, 22852.0, 22868.0, 22872.0, 22890.0, 22930.0, 23013.0, 23039.0, 23049.0, 23112.0, 23165.0, 23172.0, 23195.0, 23244.0, 23304.0, 23317.0, 23318.0, 23355.0, 23358.0, 23443.0, 23473.0, 23499.0, 23512.0, 23534.0, 23592.0, 23708.0, 25782.0, 25896.0, 26019.0, 26036.0, 26057.0, 26127.0, 26512.0, 26750.0, 26953.0, 27000.0, 27125.0, 27291.0, 29896.0, 29979.0, 49855.0, 50618.0, 51010.0, 51022.0, 51105.0, 51194.0, 51455.0, 51534.0, 51747.0, 51762.0, 51808.0, 53353.0, 54386.0, 54431.0, 54464.0, 54468.0, 54495.0, 54497.0, 54737.0, 54904.0, 54906.0, 55015.0, 55035.0, 55068.0, 55082.0, 55196.0, 55219.0, 55285.0, 55288.0, 55605.0, 55610.0, 55623.0, 55656.0, 55737.0, 55749.0, 55781.0, 56252.0, 56886.0, 56916.0, 56946.0, 57209.0, 57511.0, 57703.0, 57708.0, 57724.0, 58508.0, 60684.0, 63892.0, 64062.0, 64324.0, 64795.0, 65056.0, 65117.0, 65981.0, 79048.0, 79101.0, 79139.0, 79596.0, 79670.0, 79675.0, 79677.0, 79809.0, 79882.0, 80204.0, 80351.0, 81573.0, 83752.0, 83992.0, 84162.0, 84196.0, 84250.0, 84456.0, 84955.0, 85313.0, 90321.0, 91151.0, 96764.0, 115426.0, 123169.0, 133746.0, 134218.0, 143884.0, 147686.0, 147923.0, 153222.0, 160418.0, 163081.0, 197131.0, 200576.0, 205564.0, 221037.0, 221302.0, 253461.0, 285331.0, 286410.0, 375748.0 
GO:0004842 MF 6.55e-06  12/306   230/29107 D04 ubiquitin-protein transferase activity   5930.0, 7189.0, 8450.0, 8454.0, 8925.0, 10210.0, 10299.0, 64795.0, 79596.0, 80204.0, 115426.0, 130507.0 
GO:0003678 MF 9.61e-06   6/306    47/29107 D05 DNA helicase activity                    546.0, 1106.0, 1763.0, 10111.0, 56916.0, 80205.0 
GO:0070615 MF 1.98e-05   5/306    32/29107 D02 nucleosome-dependent ATPase activity     546.0, 1106.0, 56916.0, 80205.0, 375748.0 
GO:0031267 MF 2.07e-05  12/306   258/29107 D05 small GTPase binding                     164.0, 3843.0, 4301.0, 5903.0, 11127.0, 22930.0, 23039.0, 23312.0, 23534.0, 25782.0, 51194.0, 55088.0 
GO:0008270 MF 5.80e-05  22/306   814/29107 D06 zinc ion binding                         4048.0, 4297.0, 5927.0, 5930.0, 7189.0, 7750.0, 10299.0, 11143.0, 23304.0, 23318.0, 27332.0, 49855.0, 64324.0, 64924.0, 79670.0, 79776.0, 80204.0, 84456.0, 130507.0, 134218.0, 197131.0, 200576.0 
GO:0042162 MF 1.27e-04   4/306    25/29107 D06 telomeric DNA binding                    7158.0, 23049.0, 26019.0, 54386.0 
GO:0008139 MF 1.49e-04   4/306    26/29107 D05 nuclear localization sequence binding    3841.0, 3843.0, 9818.0, 26953.0 
GO:0003682 MF 1.55e-04  14/306   418/29107 D02 chromatin binding                        546.0, 905.0, 7150.0, 8028.0, 10274.0, 26057.0, 27000.0, 54454.0, 54737.0, 56916.0, 64324.0, 79596.0, 79809.0, 84456.0 
