GO:0007399 BP 1.08e-06  17/330   324/29107 D04 nervous system development               43.0, 1128.0, 1400.0, 1949.0, 3897.0, 4062.0, 5026.0, 5097.0, 5528.0, 5623.0, 8193.0, 8861.0, 9094.0, 9253.0, 23098.0, 27111.0, 51195.0 
GO:0007268 BP 5.11e-06  13/330   245/29107 D07 chemical synaptic transmission           774.0, 1128.0, 2742.0, 2902.0, 2914.0, 3351.0, 4884.0, 4923.0, 5173.0, 5582.0, 6511.0, 9094.0, 9568.0 
GO:0098978 CC 3.00e-07  19/330   332/29107 D04 glutamatergic synapse                    1128.0, 1627.0, 1759.0, 1949.0, 2185.0, 2319.0, 4884.0, 5575.0, 6714.0, 9900.0, 10458.0, 22883.0, 50632.0, 56850.0, 64101.0, 80852.0, 112476.0, 160622.0, 388662.0 
GO:0043005 CC 3.86e-07  17/330   338/29107 D04 neuron projection                        2742.0, 2902.0, 4884.0, 4987.0, 6714.0, 7054.0, 7226.0, 7732.0, 8851.0, 9568.0, 9900.0, 55361.0, 57451.0, 57576.0, 57699.0, 85300.0, 284656.0 
GO:0030425 CC 4.35e-07  26/330   422/29107 D05 dendrite                                 1128.0, 1627.0, 2002.0, 2185.0, 2644.0, 2902.0, 3351.0, 3897.0, 4135.0, 4856.0, 5173.0, 5582.0, 6543.0, 7054.0, 8851.0, 9900.0, 23098.0, 54550.0, 55361.0, 56850.0, 57451.0, 57463.0, 80852.0, 84623.0, 85300.0, 375323.0 
GO:0045211 CC 5.80e-07  11/330   139/29107 D05 postsynaptic membrane                    1627.0, 2742.0, 2902.0, 9568.0, 22883.0, 57451.0, 80852.0, 160622.0, 221955.0, 375323.0, 729956.0 
GO:0005887 CC 7.64e-07  42/330  1403/29107 D04 integral component of plasma membrane    109.0, 925.0, 1002.0, 1128.0, 1308.0, 1949.0, 2030.0, 2742.0, 2902.0, 2914.0, 3351.0, 4058.0, 4882.0, 4923.0, 4987.0, 5026.0, 5097.0, 5361.0, 5362.0, 6511.0, 6543.0, 7036.0, 7087.0, 7226.0, 9028.0, 9365.0, 9568.0, 10500.0, 22853.0, 26262.0, 50632.0, 51310.0, 55361.0, 56097.0, 57451.0, 60598.0, 81033.0, 84623.0, 164312.0, 222865.0, 284656.0, 388662.0 
GO:0016021 CC 1.54e-06  87/330  3536/29107 D03 integral component of membrane           109.0, 887.0, 955.0, 1001.0, 1534.0, 2030.0, 3897.0, 3954.0, 5740.0, 5798.0, 6545.0, 6553.0, 7732.0, 8760.0, 9143.0, 9399.0, 9718.0, 9777.0, 9823.0, 9854.0, 9900.0, 10446.0, 10904.0, 11057.0, 11068.0, 22853.0, 23646.0, 23787.0, 25789.0, 27239.0, 50632.0, 50651.0, 51172.0, 54977.0, 55321.0, 55362.0, 55654.0, 57156.0, 57463.0, 57574.0, 57863.0, 64137.0, 65989.0, 79057.0, 79137.0, 79143.0, 79369.0, 79888.0, 79939.0, 81622.0, 83636.0, 83862.0, 84243.0, 84561.0, 84623.0, 84649.0, 84866.0, 84892.0, 84894.0, 84900.0, 84929.0, 85455.0, 93109.0, 114794.0, 123099.0, 124274.0, 124925.0, 127845.0, 132014.0, 149175.0, 151056.0, 154790.0, 162427.0, 164656.0, 192111.0, 192683.0, 221955.0, 252995.0, 255275.0, 283985.0, 284439.0, 285093.0, 343702.0, 374378.0, 375323.0, 388394.0, 440435.0 
GO:0008021 CC 1.72e-06  10/330   125/29107 D09 synaptic vesicle                         1759.0, 2902.0, 7054.0, 7732.0, 9066.0, 9143.0, 9900.0, 84623.0, 112476.0, 388662.0 
GO:0030672 CC 1.97e-06   8/330    74/29107 D08 synaptic vesicle membrane                9066.0, 9143.0, 9145.0, 9900.0, 55361.0, 84937.0, 112476.0, 192683.0 
GO:0043204 CC 2.06e-06  11/330   158/29107 D02 perikaryon                               1400.0, 4923.0, 5798.0, 6543.0, 7054.0, 7226.0, 7732.0, 8851.0, 55361.0, 57463.0, 57699.0 
GO:0005886 CC 2.32e-06 111/330  4487/29107 D03 plasma membrane                          43.0, 109.0, 161.0, 774.0, 887.0, 925.0, 955.0, 1001.0, 1002.0, 1128.0, 1308.0, 1627.0, 1759.0, 1944.0, 1949.0, 2030.0, 2161.0, 2319.0, 2742.0, 2885.0, 2902.0, 2914.0, 3351.0, 3897.0, 4058.0, 4062.0, 4836.0, 4882.0, 4884.0, 4923.0, 4987.0, 5026.0, 5097.0, 5173.0, 5361.0, 5362.0, 5575.0, 5582.0, 5798.0, 6469.0, 6511.0, 6543.0, 6545.0, 6553.0, 6714.0, 7036.0, 7087.0, 7226.0, 8851.0, 8907.0, 9066.0, 9145.0, 9254.0, 9365.0, 9399.0, 9500.0, 9568.0, 9718.0, 9900.0, 10458.0, 10825.0, 23108.0, 27111.0, 27239.0, 29780.0, 51310.0, 54509.0, 54550.0, 55361.0, 55362.0, 55654.0, 56341.0, 57156.0, 57451.0, 57465.0, 57699.0, 57863.0, 60598.0, 64101.0, 64137.0, 79057.0, 79888.0, 79955.0, 80325.0, 80852.0, 81033.0, 83862.0, 84623.0, 84866.0, 84894.0, 85455.0, 112476.0, 114787.0, 116841.0, 124274.0, 124925.0, 132014.0, 136227.0, 139285.0, 151056.0, 160622.0, 164656.0, 192683.0, 205147.0, 221955.0, 252995.0, 284656.0, 343702.0, 375323.0, 440435.0, 503542.0 
GO:0014069 CC 5.58e-06  13/330   247/29107 D04 postsynaptic density                     1627.0, 2185.0, 2902.0, 5582.0, 6543.0, 6714.0, 7732.0, 8851.0, 23623.0, 80852.0, 160622.0, 400745.0, 729956.0 
GO:0031410 CC 7.42e-06  14/330   293/29107 D06 cytoplasmic vesicle                      161.0, 2319.0, 2914.0, 4943.0, 4987.0, 7036.0, 7054.0, 8907.0, 23623.0, 50632.0, 54509.0, 55245.0, 55361.0, 64137.0 
GO:0005794 CC 9.64e-06  28/330   988/29107 D05 Golgi apparatus                          43.0, 109.0, 955.0, 1759.0, 2245.0, 2885.0, 3489.0, 4923.0, 5798.0, 6469.0, 8120.0, 9777.0, 9820.0, 10458.0, 11041.0, 22853.0, 23623.0, 27111.0, 57414.0, 57451.0, 78986.0, 79888.0, 79939.0, 84243.0, 136227.0, 149175.0, 222865.0, 374378.0 
GO:0000139 CC 1.47e-05  20/330   587/29107 D05 Golgi membrane                           955.0, 5155.0, 8907.0, 9718.0, 11041.0, 22883.0, 23646.0, 25789.0, 57414.0, 57574.0, 79369.0, 79888.0, 81622.0, 84243.0, 127845.0, 149175.0, 192683.0, 222865.0, 374378.0, 401647.0 
GO:0043025 CC 1.52e-05  15/330   355/29107 D03 neuronal cell body                       2002.0, 2185.0, 3897.0, 4856.0, 5173.0, 5372.0, 5798.0, 6543.0, 8851.0, 9900.0, 10458.0, 22853.0, 55361.0, 79791.0, 124925.0 
GO:0030426 CC 2.34e-05   9/330   134/29107 D03 growth cone                              1400.0, 1627.0, 2185.0, 8851.0, 22853.0, 57451.0, 85300.0, 90060.0, 114787.0 
GO:0048471 CC 2.53e-05  22/330   713/29107 D02 perinuclear region of cytoplasm          43.0, 231.0, 2185.0, 2319.0, 4135.0, 5582.0, 6399.0, 6714.0, 7054.0, 8851.0, 9647.0, 9820.0, 10193.0, 10293.0, 22853.0, 23108.0, 57414.0, 84649.0, 85300.0, 116841.0, 124925.0, 160622.0 
GO:0043679 CC 4.09e-05   6/330    56/29107 D03 axon terminus                            1128.0, 2002.0, 5173.0, 5798.0, 6543.0, 112476.0 
GO:0045202 CC 6.88e-05  15/330   405/29107 D03 synapse                                  43.0, 774.0, 1128.0, 1759.0, 2742.0, 2902.0, 4062.0, 5798.0, 6511.0, 6543.0, 8497.0, 9094.0, 23098.0, 57451.0, 85300.0 
GO:0043197 CC 8.49e-05   9/330   158/29107 D06 dendritic spine                          2185.0, 2902.0, 4923.0, 6543.0, 8851.0, 57451.0, 64101.0, 112476.0, 124925.0 
GO:0031594 CC 1.45e-04   6/330    70/29107 D04 neuromuscular junction                   43.0, 8851.0, 9143.0, 9145.0, 9900.0, 57465.0 
GO:0098793 CC 1.56e-04   7/330   101/29107 D02 presynapse                               2030.0, 2914.0, 6543.0, 8851.0, 85300.0, 112476.0, 116841.0 
GO:0097060 CC 3.52e-04   4/330    30/29107 D04 synaptic membrane                        2902.0, 5582.0, 8508.0, 10458.0 
GO:0099056 CC 3.65e-04   5/330    54/29107 D06 integral component of presynaptic membrane 1128.0, 1949.0, 3351.0, 9066.0, 112476.0 
GO:0030659 CC 4.97e-04   7/330   122/29107 D05 cytoplasmic vesicle membrane             7226.0, 8907.0, 9718.0, 11068.0, 50632.0, 57465.0, 84501.0 
GO:0043198 CC 7.18e-04   4/330    36/29107 D02 dendritic shaft                          4923.0, 10458.0, 84623.0, 124925.0 
GO:0005515 MF 4.01e-06 214/330 12418/29107 D02 protein binding                          43.0, 161.0, 231.0, 605.0, 774.0, 887.0, 896.0, 925.0, 1128.0, 1308.0, 1400.0, 1408.0, 1534.0, 1627.0, 1759.0, 1852.0, 1944.0, 1949.0, 2002.0, 2161.0, 2185.0, 2319.0, 2644.0, 2885.0, 2902.0, 2962.0, 3049.0, 3098.0, 3351.0, 3489.0, 3897.0, 3954.0, 4058.0, 4062.0, 4135.0, 4665.0, 4798.0, 4807.0, 4836.0, 4856.0, 4882.0, 4923.0, 4943.0, 4987.0, 5092.0, 5155.0, 5164.0, 5213.0, 5362.0, 5372.0, 5526.0, 5528.0, 5575.0, 5582.0, 5646.0, 5740.0, 5798.0, 5831.0, 6399.0, 6469.0, 6714.0, 6778.0, 6904.0, 7036.0, 7054.0, 7067.0, 7087.0, 7127.0, 7260.0, 7280.0, 7732.0, 8237.0, 8497.0, 8508.0, 8711.0, 8760.0, 8851.0, 8861.0, 8907.0, 9028.0, 9066.0, 9094.0, 9143.0, 9145.0, 9203.0, 9253.0, 9399.0, 9500.0, 9568.0, 9647.0, 9695.0, 9777.0, 9806.0, 9807.0, 9820.0, 9828.0, 9854.0, 9970.0, 10193.0, 10293.0, 10322.0, 10458.0, 10825.0, 10904.0, 11040.0, 11041.0, 11068.0, 11313.0, 22853.0, 22883.0, 23098.0, 23108.0, 23168.0, 23178.0, 23326.0, 23386.0, 23552.0, 23623.0, 23646.0, 23787.0, 26267.0, 26580.0, 27042.0, 27111.0, 27239.0, 27352.0, 29780.0, 29944.0, 50632.0, 51172.0, 51310.0, 51373.0, 51517.0, 51545.0, 54550.0, 55090.0, 55245.0, 55361.0, 55734.0, 55966.0, 56341.0, 56850.0, 57222.0, 57463.0, 57465.0, 57591.0, 57732.0, 57863.0, 60680.0, 64101.0, 64137.0, 65985.0, 78986.0, 79137.0, 79143.0, 79680.0, 79791.0, 79805.0, 79939.0, 79955.0, 80325.0, 81622.0, 81932.0, 83746.0, 83862.0, 84561.0, 84623.0, 84649.0, 84866.0, 84892.0, 84894.0, 84929.0, 84937.0, 85300.0, 90060.0, 90780.0, 93611.0, 93624.0, 112476.0, 112936.0, 114824.0, 114991.0, 116841.0, 118812.0, 124402.0, 124925.0, 127845.0, 132014.0, 139285.0, 140775.0, 140901.0, 150379.0, 155382.0, 162427.0, 164312.0, 164656.0, 192111.0, 192683.0, 205147.0, 221955.0, 222865.0, 255275.0, 283165.0, 283248.0, 283985.0, 284131.0, 284439.0, 284656.0, 285093.0, 374655.0, 375323.0, 388662.0, 401647.0, 780776.0 
GO:0046875 MF 1.44e-05   5/330    28/29107 D04 ephrin receptor binding                  1944.0, 1949.0, 2885.0, 6714.0, 8851.0 
