GO:2000463 BP 4.37e-07   7/352    25/29107 D08 positive regulation of excitatory postsynaptic potential 784.0, 1742.0, 5590.0, 6804.0, 9699.0, 85358.0, 112755.0 
GO:0007612 BP 5.48e-07   8/352    59/29107 D06 learning                                 1742.0, 6310.0, 22941.0, 56924.0, 57338.0, 84502.0, 84687.0, 85358.0 
GO:0016081 BP 4.17e-06   4/352    10/29107 D07 synaptic vesicle docking                 6804.0, 8541.0, 9751.0, 112755.0 
GO:0031175 BP 1.31e-05   9/352   117/29107 D06 neuron projection development            5127.0, 5662.0, 8408.0, 50861.0, 57662.0, 84687.0, 90249.0, 92558.0, 201191.0 
GO:0006661 BP 1.87e-05   6/352    46/29107 D08 phosphatidylinositol biosynthetic process 9600.0, 10423.0, 23396.0, 27124.0, 57605.0, 83394.0 
GO:0042391 BP 2.58e-05   8/352    98/29107 D03 regulation of membrane potential         3757.0, 8912.0, 9699.0, 23416.0, 29098.0, 140730.0, 149111.0, 254263.0 
GO:0045956 BP 2.58e-05   4/352    15/29107 D10 positive regulation of calcium ion-dependent exocytosis 6804.0, 8447.0, 8911.0, 8912.0 
GO:0014069 CC 3.94e-07  25/352   247/29107 D04 postsynaptic density                     408.0, 815.0, 1742.0, 2039.0, 5064.0, 5590.0, 6804.0, 8525.0, 8536.0, 9148.0, 9762.0, 11178.0, 11346.0, 22859.0, 22941.0, 23413.0, 23542.0, 28964.0, 58512.0, 84687.0, 85358.0, 201191.0, 254263.0, 388135.0, 440073.0 
GO:0043197 CC 5.51e-07  14/352   158/29107 D06 dendritic spine                          320.0, 408.0, 613.0, 815.0, 1742.0, 5499.0, 5662.0, 9148.0, 9762.0, 11178.0, 11346.0, 22941.0, 85358.0, 254263.0 
GO:0098978 CC 7.37e-07  18/352   332/29107 D04 glutamatergic synapse                    152.0, 320.0, 613.0, 1742.0, 3265.0, 5499.0, 5590.0, 6712.0, 6804.0, 8525.0, 8536.0, 8541.0, 9256.0, 10815.0, 23413.0, 27092.0, 58512.0, 254263.0 
GO:0043005 CC 9.43e-07  18/352   338/29107 D04 neuron projection                        18.0, 815.0, 1742.0, 3780.0, 3984.0, 4771.0, 5127.0, 6804.0, 8911.0, 8912.0, 9751.0, 22859.0, 22941.0, 23400.0, 50861.0, 55964.0, 57787.0, 85358.0 
GO:0005737 CC 2.47e-06 110/352  4681/29107 D02 cytoplasm                                152.0, 320.0, 408.0, 773.0, 815.0, 1032.0, 1742.0, 2068.0, 2869.0, 2876.0, 2889.0, 3094.0, 3265.0, 3614.0, 3984.0, 4294.0, 4771.0, 4946.0, 5091.0, 5127.0, 5499.0, 5590.0, 5600.0, 6310.0, 7329.0, 7371.0, 8266.0, 8270.0, 8314.0, 8408.0, 8428.0, 8447.0, 8525.0, 9168.0, 9256.0, 9258.0, 9401.0, 9600.0, 9610.0, 9751.0, 9762.0, 9764.0, 9826.0, 9905.0, 10126.0, 10188.0, 10300.0, 10361.0, 10538.0, 10899.0, 11178.0, 11188.0, 11189.0, 23109.0, 23401.0, 23413.0, 23474.0, 23542.0, 23587.0, 23625.0, 27124.0, 29098.0, 29109.0, 29993.0, 30815.0, 50861.0, 51177.0, 51295.0, 51341.0, 51466.0, 54935.0, 54985.0, 55684.0, 56893.0, 56924.0, 57524.0, 57605.0, 57662.0, 57787.0, 64771.0, 79109.0, 79176.0, 83394.0, 83605.0, 84331.0, 84687.0, 84934.0, 90120.0, 90990.0, 92558.0, 113246.0, 114804.0, 116138.0, 116986.0, 116988.0, 127281.0, 144699.0, 146206.0, 146713.0, 153090.0, 196403.0, 201176.0, 201191.0, 252969.0, 283638.0, 339983.0, 388341.0, 440193.0, 752014.0, 100131187.0 
GO:0005829 CC 2.67e-06 124/352  5295/29107 D02 cytosol                                  271.0, 320.0, 398.0, 408.0, 613.0, 752.0, 784.0, 815.0, 1032.0, 1742.0, 1845.0, 2039.0, 2068.0, 2869.0, 2876.0, 2889.0, 2909.0, 3094.0, 3265.0, 3614.0, 3798.0, 3984.0, 4145.0, 4771.0, 4946.0, 5091.0, 5127.0, 5409.0, 5499.0, 5590.0, 5600.0, 6310.0, 6712.0, 6804.0, 6878.0, 7138.0, 7329.0, 7371.0, 8266.0, 8314.0, 8344.0, 8396.0, 8408.0, 8428.0, 8514.0, 8525.0, 8536.0, 8541.0, 8566.0, 8703.0, 9256.0, 9600.0, 9610.0, 9727.0, 9826.0, 10019.0, 10188.0, 10300.0, 10815.0, 10900.0, 11152.0, 11188.0, 11258.0, 11343.0, 11346.0, 22870.0, 22941.0, 23396.0, 23401.0, 23492.0, 23587.0, 26038.0, 27124.0, 28964.0, 29098.0, 29109.0, 29903.0, 29993.0, 30837.0, 50855.0, 50861.0, 51295.0, 51466.0, 54620.0, 54935.0, 55224.0, 55593.0, 55615.0, 55670.0, 55684.0, 55884.0, 56893.0, 56924.0, 56981.0, 57605.0, 57787.0, 64771.0, 79035.0, 79109.0, 79176.0, 79622.0, 80028.0, 80148.0, 80331.0, 83394.0, 84033.0, 85358.0, 90135.0, 91768.0, 112755.0, 116138.0, 116986.0, 125058.0, 127281.0, 140465.0, 144699.0, 145567.0, 146330.0, 150726.0, 153090.0, 201176.0, 246330.0, 440073.0, 100131187.0 
GO:0044297 CC 4.15e-05   7/352    77/29107 D02 cell body                                4771.0, 9600.0, 11178.0, 27092.0, 57605.0, 83394.0, 114804.0 
GO:0045211 CC 5.16e-05   9/352   139/29107 D05 postsynaptic membrane                    408.0, 747.0, 1742.0, 11178.0, 22941.0, 23109.0, 85358.0, 149111.0, 254263.0 
GO:0043198 CC 6.96e-05   5/352    36/29107 D02 dendritic shaft                          11178.0, 27124.0, 84502.0, 149111.0, 254263.0 
GO:0044305 CC 8.74e-05   4/352    20/29107 D04 calyx of Held                            9256.0, 10815.0, 23413.0, 28964.0 
GO:0005654 CC 1.20e-04  72/352  3805/29107 D02 nucleoplasm                              408.0, 815.0, 863.0, 1032.0, 1845.0, 2063.0, 2068.0, 3094.0, 3265.0, 5064.0, 5453.0, 5499.0, 5600.0, 6310.0, 6604.0, 6878.0, 7329.0, 8266.0, 8270.0, 8314.0, 8344.0, 8367.0, 8396.0, 8428.0, 8566.0, 9727.0, 10361.0, 10472.0, 10538.0, 11188.0, 11343.0, 23396.0, 23466.0, 23474.0, 23492.0, 23587.0, 26017.0, 26038.0, 29098.0, 29109.0, 29803.0, 29903.0, 51295.0, 51333.0, 51335.0, 54921.0, 54935.0, 54985.0, 56893.0, 56924.0, 57455.0, 57662.0, 64207.0, 64743.0, 79035.0, 79109.0, 79622.0, 79707.0, 84687.0, 84934.0, 90120.0, 91368.0, 91689.0, 92856.0, 116138.0, 116986.0, 170394.0, 196403.0, 252969.0, 440073.0, 752014.0, 113455421.0 
GO:0031234 CC 1.61e-04   6/352    67/29107 D04 extrinsic component of cytoplasmic side of plasma membrane 1742.0, 5127.0, 8514.0, 10188.0, 85358.0, 146206.0 
GO:0005886 CC 1.88e-04  81/352  4487/29107 D03 plasma membrane                          152.0, 320.0, 398.0, 408.0, 539.0, 576.0, 747.0, 752.0, 773.0, 1742.0, 1951.0, 2039.0, 2788.0, 2850.0, 2869.0, 2909.0, 3094.0, 3265.0, 3362.0, 3757.0, 3780.0, 3785.0, 4061.0, 4771.0, 5032.0, 5064.0, 5127.0, 5413.0, 5499.0, 5590.0, 5799.0, 6508.0, 6804.0, 8396.0, 8447.0, 8514.0, 8525.0, 9148.0, 9610.0, 10019.0, 10126.0, 10188.0, 10300.0, 10423.0, 10900.0, 11188.0, 11343.0, 22859.0, 22941.0, 23413.0, 23416.0, 25798.0, 26051.0, 27092.0, 27112.0, 27124.0, 29098.0, 29985.0, 29993.0, 30815.0, 30837.0, 50855.0, 57338.0, 58512.0, 64743.0, 79109.0, 80331.0, 84033.0, 84502.0, 84687.0, 90249.0, 91608.0, 112755.0, 114804.0, 130612.0, 145567.0, 146206.0, 153090.0, 255057.0, 283576.0, 387509.0 
GO:0032281 CC 2.55e-04   4/352    26/29107 D07 AMPA glutamate receptor complex          1742.0, 27092.0, 149111.0, 254263.0 
GO:0005891 CC 2.96e-04   4/352    27/29107 D07 voltage-gated calcium channel complex    773.0, 784.0, 8911.0, 8912.0 
GO:0005634 CC 3.12e-04  92/352  5368/29107 D05 nucleus                                  166.0, 320.0, 408.0, 539.0, 773.0, 815.0, 863.0, 1032.0, 1845.0, 2063.0, 2068.0, 2909.0, 3094.0, 3614.0, 3984.0, 4330.0, 4771.0, 4946.0, 5127.0, 5453.0, 5463.0, 5499.0, 5600.0, 5763.0, 6310.0, 6604.0, 7329.0, 8266.0, 8270.0, 8314.0, 8344.0, 8367.0, 8396.0, 8428.0, 8525.0, 8536.0, 8566.0, 9401.0, 10188.0, 10290.0, 10300.0, 10361.0, 10472.0, 10538.0, 11189.0, 11346.0, 22870.0, 23109.0, 23466.0, 23492.0, 23587.0, 25798.0, 26038.0, 26051.0, 29098.0, 29109.0, 29799.0, 30837.0, 50855.0, 51102.0, 51177.0, 51295.0, 51333.0, 51335.0, 51341.0, 55684.0, 56893.0, 56970.0, 56981.0, 57455.0, 64207.0, 64771.0, 65991.0, 79035.0, 79622.0, 79707.0, 83855.0, 84331.0, 84934.0, 90120.0, 90990.0, 91768.0, 92815.0, 112755.0, 114804.0, 116986.0, 116988.0, 140685.0, 146713.0, 339344.0, 494470.0, 752014.0 
GO:0048787 CC 3.56e-04   3/352    12/29107 D05 presynaptic active zone membrane         320.0, 6804.0, 112755.0 
GO:0030027 CC 4.45e-04   9/352   185/29107 D04 lamellipodium                            3984.0, 4771.0, 8525.0, 10456.0, 23625.0, 28964.0, 51466.0, 84687.0, 146206.0 
GO:0032154 CC 4.48e-04   5/352    53/29107 D04 cleavage furrow                          4771.0, 5662.0, 9600.0, 9727.0, 11258.0 
GO:0045202 CC 4.64e-04  14/352   405/29107 D03 synapse                                  773.0, 784.0, 1742.0, 3362.0, 3780.0, 3785.0, 3798.0, 4061.0, 8514.0, 9762.0, 22859.0, 29993.0, 149111.0, 254263.0 
GO:0032153 CC 5.78e-04   3/352    14/29107 D02 cell division site                       5413.0, 55964.0, 90120.0 
GO:0031105 CC 5.78e-04   3/352    14/29107 D02 septin complex                           5413.0, 55964.0, 90120.0 
GO:0005940 CC 5.78e-04   3/352    14/29107 D07 septin ring                              5413.0, 55964.0, 90120.0 
GO:0032591 CC 7.16e-04   3/352    15/29107 D06 dendritic spine membrane                 747.0, 5064.0, 23109.0 
GO:0019005 CC 7.37e-04   5/352    59/29107 D06 SCF ubiquitin ligase complex             54620.0, 79176.0, 80028.0, 144699.0, 146330.0 
GO:0005615 CC 2.15e-04   6/352  1693/29107 D02 extracellular space                      6712.0, 7480.0, 8344.0, 10501.0, 64207.0, 645191.0 
GO:0106310 MF 2.14e-06  17/352   359/29107 D07 protein serine kinase activity           613.0, 815.0, 3984.0, 4294.0, 5127.0, 5590.0, 5600.0, 8408.0, 8428.0, 8536.0, 10188.0, 10290.0, 23031.0, 56924.0, 57787.0, 84033.0, 114783.0 
GO:0106311 MF 2.14e-06  17/352   359/29107 D07 protein threonine kinase activity        613.0, 815.0, 3984.0, 4294.0, 5127.0, 5590.0, 5600.0, 8408.0, 8428.0, 8536.0, 10188.0, 10290.0, 23031.0, 56924.0, 57787.0, 84033.0, 114783.0 
GO:0005515 MF 3.72e-06 231/352 12418/29107 D02 protein binding                          152.0, 166.0, 271.0, 320.0, 398.0, 408.0, 539.0, 576.0, 613.0, 747.0, 752.0, 773.0, 784.0, 815.0, 863.0, 1032.0, 1742.0, 1845.0, 1951.0, 2039.0, 2063.0, 2068.0, 2134.0, 2137.0, 2286.0, 2788.0, 2869.0, 2889.0, 3094.0, 3265.0, 3362.0, 3757.0, 3785.0, 3798.0, 3984.0, 4061.0, 4145.0, 4248.0, 4330.0, 4771.0, 4946.0, 5064.0, 5091.0, 5127.0, 5409.0, 5413.0, 5463.0, 5499.0, 5590.0, 5600.0, 5662.0, 6253.0, 6310.0, 6508.0, 6804.0, 6878.0, 7138.0, 7329.0, 7386.0, 7480.0, 8266.0, 8270.0, 8314.0, 8344.0, 8367.0, 8396.0, 8408.0, 8428.0, 8514.0, 8525.0, 8536.0, 8541.0, 8911.0, 8912.0, 9168.0, 9256.0, 9258.0, 9275.0, 9394.0, 9401.0, 9600.0, 9610.0, 9699.0, 9727.0, 9751.0, 9826.0, 10019.0, 10126.0, 10188.0, 10290.0, 10300.0, 10361.0, 10423.0, 10456.0, 10472.0, 10501.0, 10538.0, 10712.0, 10815.0, 10900.0, 11152.0, 11178.0, 11188.0, 11258.0, 11343.0, 11346.0, 22859.0, 22870.0, 22937.0, 22941.0, 23031.0, 23109.0, 23396.0, 23400.0, 23413.0, 23416.0, 23466.0, 23474.0, 23492.0, 23542.0, 23587.0, 25798.0, 26017.0, 26051.0, 27124.0, 28955.0, 28964.0, 29109.0, 29903.0, 29993.0, 30815.0, 30837.0, 50855.0, 50861.0, 51078.0, 51177.0, 51286.0, 51295.0, 51308.0, 51335.0, 51341.0, 51466.0, 54539.0, 54620.0, 54935.0, 55222.0, 55224.0, 55615.0, 55670.0, 55684.0, 55964.0, 56181.0, 56893.0, 56924.0, 56970.0, 56981.0, 57338.0, 57524.0, 57662.0, 57787.0, 58512.0, 64207.0, 64771.0, 65991.0, 79035.0, 79109.0, 79176.0, 79575.0, 79622.0, 79707.0, 79786.0, 80148.0, 80228.0, 80331.0, 83394.0, 83605.0, 83855.0, 84033.0, 84279.0, 84331.0, 84502.0, 84687.0, 84934.0, 84954.0, 85352.0, 85358.0, 89792.0, 90120.0, 91368.0, 91608.0, 91689.0, 91768.0, 92815.0, 92856.0, 94107.0, 112755.0, 113246.0, 114783.0, 114818.0, 115399.0, 116138.0, 116986.0, 121256.0, 125058.0, 126298.0, 127281.0, 140465.0, 140730.0, 144404.0, 144699.0, 145567.0, 146664.0, 149111.0, 152217.0, 153090.0, 161145.0, 170394.0, 196403.0, 246330.0, 252969.0, 254263.0, 283576.0, 339344.0, 339983.0, 374920.0, 388135.0, 440193.0, 494470.0, 642968.0, 729991.0, 752014.0 
GO:0017124 MF 2.87e-05   9/352   129/29107 D04 SH3 domain binding                       2876.0, 2889.0, 22941.0, 27124.0, 30837.0, 51466.0, 85358.0, 153090.0, 201176.0 
