GO:0000398 BP 1.58e-07  11/223   180/29107 D11 mRNA splicing, via spliceosome           1659.0, 6628.0, 9092.0, 9343.0, 10594.0, 10992.0, 11338.0, 23020.0, 24148.0, 26121.0, 57461.0 
GO:0006888 BP 2.15e-07   9/223   112/29107 D06 endoplasmic reticulum to Golgi vesicle-mediated transport 7415.0, 8729.0, 10652.0, 10945.0, 10960.0, 22820.0, 29959.0, 54732.0, 113419.0 
GO:0000244 BP 7.59e-07   5/223    23/29107 D09 spliceosomal tri-snRNP complex assembly  10421.0, 10594.0, 24148.0, 25980.0, 26121.0 
GO:0006511 BP 4.34e-06  11/223   252/29107 D08 ubiquitin-dependent protein catabolic process 5709.0, 5717.0, 5719.0, 7317.0, 8078.0, 8878.0, 9810.0, 23352.0, 26001.0, 55527.0, 55666.0 
GO:0008380 BP 6.38e-06   9/223   168/29107 D08 RNA splicing                             1659.0, 3276.0, 6628.0, 6651.0, 6830.0, 10594.0, 10992.0, 24148.0, 57805.0 
GO:0071005 CC 1.06e-07   8/223    50/29107 D05 U2-type precatalytic spliceosome         6628.0, 9092.0, 9343.0, 10594.0, 10992.0, 23020.0, 24148.0, 26121.0 
GO:0033116 CC 1.14e-07   8/223    75/29107 D05 endoplasmic reticulum-Golgi intermediate compartment membrane 537.0, 1453.0, 6836.0, 10652.0, 10945.0, 10960.0, 54732.0, 121665.0 
GO:0005793 CC 1.40e-07   8/223    77/29107 D05 endoplasmic reticulum-Golgi intermediate compartment 4924.0, 5034.0, 6836.0, 8729.0, 10945.0, 10960.0, 22820.0, 54732.0 
GO:0000502 CC 1.61e-07   7/223    53/29107 D05 proteasome complex                       5691.0, 5692.0, 5704.0, 5709.0, 5717.0, 5719.0, 7415.0 
GO:0071013 CC 3.04e-07   9/223    85/29107 D04 catalytic step 2 spliceosome             1659.0, 6628.0, 9092.0, 9343.0, 10594.0, 10992.0, 23020.0, 24148.0, 57461.0 
GO:0005682 CC 3.56e-07   6/223    20/29107 D05 U5 snRNP                                 6628.0, 10421.0, 10594.0, 23020.0, 24148.0, 25980.0 
GO:0030176 CC 4.16e-07   9/223   121/29107 D05 integral component of endoplasmic reticulum membrane 550.0, 22845.0, 23065.0, 29927.0, 51398.0, 54788.0, 64840.0, 113419.0, 118813.0 
GO:0005783 CC 4.87e-07  30/223  1040/29107 D05 endoplasmic reticulum                    328.0, 550.0, 1384.0, 1650.0, 1727.0, 2629.0, 2896.0, 5034.0, 5476.0, 7355.0, 7415.0, 7841.0, 7922.0, 8878.0, 10652.0, 10945.0, 22820.0, 51107.0, 51150.0, 51763.0, 54732.0, 54788.0, 54867.0, 55627.0, 55666.0, 64840.0, 81502.0, 92579.0, 118813.0, 137964.0 
GO:0046540 CC 4.99e-07   7/223    39/29107 D06 U4/U6 x U5 tri-snRNP complex             6628.0, 9092.0, 9343.0, 10594.0, 23020.0, 24148.0, 26121.0 
GO:0005789 CC 5.31e-07  31/223   973/29107 D04 endoplasmic reticulum membrane           537.0, 1650.0, 1727.0, 2590.0, 5681.0, 6396.0, 6734.0, 6836.0, 7086.0, 7415.0, 7841.0, 7922.0, 9526.0, 10430.0, 10945.0, 10960.0, 10994.0, 22820.0, 22845.0, 23065.0, 29927.0, 51107.0, 54732.0, 54788.0, 54867.0, 55627.0, 64840.0, 81502.0, 85406.0, 92579.0, 137964.0 
GO:0043231 CC 6.82e-07  22/223   846/29107 D04 intracellular membrane-bounded organelle 705.0, 1185.0, 1650.0, 1819.0, 2539.0, 5476.0, 6396.0, 6598.0, 7415.0, 8878.0, 9093.0, 9343.0, 9392.0, 9784.0, 10066.0, 10067.0, 23193.0, 23762.0, 54978.0, 84232.0, 118813.0, 121665.0 
GO:0005794 CC 6.96e-07  26/223   988/29107 D05 Golgi apparatus                          1453.0, 2590.0, 2629.0, 2734.0, 2896.0, 5681.0, 7355.0, 7922.0, 8216.0, 8295.0, 8729.0, 9092.0, 9784.0, 10066.0, 10652.0, 10960.0, 11070.0, 22820.0, 23193.0, 51107.0, 51150.0, 54732.0, 54867.0, 55627.0, 121665.0, 169714.0 
GO:0005730 CC 1.61e-06  26/223  1187/29107 D05 nucleolus                                328.0, 705.0, 1019.0, 2547.0, 3609.0, 3692.0, 4141.0, 6598.0, 6749.0, 7343.0, 9136.0, 9277.0, 9587.0, 9816.0, 10459.0, 22984.0, 23481.0, 26155.0, 51154.0, 54487.0, 54853.0, 55226.0, 55920.0, 79080.0, 84232.0, 114049.0 
GO:0016020 CC 1.63e-06  68/223  2120/29107 D02 membrane                                 23.0, 550.0, 705.0, 832.0, 1072.0, 1650.0, 1727.0, 1819.0, 1981.0, 2539.0, 2547.0, 2590.0, 2734.0, 2896.0, 3609.0, 4141.0, 4924.0, 5298.0, 5476.0, 5496.0, 5704.0, 5709.0, 5717.0, 5719.0, 6734.0, 7284.0, 7841.0, 7922.0, 8729.0, 8924.0, 9114.0, 9219.0, 9343.0, 9392.0, 9526.0, 9784.0, 9810.0, 10061.0, 10489.0, 10594.0, 10994.0, 23020.0, 23193.0, 23352.0, 23481.0, 23762.0, 24148.0, 29927.0, 29959.0, 51107.0, 51150.0, 51763.0, 54788.0, 54978.0, 55226.0, 55324.0, 55920.0, 57136.0, 63916.0, 64840.0, 79594.0, 81502.0, 84975.0, 85406.0, 92579.0, 121665.0, 137964.0, 200081.0 
GO:0005829 CC 1.87e-06  96/223  5295/29107 D02 cytosol                                  14.0, 23.0, 211.0, 475.0, 705.0, 832.0, 1019.0, 1072.0, 1384.0, 1453.0, 1659.0, 1802.0, 1819.0, 1981.0, 2314.0, 2539.0, 2547.0, 2582.0, 2671.0, 2937.0, 3276.0, 3692.0, 4141.0, 4358.0, 5034.0, 5119.0, 5226.0, 5298.0, 5531.0, 5681.0, 5691.0, 5692.0, 5704.0, 5709.0, 5717.0, 5719.0, 5976.0, 6015.0, 6301.0, 6396.0, 6499.0, 6628.0, 7086.0, 7317.0, 7415.0, 7862.0, 8078.0, 8242.0, 8662.0, 8668.0, 8729.0, 8878.0, 8924.0, 9092.0, 9093.0, 9343.0, 9784.0, 9810.0, 10121.0, 10421.0, 10452.0, 10459.0, 10489.0, 10552.0, 10652.0, 11021.0, 11333.0, 22820.0, 22907.0, 22984.0, 23352.0, 23381.0, 23481.0, 23647.0, 23762.0, 26155.0, 27183.0, 50813.0, 51763.0, 54487.0, 54867.0, 54978.0, 55527.0, 55666.0, 55920.0, 57592.0, 63916.0, 64320.0, 80308.0, 81858.0, 84232.0, 84656.0, 85456.0, 118813.0, 155061.0, 200081.0 
GO:0070062 CC 1.95e-06  46/223  2169/29107 D06 extracellular exosome                    537.0, 550.0, 832.0, 1072.0, 2539.0, 2629.0, 2734.0, 2894.0, 2896.0, 2937.0, 3692.0, 4141.0, 4924.0, 5034.0, 5119.0, 5226.0, 5476.0, 5691.0, 5692.0, 5709.0, 6301.0, 6396.0, 6734.0, 7086.0, 7284.0, 7317.0, 7415.0, 7841.0, 8662.0, 8668.0, 8878.0, 9114.0, 10066.0, 10067.0, 10121.0, 10493.0, 10552.0, 10960.0, 11021.0, 23193.0, 27183.0, 29926.0, 51150.0, 54732.0, 54978.0, 196463.0 
GO:0005654 CC 1.99e-06  90/223  3805/29107 D02 nucleoplasm                              23.0, 211.0, 328.0, 705.0, 1019.0, 1453.0, 1659.0, 1819.0, 1874.0, 1912.0, 2067.0, 2314.0, 2547.0, 2976.0, 3276.0, 3609.0, 3692.0, 4720.0, 5252.0, 5430.0, 5496.0, 5531.0, 5691.0, 5692.0, 5704.0, 5709.0, 5717.0, 5719.0, 5976.0, 6015.0, 6047.0, 6396.0, 6598.0, 6628.0, 6749.0, 6830.0, 6839.0, 7086.0, 7317.0, 7343.0, 7355.0, 7391.0, 7415.0, 7862.0, 7922.0, 8242.0, 8295.0, 8878.0, 8924.0, 9092.0, 9136.0, 9219.0, 9277.0, 9343.0, 9587.0, 9810.0, 9862.0, 10155.0, 10421.0, 10459.0, 10594.0, 10949.0, 10992.0, 11338.0, 22984.0, 23020.0, 23082.0, 23352.0, 23481.0, 24148.0, 26121.0, 26155.0, 29959.0, 50813.0, 53635.0, 54487.0, 54853.0, 54978.0, 55226.0, 55666.0, 57461.0, 57592.0, 57805.0, 79080.0, 84232.0, 84656.0, 114049.0, 118813.0, 155061.0, 169714.0 
GO:0005634 CC 2.20e-06  83/223  5368/29107 D05 nucleus                                  328.0, 1019.0, 1072.0, 1453.0, 1659.0, 1819.0, 1912.0, 1981.0, 2314.0, 2539.0, 2547.0, 3276.0, 3420.0, 3609.0, 3692.0, 4924.0, 5226.0, 5252.0, 5430.0, 5496.0, 5691.0, 5692.0, 5704.0, 5709.0, 5717.0, 5719.0, 5976.0, 6015.0, 6047.0, 6301.0, 6499.0, 6598.0, 6628.0, 6839.0, 7317.0, 7343.0, 7391.0, 7415.0, 7862.0, 8078.0, 8242.0, 8295.0, 8924.0, 9092.0, 9093.0, 9278.0, 9343.0, 9587.0, 9810.0, 9862.0, 10155.0, 10421.0, 10459.0, 10489.0, 10552.0, 10594.0, 10949.0, 10992.0, 11070.0, 11338.0, 22984.0, 23020.0, 23082.0, 23381.0, 24148.0, 26121.0, 26155.0, 27183.0, 51763.0, 54487.0, 55226.0, 55666.0, 57461.0, 57693.0, 57805.0, 64320.0, 64763.0, 79080.0, 80256.0, 84232.0, 85456.0, 155061.0, 100131017.0 
GO:0005681 CC 6.14e-06   7/223    90/29107 D03 spliceosomal complex                     1659.0, 6628.0, 10992.0, 11338.0, 23020.0, 24148.0, 25980.0 
GO:0022624 CC 7.38e-06   4/223    17/29107 D02 proteasome accessory complex             5704.0, 5709.0, 5717.0, 5719.0 
GO:0005739 CC 8.77e-06  26/223  1305/29107 D05 mitochondrion                            211.0, 328.0, 1384.0, 1727.0, 2671.0, 3028.0, 3420.0, 3609.0, 4358.0, 4720.0, 5692.0, 7284.0, 7317.0, 8729.0, 8878.0, 9093.0, 9238.0, 9673.0, 10452.0, 10652.0, 22907.0, 51107.0, 54978.0, 55527.0, 79594.0, 84769.0 
GO:0008541 CC 1.52e-05   3/223     7/29107 D02 proteasome regulatory particle, lid subcomplex 5709.0, 5717.0, 5719.0 
GO:0010008 CC 6.87e-05   9/223   227/29107 D06 endosome membrane                        533.0, 537.0, 1185.0, 7317.0, 9114.0, 9784.0, 11021.0, 27183.0, 51107.0 
GO:0071007 CC 7.86e-05   4/223    30/29107 D05 U2-type catalytic step 2 spliceosome     1659.0, 6628.0, 9343.0, 10594.0 
GO:0030133 CC 8.27e-05   6/223    93/29107 D07 transport vesicle                        6836.0, 10066.0, 10652.0, 10945.0, 22820.0, 54732.0 
GO:0016607 CC 8.64e-05  12/223   411/29107 D03 nuclear speck                            328.0, 5681.0, 6015.0, 6651.0, 9092.0, 9343.0, 10421.0, 10594.0, 10992.0, 11338.0, 24148.0, 26121.0 
GO:0071006 CC 9.28e-05   3/223    12/29107 D05 U2-type catalytic step 1 spliceosome     10594.0, 23020.0, 57461.0 
GO:0005737 CC 1.53e-04  58/223  4681/29107 D02 cytoplasm                                328.0, 705.0, 1072.0, 1453.0, 1727.0, 1819.0, 1874.0, 1981.0, 2067.0, 2314.0, 2539.0, 3028.0, 3276.0, 3609.0, 3692.0, 4141.0, 4358.0, 5252.0, 5298.0, 5430.0, 5496.0, 5976.0, 6047.0, 6301.0, 6628.0, 6837.0, 7317.0, 7415.0, 7862.0, 8878.0, 8924.0, 9092.0, 9392.0, 9587.0, 10121.0, 10421.0, 10489.0, 10652.0, 22907.0, 23381.0, 23647.0, 26001.0, 27183.0, 29926.0, 29959.0, 51150.0, 51154.0, 51490.0, 51763.0, 54487.0, 54853.0, 57805.0, 60626.0, 84232.0, 84769.0, 85456.0, 155061.0, 200081.0 
GO:0033181 CC 1.74e-04   2/223     3/29107 D05 plasma membrane proton-transporting V-type ATPase complex 537.0, 9114.0 
GO:0005769 CC 2.40e-04   9/223   268/29107 D08 early endosome                           4924.0, 5119.0, 9114.0, 9392.0, 9784.0, 27183.0, 51107.0, 57617.0, 64601.0 
GO:0005765 CC 2.56e-04  10/223   331/29107 D07 lysosomal membrane                       533.0, 1185.0, 2629.0, 2896.0, 6396.0, 7317.0, 9114.0, 54978.0, 57617.0, 64601.0 
GO:0000792 CC 2.99e-04   4/223    42/29107 D03 heterochromatin                          6839.0, 7317.0, 10155.0, 85456.0 
GO:1904813 CC 3.98e-04   6/223   124/29107 D05 ficolin-1-rich granule lumen             2547.0, 5709.0, 5717.0, 5719.0, 7415.0, 11333.0 
GO:0005697 CC 5.33e-04   3/223    21/29107 D03 telomerase holoenzyme complex            6628.0, 23381.0, 55226.0 
GO:0033263 CC 5.76e-04   2/223     5/29107 D03 CORVET complex                           9392.0, 57617.0 
GO:0030687 CC 6.14e-04   3/223    22/29107 D04 preribosome, large subunit precursor     3692.0, 23481.0, 51154.0 
GO:0055038 CC 6.21e-04   5/223    89/29107 D07 recycling endosome membrane              8216.0, 10066.0, 10067.0, 11021.0, 118813.0 
GO:0000139 CC 6.46e-04  13/223   587/29107 D05 Golgi membrane                           2590.0, 2734.0, 5298.0, 6836.0, 7355.0, 8729.0, 10652.0, 10945.0, 10960.0, 11070.0, 22820.0, 54732.0, 55627.0 
GO:0035578 CC 6.87e-04   5/223    91/29107 D07 azurophil granule lumen                  1727.0, 2896.0, 5476.0, 7415.0, 10493.0 
GO:0005770 CC 7.01e-04   6/223   138/29107 D08 late endosome                            2896.0, 8878.0, 27183.0, 51150.0, 57617.0, 64601.0 
GO:0071458 CC 8.59e-04   2/223     6/29107 D06 integral component of cytoplasmic side of endoplasmic reticulum membrane 81502.0, 121665.0 
GO:0033179 CC 8.59e-04   2/223     6/29107 D04 proton-transporting V-type ATPase, V0 domain 533.0, 9114.0 
GO:0005694 CC 8.72e-04   7/223   198/29107 D05 chromosome                               705.0, 5430.0, 7862.0, 10459.0, 23481.0, 26155.0, 79080.0 
GO:0071541 CC 1.20e-03   2/223     7/29107 D03 eukaryotic translation initiation factor 3 complex, eIF3m 8662.0, 8668.0 
GO:0030897 CC 1.20e-03   2/223     7/29107 D03 HOPS complex                             57617.0, 64601.0 
GO:0005777 CC 1.31e-03   5/223   105/29107 D06 peroxisome                               1384.0, 4358.0, 7086.0, 8729.0, 79594.0 
GO:0030173 CC 1.32e-03   4/223    62/29107 D05 integral component of Golgi membrane     2590.0, 7355.0, 113419.0, 169714.0 
GO:0031625 MF 5.41e-07  14/223   296/29107 D05 ubiquitin protein ligase binding         550.0, 4720.0, 5430.0, 7415.0, 8878.0, 8924.0, 9810.0, 10067.0, 10155.0, 23381.0, 55666.0, 79594.0, 81502.0, 155061.0 
GO:0003723 MF 9.92e-07  56/223  1388/29107 D04 RNA binding                              23.0, 328.0, 705.0, 1659.0, 1819.0, 1981.0, 2547.0, 2896.0, 3028.0, 3276.0, 3609.0, 5034.0, 5430.0, 5976.0, 6301.0, 6499.0, 6628.0, 6651.0, 6734.0, 6749.0, 6830.0, 7284.0, 7317.0, 7343.0, 7415.0, 8662.0, 8668.0, 9092.0, 9136.0, 9238.0, 9277.0, 9343.0, 10155.0, 10594.0, 10949.0, 10992.0, 11333.0, 11338.0, 22907.0, 22984.0, 23020.0, 23082.0, 23193.0, 23481.0, 24148.0, 26121.0, 26155.0, 51154.0, 51490.0, 55226.0, 55920.0, 57461.0, 57470.0, 57805.0, 79080.0, 114049.0 
GO:0031491 MF 1.78e-06   5/223    27/29107 D03 nucleosome binding                       6047.0, 6749.0, 6830.0, 26155.0, 84656.0 
GO:0005515 MF 3.20e-06 182/223 12418/29107 D02 protein binding                          14.0, 23.0, 211.0, 328.0, 475.0, 533.0, 537.0, 550.0, 705.0, 832.0, 1019.0, 1072.0, 1453.0, 1650.0, 1659.0, 1727.0, 1802.0, 1819.0, 1874.0, 1912.0, 1981.0, 2067.0, 2314.0, 2539.0, 2547.0, 2590.0, 2629.0, 2671.0, 2896.0, 2937.0, 2976.0, 3028.0, 3276.0, 3609.0, 3692.0, 4720.0, 4924.0, 5034.0, 5119.0, 5252.0, 5298.0, 5430.0, 5496.0, 5531.0, 5681.0, 5691.0, 5692.0, 5704.0, 5709.0, 5717.0, 5976.0, 6015.0, 6047.0, 6301.0, 6396.0, 6499.0, 6598.0, 6628.0, 6651.0, 6749.0, 6830.0, 6836.0, 6837.0, 6839.0, 7086.0, 7284.0, 7317.0, 7343.0, 7391.0, 7415.0, 7862.0, 7922.0, 8078.0, 8216.0, 8242.0, 8295.0, 8662.0, 8668.0, 8729.0, 8878.0, 8924.0, 9092.0, 9093.0, 9114.0, 9136.0, 9219.0, 9238.0, 9278.0, 9343.0, 9392.0, 9526.0, 9587.0, 9784.0, 9810.0, 9862.0, 10066.0, 10121.0, 10155.0, 10421.0, 10430.0, 10452.0, 10459.0, 10489.0, 10493.0, 10594.0, 10945.0, 10960.0, 10992.0, 10994.0, 11021.0, 11070.0, 11333.0, 11338.0, 22820.0, 22845.0, 22907.0, 22984.0, 23020.0, 23193.0, 23352.0, 23381.0, 23481.0, 23647.0, 23762.0, 24148.0, 26001.0, 26121.0, 26155.0, 27183.0, 29926.0, 29927.0, 29959.0, 50813.0, 51107.0, 51150.0, 51154.0, 51398.0, 51490.0, 51763.0, 54413.0, 54487.0, 54732.0, 54978.0, 55108.0, 55226.0, 55238.0, 55324.0, 55527.0, 55666.0, 55920.0, 57136.0, 57461.0, 57470.0, 57592.0, 57617.0, 57693.0, 57805.0, 60626.0, 63027.0, 63916.0, 64320.0, 64601.0, 79080.0, 79581.0, 79594.0, 80256.0, 80308.0, 81502.0, 81858.0, 84065.0, 84232.0, 84656.0, 84975.0, 85456.0, 114049.0, 118813.0, 121665.0, 131601.0, 155061.0, 196463.0, 200081.0, 374882.0 
GO:0005524 MF 7.64e-06  28/223  1458/29107 D08 ATP binding                              23.0, 537.0, 1019.0, 1185.0, 1453.0, 1659.0, 1981.0, 2547.0, 2937.0, 4141.0, 5298.0, 5681.0, 5704.0, 5976.0, 6301.0, 6499.0, 7317.0, 7415.0, 9093.0, 10061.0, 10121.0, 22907.0, 23020.0, 27183.0, 29959.0, 55226.0, 55324.0, 80308.0 
GO:0003677 MF 9.42e-06  21/223   921/29107 D04 DNA binding                              328.0, 1874.0, 1912.0, 2067.0, 2547.0, 2976.0, 3609.0, 4924.0, 5252.0, 5430.0, 6047.0, 6598.0, 6651.0, 6749.0, 6830.0, 7862.0, 8242.0, 9278.0, 10155.0, 57592.0, 84656.0 
GO:0042802 MF 4.02e-05  27/223  1494/29107 D03 identical protein binding                211.0, 1659.0, 1912.0, 1981.0, 2539.0, 2582.0, 2937.0, 3276.0, 5119.0, 5252.0, 6047.0, 6396.0, 7391.0, 7415.0, 8878.0, 10489.0, 11070.0, 23020.0, 23647.0, 24148.0, 26121.0, 51150.0, 54487.0, 79594.0, 80308.0, 81858.0, 118813.0 
GO:0030623 MF 5.84e-05   2/223     2/29107 D06 U5 snRNA binding                         9343.0, 10594.0 
