GO:0006468 BP 8.89e-07  16/230   459/29107 D07 protein phosphorylation                  92.0, 1024.0, 1859.0, 4139.0, 5257.0, 5290.0, 6789.0, 7443.0, 8621.0, 9113.0, 10000.0, 10114.0, 10920.0, 23235.0, 55681.0, 65267.0 
GO:0005654 CC 1.61e-06  80/230  3805/29107 D02 nucleoplasm                              132.0, 1024.0, 1054.0, 1122.0, 1386.0, 1859.0, 2308.0, 2553.0, 4089.0, 4154.0, 4331.0, 4437.0, 4659.0, 5001.0, 5917.0, 6314.0, 6619.0, 6789.0, 7091.0, 7402.0, 7443.0, 7468.0, 7543.0, 7693.0, 7707.0, 8036.0, 8505.0, 8548.0, 8621.0, 8648.0, 9575.0, 9685.0, 9698.0, 9716.0, 10116.0, 10283.0, 10526.0, 10725.0, 10765.0, 10920.0, 10943.0, 22828.0, 23008.0, 23253.0, 23613.0, 25909.0, 29102.0, 51138.0, 51230.0, 51317.0, 51535.0, 51567.0, 51773.0, 54629.0, 54891.0, 55167.0, 55297.0, 55777.0, 55870.0, 56929.0, 57205.0, 57563.0, 64326.0, 64895.0, 79184.0, 79871.0, 80012.0, 80013.0, 80823.0, 84154.0, 84524.0, 84725.0, 85015.0, 135293.0, 152006.0, 167227.0, 200558.0, 221656.0, 253430.0, 254048.0 
GO:0005829 CC 1.74e-06  91/230  5295/29107 D02 cytosol                                  132.0, 287.0, 867.0, 1122.0, 1656.0, 2308.0, 2620.0, 2673.0, 4012.0, 4089.0, 4154.0, 4659.0, 5001.0, 5095.0, 5257.0, 5290.0, 5917.0, 6249.0, 6314.0, 6654.0, 6789.0, 7337.0, 7443.0, 8036.0, 8439.0, 8505.0, 8621.0, 8648.0, 9113.0, 9397.0, 9465.0, 9575.0, 9683.0, 9685.0, 9698.0, 9821.0, 9931.0, 10114.0, 10116.0, 10260.0, 10526.0, 10539.0, 10724.0, 10725.0, 10765.0, 10920.0, 22999.0, 23023.0, 23253.0, 23256.0, 23479.0, 25814.0, 25909.0, 26091.0, 27246.0, 29102.0, 50807.0, 51138.0, 51230.0, 51306.0, 51535.0, 53944.0, 54511.0, 54629.0, 55204.0, 55297.0, 55664.0, 55705.0, 56929.0, 57534.0, 57606.0, 64326.0, 64895.0, 65267.0, 79184.0, 79871.0, 80321.0, 80823.0, 84186.0, 84725.0, 91694.0, 132320.0, 137886.0, 154214.0, 167227.0, 200558.0, 246175.0, 253558.0, 261726.0, 374354.0, 729920.0 
GO:0005634 CC 3.08e-06 102/230  5368/29107 D05 nucleus                                  132.0, 1024.0, 1054.0, 1122.0, 1386.0, 1456.0, 1656.0, 1738.0, 1859.0, 2287.0, 2308.0, 2553.0, 4089.0, 4154.0, 4238.0, 4437.0, 5001.0, 5917.0, 6249.0, 6314.0, 6619.0, 6789.0, 7091.0, 7337.0, 7443.0, 7468.0, 7576.0, 7776.0, 8036.0, 8505.0, 8548.0, 8621.0, 8648.0, 9113.0, 9465.0, 9534.0, 9575.0, 9683.0, 9716.0, 9931.0, 10000.0, 10114.0, 10116.0, 10260.0, 10539.0, 10724.0, 10725.0, 10765.0, 10920.0, 10943.0, 11101.0, 22828.0, 23142.0, 23479.0, 23613.0, 25909.0, 29102.0, 51138.0, 51567.0, 51663.0, 51773.0, 53944.0, 54665.0, 54891.0, 54989.0, 55132.0, 55727.0, 55777.0, 55833.0, 55870.0, 57570.0, 64864.0, 64895.0, 79027.0, 79184.0, 79745.0, 79871.0, 80012.0, 84524.0, 84911.0, 85015.0, 85460.0, 121053.0, 126231.0, 137682.0, 137886.0, 139324.0, 148266.0, 152006.0, 152485.0, 158399.0, 163115.0, 163131.0, 200558.0, 205717.0, 221656.0, 246175.0, 253430.0, 254048.0, 284323.0, 347344.0, 728927.0 
GO:0005737 CC 3.19e-06  66/230  4681/29107 D02 cytoplasm                                92.0, 1122.0, 1386.0, 1456.0, 1656.0, 1859.0, 2308.0, 4012.0, 4089.0, 4139.0, 4154.0, 4238.0, 4659.0, 5290.0, 5917.0, 6249.0, 6654.0, 6789.0, 7402.0, 7443.0, 7468.0, 8036.0, 8439.0, 8505.0, 8548.0, 8872.0, 9397.0, 9519.0, 9698.0, 10000.0, 10114.0, 10116.0, 11101.0, 22828.0, 23008.0, 23078.0, 23235.0, 23479.0, 23596.0, 23613.0, 25814.0, 51567.0, 51663.0, 53944.0, 54808.0, 55327.0, 55664.0, 55705.0, 55833.0, 57534.0, 57570.0, 65267.0, 79027.0, 79184.0, 79745.0, 79871.0, 80146.0, 81689.0, 85015.0, 113263.0, 154214.0, 166785.0, 167227.0, 246175.0, 253430.0, 389072.0 
GO:0005794 CC 4.15e-06  23/230   988/29107 D05 Golgi apparatus                          867.0, 7707.0, 8548.0, 8621.0, 9397.0, 9685.0, 10905.0, 10947.0, 23613.0, 27072.0, 51535.0, 54808.0, 55204.0, 55297.0, 55681.0, 55870.0, 84725.0, 90411.0, 93380.0, 137886.0, 153339.0, 340481.0, 389072.0 
GO:0046872 MF 8.24e-07  56/230  2297/29107 D04 metal ion binding                        92.0, 132.0, 1386.0, 4089.0, 4154.0, 4200.0, 5095.0, 7337.0, 7468.0, 7543.0, 7576.0, 7693.0, 7707.0, 7776.0, 9534.0, 9931.0, 10539.0, 22999.0, 27072.0, 27246.0, 29102.0, 50807.0, 51230.0, 51317.0, 51773.0, 54511.0, 54665.0, 54989.0, 55167.0, 55870.0, 64326.0, 64895.0, 79027.0, 79184.0, 79871.0, 81689.0, 84524.0, 84911.0, 85460.0, 91694.0, 126231.0, 148266.0, 152006.0, 152485.0, 153642.0, 154214.0, 158399.0, 163115.0, 163131.0, 200558.0, 246175.0, 253430.0, 284323.0, 347344.0, 389072.0, 728927.0 
GO:0106310 MF 1.18e-06  14/230   359/29107 D07 protein serine kinase activity           1024.0, 1456.0, 1859.0, 4139.0, 5290.0, 6789.0, 7443.0, 8621.0, 9113.0, 10000.0, 10114.0, 23235.0, 53944.0, 65267.0 
GO:0106311 MF 1.18e-06  14/230   359/29107 D07 protein threonine kinase activity        1024.0, 1456.0, 1859.0, 4139.0, 5290.0, 6789.0, 7443.0, 8621.0, 9113.0, 10000.0, 10114.0, 23235.0, 53944.0, 65267.0 
GO:0005524 MF 1.67e-06  31/230  1458/29107 D08 ATP binding                              92.0, 132.0, 1024.0, 1456.0, 1656.0, 1859.0, 3480.0, 4139.0, 4437.0, 5001.0, 5095.0, 5290.0, 5832.0, 5917.0, 6789.0, 7443.0, 8621.0, 9113.0, 9716.0, 9931.0, 10000.0, 10114.0, 23078.0, 23235.0, 53944.0, 55681.0, 57205.0, 64895.0, 65267.0, 79009.0, 253430.0 
GO:0005515 MF 2.34e-06 160/230 12418/29107 D02 protein binding                          92.0, 287.0, 577.0, 867.0, 1024.0, 1054.0, 1386.0, 1656.0, 1738.0, 1859.0, 2287.0, 2308.0, 2553.0, 3480.0, 4012.0, 4089.0, 4139.0, 4154.0, 4238.0, 4331.0, 4437.0, 4659.0, 5001.0, 5095.0, 5257.0, 5290.0, 5832.0, 5917.0, 6249.0, 6314.0, 6619.0, 6654.0, 6789.0, 7091.0, 7337.0, 7402.0, 7443.0, 7468.0, 7693.0, 7707.0, 7776.0, 8036.0, 8439.0, 8505.0, 8548.0, 8562.0, 8621.0, 8648.0, 9113.0, 9202.0, 9397.0, 9412.0, 9465.0, 9519.0, 9575.0, 9683.0, 9685.0, 9698.0, 9716.0, 9821.0, 9931.0, 10000.0, 10116.0, 10260.0, 10526.0, 10539.0, 10613.0, 10725.0, 10765.0, 10920.0, 10943.0, 11101.0, 22828.0, 22999.0, 23008.0, 23023.0, 23078.0, 23142.0, 23219.0, 23235.0, 23256.0, 23479.0, 23596.0, 23613.0, 25814.0, 26049.0, 27072.0, 27246.0, 29102.0, 50807.0, 51138.0, 51230.0, 51250.0, 51317.0, 51535.0, 51567.0, 51663.0, 51773.0, 53944.0, 54808.0, 54834.0, 55069.0, 55132.0, 55167.0, 55204.0, 55296.0, 55327.0, 55664.0, 55668.0, 55681.0, 55705.0, 55833.0, 56929.0, 57205.0, 57534.0, 57606.0, 57620.0, 57631.0, 64326.0, 64864.0, 65267.0, 79027.0, 79184.0, 79745.0, 79871.0, 80012.0, 80013.0, 80321.0, 80823.0, 84154.0, 84186.0, 84524.0, 85015.0, 90411.0, 91694.0, 91942.0, 93380.0, 93487.0, 121053.0, 135293.0, 137886.0, 139231.0, 139324.0, 148266.0, 152006.0, 152485.0, 153339.0, 166785.0, 167227.0, 200558.0, 221656.0, 246175.0, 253430.0, 253512.0, 253558.0, 261726.0, 284323.0, 285672.0, 340481.0, 374354.0 
GO:0004672 MF 7.29e-06  10/230   210/29107 D05 protein kinase activity                  1024.0, 1456.0, 1859.0, 6789.0, 7443.0, 8621.0, 10000.0, 10114.0, 55681.0, 65267.0 
GO:0004674 MF 7.96e-06  12/230   312/29107 D06 protein serine/threonine kinase activity 92.0, 1456.0, 1859.0, 4139.0, 6789.0, 7443.0, 9113.0, 10000.0, 10114.0, 23235.0, 53944.0, 65267.0 
GO:0000978 MF 2.31e-05  24/230  1178/29107 D09 RNA polymerase II cis-regulatory region sequence-specific DNA binding 1054.0, 1386.0, 2308.0, 4089.0, 6619.0, 7576.0, 7693.0, 7707.0, 7776.0, 9534.0, 9575.0, 10725.0, 54989.0, 64864.0, 79027.0, 84911.0, 126231.0, 139324.0, 148266.0, 158399.0, 163131.0, 284323.0, 347344.0, 728927.0 
GO:0043175 MF 6.22e-05   2/230     2/29107 D05 RNA polymerase core enzyme binding       22828.0, 79871.0 
