GO:2000601 BP 5.24e-07   4/209    10/29107 D13 positive regulation of Arp2/3 complex-mediated actin nucleation 8976.0, 10152.0, 10787.0, 55845.0 
GO:0006511 BP 2.33e-06  11/209   252/29107 D08 ubiquitin-dependent protein catabolic process 3093.0, 6049.0, 7334.0, 9690.0, 25820.0, 25898.0, 26994.0, 51132.0, 54542.0, 143384.0, 147339.0 
GO:0046326 BP 8.59e-06   5/209    39/29107 D08 positive regulation of glucose import    1389.0, 1432.0, 5584.0, 10776.0, 23433.0 
GO:0016567 BP 8.83e-06  14/209   471/29107 D09 protein ubiquitination                   6049.0, 7334.0, 7336.0, 11275.0, 25820.0, 25898.0, 26273.0, 51132.0, 51592.0, 55832.0, 55975.0, 56888.0, 64839.0, 147339.0 
GO:0032436 BP 1.84e-05   6/209    76/29107 D11 positive regulation of proteasomal ubiquitin-dependent protein catabolic process 2932.0, 7336.0, 7341.0, 8554.0, 25820.0, 25898.0 
GO:0000209 BP 1.98e-05   8/209   158/29107 D10 protein polyubiquitination               3093.0, 7334.0, 7336.0, 9520.0, 9690.0, 25820.0, 54542.0, 64839.0 
GO:0051000 BP 2.05e-05   4/209    23/29107 D07 positive regulation of nitric-oxide synthase activity 801.0, 3845.0, 5291.0, 116150.0 
GO:0005743 CC 2.66e-07  18/209   404/29107 D05 mitochondrial inner membrane             3052.0, 4698.0, 4706.0, 4711.0, 4976.0, 7381.0, 7388.0, 9167.0, 10440.0, 10632.0, 10884.0, 23530.0, 29078.0, 51318.0, 54205.0, 55972.0, 57380.0, 60558.0 
GO:0005739 CC 8.21e-07  33/209  1305/29107 D05 mitochondrion                            1432.0, 1633.0, 2932.0, 3052.0, 3658.0, 4706.0, 4711.0, 4976.0, 5019.0, 5728.0, 6782.0, 7388.0, 9167.0, 9329.0, 10087.0, 10440.0, 10632.0, 10884.0, 23530.0, 27069.0, 29078.0, 51108.0, 51318.0, 54205.0, 55847.0, 57380.0, 60558.0, 84833.0, 94081.0, 122961.0, 140707.0, 142940.0, 160760.0 
GO:0005829 CC 2.21e-06  92/209  5295/29107 D02 cytosol                                  52.0, 528.0, 673.0, 801.0, 830.0, 1022.0, 1121.0, 1432.0, 1633.0, 2932.0, 3093.0, 3658.0, 3840.0, 3845.0, 4338.0, 4591.0, 4952.0, 4976.0, 5000.0, 5291.0, 5527.0, 5529.0, 5584.0, 5728.0, 5877.0, 5911.0, 6386.0, 6453.0, 7334.0, 7341.0, 7342.0, 7360.0, 7529.0, 7534.0, 8833.0, 8976.0, 9371.0, 9372.0, 9520.0, 10010.0, 10087.0, 10152.0, 10484.0, 10490.0, 10787.0, 10927.0, 10929.0, 11215.0, 11275.0, 23035.0, 23074.0, 23092.0, 23271.0, 23369.0, 25820.0, 25898.0, 26273.0, 27244.0, 28512.0, 29789.0, 29883.0, 51132.0, 53354.0, 54205.0, 54536.0, 54812.0, 55435.0, 55832.0, 55845.0, 55975.0, 56888.0, 57472.0, 58528.0, 64397.0, 64426.0, 64839.0, 65977.0, 80218.0, 84516.0, 84961.0, 120534.0, 122553.0, 122830.0, 134147.0, 136319.0, 142940.0, 146057.0, 154743.0, 160518.0, 161742.0, 201475.0, 317649.0 
GO:0005634 CC 2.36e-06  69/209  5368/29107 D05 nucleus                                  403.0, 673.0, 801.0, 1022.0, 1121.0, 1389.0, 1432.0, 2932.0, 2971.0, 3093.0, 3840.0, 4952.0, 5000.0, 5291.0, 5527.0, 5529.0, 5569.0, 5584.0, 5728.0, 5814.0, 6049.0, 6386.0, 6612.0, 7334.0, 7336.0, 7341.0, 7342.0, 7360.0, 7529.0, 7534.0, 7580.0, 8545.0, 8554.0, 8976.0, 9063.0, 9520.0, 9690.0, 9874.0, 10152.0, 10923.0, 10927.0, 11052.0, 22887.0, 23635.0, 25820.0, 25898.0, 26994.0, 27244.0, 29068.0, 29883.0, 51132.0, 51592.0, 53354.0, 54205.0, 55832.0, 57472.0, 57541.0, 58528.0, 64426.0, 64839.0, 79718.0, 80218.0, 122830.0, 127933.0, 136319.0, 142940.0, 146057.0, 147947.0, 221092.0 
GO:0005654 CC 2.44e-06  61/209  3805/29107 D02 nucleoplasm                              403.0, 659.0, 801.0, 1022.0, 1432.0, 1633.0, 2932.0, 2971.0, 3840.0, 4338.0, 4706.0, 4711.0, 4976.0, 5000.0, 5291.0, 5527.0, 5584.0, 5728.0, 5814.0, 6049.0, 6386.0, 6612.0, 7334.0, 7336.0, 7341.0, 7342.0, 7534.0, 8545.0, 8554.0, 9063.0, 9329.0, 9874.0, 9917.0, 10087.0, 10440.0, 10776.0, 10923.0, 10927.0, 10929.0, 11052.0, 22841.0, 23035.0, 25898.0, 26273.0, 27244.0, 51132.0, 51592.0, 54812.0, 55197.0, 55832.0, 55975.0, 58528.0, 64393.0, 64426.0, 64839.0, 79718.0, 84516.0, 120534.0, 127933.0, 161742.0, 221092.0 
GO:0005746 CC 2.44e-06   4/209    14/29107 D03 mitochondrial respirasome                7381.0, 7388.0, 9167.0, 23530.0 
GO:0005737 CC 2.62e-06  63/209  4681/29107 D02 cytoplasm                                52.0, 403.0, 659.0, 801.0, 1022.0, 1121.0, 1432.0, 1633.0, 2932.0, 3658.0, 3845.0, 4591.0, 4952.0, 4976.0, 5217.0, 5291.0, 5529.0, 5569.0, 5728.0, 6049.0, 6386.0, 6453.0, 6612.0, 6782.0, 7334.0, 7336.0, 7360.0, 7529.0, 7534.0, 7779.0, 9520.0, 10152.0, 10776.0, 10929.0, 11052.0, 11215.0, 11275.0, 23035.0, 23080.0, 23369.0, 23635.0, 25820.0, 25843.0, 25898.0, 26225.0, 27244.0, 29789.0, 29883.0, 51132.0, 53354.0, 55832.0, 55885.0, 57472.0, 58528.0, 64343.0, 64839.0, 79884.0, 80218.0, 84908.0, 122830.0, 136319.0, 146057.0, 345778.0 
GO:0055037 CC 3.65e-05   7/209   126/29107 D08 recycling endosome                       5911.0, 6453.0, 10490.0, 23080.0, 26994.0, 53354.0, 201475.0 
GO:0055038 CC 4.51e-05   6/209    89/29107 D07 recycling endosome membrane              5911.0, 9522.0, 10490.0, 22841.0, 79572.0, 201475.0 
GO:0031965 CC 5.10e-05   9/209   233/29107 D04 nuclear membrane                         3840.0, 6049.0, 6386.0, 7341.0, 7779.0, 10927.0, 23369.0, 79982.0, 84516.0 
GO:0031372 CC 5.13e-05   2/209     2/29107 D05 UBC13-MMS2 complex                       7334.0, 7336.0 
GO:0031209 CC 7.65e-05   3/209    12/29107 D02 SCAR complex                             10152.0, 10787.0, 55845.0 
GO:0016605 CC 9.68e-05   6/209   102/29107 D03 PML body                                 5728.0, 6049.0, 6612.0, 7341.0, 8554.0, 9063.0 
GO:0005753 CC 2.30e-04   3/209    17/29107 D05 mitochondrial proton-transporting ATP synthase complex 9556.0, 10632.0, 84833.0 
GO:0005876 CC 2.56e-04   4/209    43/29107 D07 spindle microtubule                      403.0, 801.0, 9371.0, 150465.0 
GO:0070062 CC 2.71e-04  31/209  2169/29107 D06 extracellular exosome                    52.0, 403.0, 528.0, 781.0, 830.0, 5217.0, 5584.0, 5899.0, 6386.0, 6782.0, 7334.0, 7336.0, 7360.0, 7529.0, 7534.0, 8649.0, 8976.0, 9371.0, 9520.0, 10787.0, 10923.0, 23433.0, 26994.0, 27069.0, 29789.0, 51678.0, 55832.0, 55845.0, 57403.0, 80218.0, 134147.0 
GO:0016020 CC 3.98e-04  30/209  2120/29107 D02 membrane                                 830.0, 3052.0, 3845.0, 4952.0, 4976.0, 5291.0, 5877.0, 6386.0, 7529.0, 9371.0, 10087.0, 11052.0, 23204.0, 23530.0, 27067.0, 29789.0, 29883.0, 30001.0, 51678.0, 54536.0, 54542.0, 55832.0, 57472.0, 64225.0, 64397.0, 65977.0, 79572.0, 79982.0, 92255.0, 221092.0 
GO:0031625 MF 2.58e-07  13/209   296/29107 D05 ubiquitin protein ligase binding         2932.0, 3093.0, 4591.0, 5899.0, 7334.0, 7341.0, 7534.0, 8554.0, 9063.0, 10010.0, 10152.0, 25820.0, 143384.0 
GO:0005525 MF 5.91e-07  14/209   373/29107 D08 GTP binding                              403.0, 3845.0, 4976.0, 5899.0, 5911.0, 23433.0, 26225.0, 28512.0, 29789.0, 57403.0, 58528.0, 60558.0, 64225.0, 201475.0 
GO:0003924 MF 7.95e-07  13/209   327/29107 D07 GTPase activity                          403.0, 3845.0, 4976.0, 5899.0, 5911.0, 23433.0, 26225.0, 28512.0, 57403.0, 58528.0, 60558.0, 64225.0, 201475.0 
GO:0019003 MF 1.07e-06   7/209    74/29107 D08 GDP binding                              403.0, 3845.0, 5899.0, 5911.0, 57403.0, 58528.0, 201475.0 
GO:0005515 MF 3.00e-06 154/209 12418/29107 D02 protein binding                          52.0, 403.0, 528.0, 659.0, 673.0, 757.0, 801.0, 830.0, 1022.0, 1121.0, 1176.0, 1389.0, 1432.0, 2932.0, 3052.0, 3093.0, 3658.0, 3840.0, 3845.0, 4338.0, 4591.0, 4698.0, 4706.0, 4711.0, 4952.0, 4976.0, 5000.0, 5217.0, 5291.0, 5527.0, 5529.0, 5569.0, 5584.0, 5728.0, 5814.0, 5877.0, 5899.0, 5911.0, 5954.0, 6049.0, 6386.0, 6453.0, 6612.0, 6782.0, 7334.0, 7336.0, 7341.0, 7342.0, 7360.0, 7381.0, 7388.0, 7529.0, 7534.0, 7580.0, 7779.0, 7871.0, 8545.0, 8554.0, 8649.0, 8674.0, 8976.0, 9063.0, 9329.0, 9371.0, 9372.0, 9522.0, 9690.0, 9874.0, 9917.0, 10010.0, 10087.0, 10152.0, 10484.0, 10490.0, 10632.0, 10776.0, 10787.0, 10923.0, 10927.0, 10929.0, 11052.0, 11215.0, 11275.0, 22841.0, 22887.0, 23035.0, 23074.0, 23092.0, 23204.0, 23271.0, 23369.0, 23433.0, 23548.0, 25820.0, 25843.0, 25898.0, 26273.0, 26994.0, 27067.0, 27069.0, 27244.0, 29035.0, 29068.0, 29078.0, 29789.0, 29883.0, 30001.0, 51108.0, 51592.0, 51678.0, 54205.0, 54536.0, 55197.0, 55832.0, 55845.0, 55885.0, 55975.0, 57403.0, 57472.0, 57541.0, 58528.0, 64225.0, 64327.0, 64343.0, 64393.0, 64426.0, 64839.0, 65977.0, 79718.0, 80135.0, 80218.0, 80335.0, 84102.0, 84516.0, 84908.0, 84961.0, 92703.0, 94081.0, 116150.0, 120534.0, 122553.0, 122830.0, 122961.0, 127933.0, 140707.0, 143384.0, 146057.0, 147339.0, 158219.0, 160760.0, 161742.0, 201475.0, 285141.0, 100113407.0 
GO:0004842 MF 4.61e-05   9/209   230/29107 D04 ubiquitin-protein transferase activity   3093.0, 4591.0, 6049.0, 7334.0, 25820.0, 25898.0, 26273.0, 51132.0, 51592.0 
GO:0072542 MF 5.77e-05   3/209    11/29107 D05 protein phosphatase activator activity   801.0, 5527.0, 5529.0 
GO:0061630 MF 6.40e-05  10/209   298/29107 D05 ubiquitin protein ligase activity        4591.0, 6049.0, 9690.0, 25820.0, 25898.0, 26994.0, 51132.0, 54542.0, 56888.0, 147339.0 
