GO:0010594 BP 3.15e-08   5/416     8/29107 D08 regulation of endothelial cell migration 2752.0, 5764.0, 57381.0, 64218.0, 168667.0 
GO:0022900 BP 2.05e-07   9/416    61/29107 D04 electron transport chain                 217.0, 444.0, 2108.0, 2110.0, 2731.0, 4199.0, 8630.0, 29958.0, 80777.0 
GO:0008360 BP 2.49e-07  13/416   149/29107 D06 regulation of cell shape                 2534.0, 4289.0, 4651.0, 5028.0, 5764.0, 10810.0, 10979.0, 22836.0, 55742.0, 55785.0, 57381.0, 64218.0, 121512.0 
GO:0001764 BP 2.31e-06  10/416   103/29107 D05 neuron migration                         558.0, 1399.0, 2534.0, 2823.0, 4897.0, 4915.0, 9856.0, 347733.0, 387119.0, 389549.0 
GO:0007399 BP 5.05e-06  17/416   324/29107 D04 nervous system development               324.0, 558.0, 1910.0, 2247.0, 2674.0, 4045.0, 4693.0, 4983.0, 5538.0, 5764.0, 7101.0, 10439.0, 10675.0, 84750.0, 91851.0, 285382.0, 339479.0 
GO:0030182 BP 1.20e-05  11/416   151/29107 D04 neuron differentiation                   1901.0, 2018.0, 2535.0, 3730.0, 4915.0, 4983.0, 8321.0, 8322.0, 8325.0, 9355.0, 81618.0 
GO:0016055 BP 2.18e-05  11/416   161/29107 D07 Wnt signaling pathway                    324.0, 1363.0, 2535.0, 4693.0, 8322.0, 10979.0, 11197.0, 23043.0, 80319.0, 84133.0, 337867.0 
GO:0005759 CC 7.41e-07  21/416   381/29107 D05 mitochondrial matrix                     205.0, 217.0, 1666.0, 2108.0, 2110.0, 2731.0, 2746.0, 3418.0, 4329.0, 7915.0, 10247.0, 10449.0, 11112.0, 29958.0, 50808.0, 51218.0, 55526.0, 55856.0, 64850.0, 80221.0, 84706.0 
GO:0009986 CC 1.18e-06  29/416   579/29107 D02 cell surface                             558.0, 966.0, 1956.0, 2023.0, 2152.0, 2261.0, 2262.0, 3730.0, 4693.0, 4907.0, 5028.0, 5738.0, 5764.0, 6383.0, 6385.0, 6506.0, 6507.0, 6509.0, 6520.0, 8321.0, 8322.0, 8671.0, 9378.0, 10267.0, 10675.0, 10979.0, 11197.0, 56034.0, 58494.0 
GO:0005783 CC 1.36e-06  36/416  1040/29107 D05 endoplasmic reticulum                    348.0, 444.0, 1471.0, 2040.0, 2261.0, 2746.0, 3709.0, 4257.0, 5283.0, 5451.0, 5764.0, 8630.0, 9378.0, 10006.0, 10439.0, 10668.0, 10956.0, 11328.0, 23197.0, 23205.0, 23305.0, 23382.0, 25840.0, 27230.0, 51060.0, 51495.0, 51669.0, 54708.0, 54898.0, 57795.0, 84750.0, 150209.0, 163590.0, 286451.0, 337867.0, 339479.0 
GO:0070062 CC 1.86e-06  68/416  2169/29107 D06 extracellular exosome                    217.0, 230.0, 334.0, 348.0, 416.0, 427.0, 558.0, 966.0, 1363.0, 1471.0, 1491.0, 2023.0, 2040.0, 2674.0, 2739.0, 2752.0, 2787.0, 2823.0, 3081.0, 3418.0, 3945.0, 3977.0, 4907.0, 5223.0, 5236.0, 5286.0, 5306.0, 5538.0, 5654.0, 5786.0, 5867.0, 5878.0, 6385.0, 6509.0, 6520.0, 6565.0, 6623.0, 6717.0, 8338.0, 8347.0, 8364.0, 8644.0, 8671.0, 8741.0, 8895.0, 8991.0, 9356.0, 9630.0, 10006.0, 10247.0, 10810.0, 22836.0, 23043.0, 23541.0, 23576.0, 51458.0, 51506.0, 55604.0, 56034.0, 57381.0, 79017.0, 79901.0, 81618.0, 83874.0, 84418.0, 140576.0, 146556.0, 151742.0 
GO:0005739 CC 1.90e-06  51/416  1305/29107 D05 mitochondrion                            205.0, 788.0, 1374.0, 1666.0, 2040.0, 2108.0, 2534.0, 2731.0, 2746.0, 2752.0, 3096.0, 3418.0, 4128.0, 4199.0, 4257.0, 4329.0, 5028.0, 5264.0, 5445.0, 6392.0, 6717.0, 7374.0, 7915.0, 8228.0, 8895.0, 10247.0, 10449.0, 10993.0, 11112.0, 22921.0, 25994.0, 28998.0, 29958.0, 50640.0, 50808.0, 51218.0, 54708.0, 54902.0, 54948.0, 54996.0, 55526.0, 64757.0, 84263.0, 93058.0, 94097.0, 114971.0, 116151.0, 116228.0, 150209.0, 205327.0, 339479.0 
GO:0005777 CC 2.75e-06  10/416   105/29107 D06 peroxisome                               51.0, 225.0, 1962.0, 3418.0, 5264.0, 10247.0, 50640.0, 51268.0, 54996.0, 84263.0 
GO:0005886 CC 2.81e-06 125/416  4487/29107 D03 plasma membrane                          19.0, 136.0, 324.0, 334.0, 348.0, 444.0, 477.0, 558.0, 779.0, 966.0, 1008.0, 1363.0, 1471.0, 1901.0, 1910.0, 1956.0, 2023.0, 2040.0, 2152.0, 2157.0, 2261.0, 2262.0, 2534.0, 2535.0, 2674.0, 2706.0, 2731.0, 2739.0, 2752.0, 2787.0, 2823.0, 3709.0, 3730.0, 3782.0, 3977.0, 3987.0, 4045.0, 4257.0, 4504.0, 4651.0, 4897.0, 4907.0, 4915.0, 4935.0, 5028.0, 5255.0, 5286.0, 5445.0, 5654.0, 5764.0, 5786.0, 5803.0, 5867.0, 5878.0, 6016.0, 6383.0, 6385.0, 6506.0, 6507.0, 6509.0, 6520.0, 6538.0, 6565.0, 8321.0, 8322.0, 8325.0, 8613.0, 8671.0, 8776.0, 8895.0, 8909.0, 9071.0, 9262.0, 9263.0, 9283.0, 9356.0, 9378.0, 9630.0, 9843.0, 9856.0, 10267.0, 10633.0, 10979.0, 11031.0, 22836.0, 23205.0, 23305.0, 23620.0, 23705.0, 50944.0, 51094.0, 51458.0, 53919.0, 54762.0, 55256.0, 55366.0, 55540.0, 55604.0, 55742.0, 56034.0, 56301.0, 57348.0, 57381.0, 57669.0, 57678.0, 58494.0, 64218.0, 64750.0, 79901.0, 80243.0, 80723.0, 81618.0, 83874.0, 84133.0, 84418.0, 85021.0, 116238.0, 116372.0, 130574.0, 140576.0, 154091.0, 260425.0, 284111.0, 286183.0, 375704.0 
GO:0016021 CC 3.27e-06  86/416  3536/29107 D03 integral component of membrane           225.0, 334.0, 444.0, 788.0, 1901.0, 2152.0, 2262.0, 2535.0, 2681.0, 3709.0, 3782.0, 4128.0, 4257.0, 4935.0, 5139.0, 5738.0, 6383.0, 6392.0, 6509.0, 6520.0, 6538.0, 8321.0, 8325.0, 8613.0, 8992.0, 9071.0, 9283.0, 9486.0, 9741.0, 9843.0, 9856.0, 9936.0, 10675.0, 10804.0, 11311.0, 23231.0, 23305.0, 23554.0, 23705.0, 25834.0, 25994.0, 26123.0, 27230.0, 50640.0, 51094.0, 54708.0, 54741.0, 54762.0, 55901.0, 56994.0, 57348.0, 57462.0, 57678.0, 64224.0, 64757.0, 79794.0, 79901.0, 80723.0, 80777.0, 81618.0, 83733.0, 84275.0, 84418.0, 84620.0, 84750.0, 84925.0, 92293.0, 116135.0, 116151.0, 116228.0, 116238.0, 146223.0, 147991.0, 151742.0, 154091.0, 163590.0, 165215.0, 201931.0, 284111.0, 286183.0, 286451.0, 337867.0, 340596.0, 389203.0, 100128731.0, 100996492.0 
GO:0005829 CC 3.50e-06 124/416  5295/29107 D02 cytosol                                  51.0, 225.0, 230.0, 324.0, 788.0, 1399.0, 1491.0, 1635.0, 1666.0, 1840.0, 1962.0, 2023.0, 2241.0, 2534.0, 2706.0, 2739.0, 2752.0, 3081.0, 3096.0, 3418.0, 3613.0, 3945.0, 3987.0, 4045.0, 4128.0, 4199.0, 4281.0, 4289.0, 4504.0, 4651.0, 4907.0, 4915.0, 5139.0, 5223.0, 5236.0, 5255.0, 5264.0, 5270.0, 5286.0, 5306.0, 5507.0, 5525.0, 5538.0, 5610.0, 5654.0, 5867.0, 6017.0, 6303.0, 6717.0, 7027.0, 7159.0, 7274.0, 7319.0, 7328.0, 8228.0, 8347.0, 8644.0, 8665.0, 8682.0, 8741.0, 8776.0, 8895.0, 8897.0, 8991.0, 10006.0, 10160.0, 10221.0, 10247.0, 10611.0, 10783.0, 10804.0, 10979.0, 10993.0, 11031.0, 11260.0, 11278.0, 22836.0, 22916.0, 22921.0, 23043.0, 23175.0, 23205.0, 23286.0, 23382.0, 23541.0, 23576.0, 27230.0, 27303.0, 50944.0, 51130.0, 51248.0, 51268.0, 51666.0, 54469.0, 55062.0, 55256.0, 55604.0, 55629.0, 55742.0, 55856.0, 55901.0, 56034.0, 56907.0, 57533.0, 57669.0, 57706.0, 64750.0, 64759.0, 79017.0, 79719.0, 79870.0, 80150.0, 80243.0, 83592.0, 83874.0, 85021.0, 121512.0, 140576.0, 146556.0, 150209.0, 150280.0, 219736.0, 284111.0, 389549.0 
GO:0016020 CC 9.39e-06  56/416  2120/29107 D02 membrane                                 51.0, 334.0, 348.0, 477.0, 966.0, 1374.0, 1956.0, 2023.0, 2040.0, 2787.0, 3709.0, 3945.0, 4907.0, 4935.0, 5098.0, 5223.0, 5286.0, 5525.0, 5538.0, 5610.0, 5786.0, 6506.0, 6507.0, 6509.0, 6520.0, 6717.0, 7107.0, 8228.0, 8364.0, 8613.0, 8665.0, 8671.0, 8741.0, 8776.0, 8897.0, 8991.0, 9486.0, 9936.0, 10611.0, 10675.0, 23305.0, 23554.0, 25840.0, 50640.0, 50944.0, 51094.0, 54708.0, 55540.0, 56301.0, 56994.0, 80777.0, 84263.0, 146556.0, 163590.0, 260425.0, 340596.0 
GO:0045121 CC 1.05e-05  14/416   240/29107 D04 membrane raft                            19.0, 1901.0, 1910.0, 1956.0, 2040.0, 2534.0, 3945.0, 5538.0, 6385.0, 6506.0, 8613.0, 64750.0, 79870.0, 130574.0 
GO:0005741 CC 1.19e-05  12/416   180/29107 D06 mitochondrial outer membrane             1374.0, 4128.0, 4257.0, 4504.0, 23175.0, 23305.0, 54708.0, 54996.0, 57678.0, 64757.0, 80777.0, 116151.0 
GO:0098978 CC 2.71e-05  16/416   332/29107 D04 glutamatergic synapse                    348.0, 1008.0, 2534.0, 2823.0, 4983.0, 5028.0, 6506.0, 8322.0, 8404.0, 10160.0, 10675.0, 10810.0, 23043.0, 50944.0, 63827.0, 93664.0 
GO:0005788 CC 3.96e-05  15/416   306/29107 D05 endoplasmic reticulum lumen              334.0, 348.0, 416.0, 1471.0, 2157.0, 6383.0, 8404.0, 10418.0, 10956.0, 29106.0, 51060.0, 55033.0, 56034.0, 79642.0, 91851.0 
GO:0005887 CC 3.98e-05  40/416  1403/29107 D04 integral component of plasma membrane    19.0, 136.0, 558.0, 1910.0, 1956.0, 2040.0, 2261.0, 2706.0, 3977.0, 4897.0, 4915.0, 5028.0, 5098.0, 5786.0, 5803.0, 6385.0, 6506.0, 6507.0, 6509.0, 6538.0, 6565.0, 7107.0, 8322.0, 8613.0, 8671.0, 9356.0, 9378.0, 10267.0, 10675.0, 23554.0, 23620.0, 51458.0, 53919.0, 55366.0, 55540.0, 56301.0, 58494.0, 64218.0, 80723.0, 84133.0 
GO:0005576 CC 4.11e-05  49/416  1854/29107 D02 extracellular region                     230.0, 348.0, 427.0, 1463.0, 1471.0, 2157.0, 2247.0, 2261.0, 2262.0, 3730.0, 4045.0, 4897.0, 5223.0, 5236.0, 5270.0, 5445.0, 5538.0, 5654.0, 5764.0, 5803.0, 7078.0, 8364.0, 8404.0, 8741.0, 8909.0, 10675.0, 11197.0, 23197.0, 25840.0, 29106.0, 51248.0, 55540.0, 55901.0, 56034.0, 56884.0, 57795.0, 63827.0, 79642.0, 80301.0, 84293.0, 90865.0, 91851.0, 116372.0, 130574.0, 167681.0, 205327.0, 339479.0, 375704.0, 389203.0 
GO:0043202 CC 6.69e-05   8/416    95/29107 D06 lysosomal lumen                          427.0, 1463.0, 2262.0, 5538.0, 6383.0, 6385.0, 10675.0, 63827.0 
GO:0030027 CC 7.77e-05  11/416   185/29107 D04 lamellipodium                            324.0, 2241.0, 3983.0, 4651.0, 4810.0, 10006.0, 10810.0, 55604.0, 55742.0, 55785.0, 121512.0 
GO:0016323 CC 1.10e-04  12/416   226/29107 D04 basolateral plasma membrane              19.0, 1956.0, 5028.0, 6520.0, 8613.0, 8671.0, 9356.0, 9843.0, 23705.0, 51248.0, 51458.0, 53919.0 
GO:0005925 CC 1.25e-04  17/416   418/29107 D05 focal adhesion                           966.0, 1956.0, 2261.0, 2535.0, 3987.0, 4810.0, 5786.0, 6385.0, 8321.0, 8895.0, 10979.0, 51495.0, 55742.0, 55901.0, 57669.0, 64759.0, 79038.0 
GO:0005737 CC 2.04e-04  96/416  4681/29107 D02 cytoplasm                                205.0, 324.0, 348.0, 477.0, 767.0, 779.0, 1491.0, 1840.0, 1901.0, 1956.0, 1979.0, 2023.0, 2241.0, 2247.0, 2535.0, 2739.0, 2746.0, 2752.0, 3081.0, 3613.0, 3782.0, 3945.0, 3983.0, 3987.0, 4289.0, 4504.0, 4935.0, 4983.0, 5223.0, 5236.0, 5286.0, 5306.0, 5525.0, 5610.0, 6538.0, 6623.0, 6640.0, 6717.0, 6881.0, 7027.0, 7159.0, 8228.0, 8644.0, 8741.0, 8776.0, 8816.0, 8895.0, 8897.0, 8909.0, 9071.0, 9960.0, 10221.0, 10247.0, 10518.0, 10783.0, 10979.0, 11142.0, 11260.0, 22916.0, 22921.0, 23043.0, 23175.0, 23205.0, 23286.0, 23541.0, 26472.0, 26508.0, 26610.0, 27303.0, 29958.0, 50808.0, 51020.0, 55062.0, 55256.0, 55617.0, 55742.0, 55785.0, 64750.0, 79148.0, 79719.0, 79870.0, 80150.0, 80319.0, 84293.0, 85021.0, 90865.0, 121512.0, 123811.0, 130574.0, 140576.0, 202151.0, 219736.0, 260425.0, 347733.0, 375743.0, 387119.0 
GO:0043025 CC 2.06e-04  15/416   355/29107 D03 neuronal cell body                       348.0, 477.0, 2823.0, 3782.0, 4651.0, 5538.0, 6507.0, 6509.0, 6623.0, 9378.0, 10439.0, 51218.0, 57706.0, 57795.0, 339479.0 
GO:0005743 CC 2.64e-04  16/416   404/29107 D05 mitochondrial inner membrane             788.0, 3945.0, 4700.0, 6392.0, 25994.0, 28998.0, 54902.0, 54948.0, 55349.0, 83733.0, 84275.0, 93058.0, 114971.0, 116228.0, 150209.0, 389203.0 
GO:0005794 CC 2.96e-04  29/416   988/29107 D05 Golgi apparatus                          19.0, 324.0, 348.0, 1363.0, 1471.0, 2261.0, 2674.0, 4810.0, 4935.0, 5538.0, 5738.0, 8325.0, 8613.0, 9486.0, 9547.0, 9741.0, 10675.0, 11311.0, 54741.0, 55629.0, 55785.0, 56681.0, 56994.0, 57533.0, 80723.0, 81618.0, 84333.0, 84750.0, 121512.0 
GO:0005938 CC 3.06e-04   9/416   149/29107 D03 cell cortex                              2241.0, 3709.0, 4289.0, 4651.0, 9936.0, 10979.0, 22836.0, 56907.0, 219736.0 
GO:0048471 CC 3.09e-04  23/416   713/29107 D02 perinuclear region of cytoplasm          19.0, 324.0, 1956.0, 2040.0, 2534.0, 2706.0, 3987.0, 4504.0, 4915.0, 5610.0, 5764.0, 5867.0, 6507.0, 6623.0, 6881.0, 7159.0, 9843.0, 23286.0, 23557.0, 56907.0, 81618.0, 154091.0, 201931.0 
GO:0098796 CC 6.06e-04   2/416     3/29107 D02 membrane protein complex                 6506.0, 6507.0 
GO:0098890 CC 6.06e-04   2/416     3/29107 D05 extrinsic component of postsynaptic membrane 1399.0, 10160.0 
GO:1903958 CC 6.06e-04   2/416     3/29107 D04 nitric-oxide synthase complex            64757.0, 80777.0 
GO:0005796 CC 7.07e-04   7/416   103/29107 D05 Golgi lumen                              1463.0, 2157.0, 2262.0, 6383.0, 6385.0, 10675.0, 63827.0 
GO:0099059 CC 7.45e-04   3/416    13/29107 D07 integral component of presynaptic active zone membrane 1008.0, 2823.0, 5028.0 
GO:0043235 CC 9.07e-04  10/416   209/29107 D02 receptor complex                         558.0, 1956.0, 2261.0, 2674.0, 3709.0, 3977.0, 4915.0, 5786.0, 9283.0, 10267.0 
GO:0030165 MF 3.44e-07  11/416    84/29107 D04 PDZ domain binding                       51.0, 2535.0, 2787.0, 6383.0, 6640.0, 8321.0, 8322.0, 8325.0, 23705.0, 80319.0, 83874.0 
GO:0009055 MF 3.60e-07  10/416    65/29107 D03 electron transfer activity               217.0, 444.0, 2108.0, 2110.0, 2731.0, 4199.0, 6392.0, 8630.0, 29958.0, 80777.0 
GO:0016491 MF 6.42e-07  12/416   112/29107 D02 oxidoreductase activity                  2108.0, 2110.0, 2157.0, 8630.0, 9843.0, 29958.0, 55256.0, 55349.0, 79901.0, 83592.0, 84263.0, 150209.0 
GO:0042802 MF 2.78e-06  46/416  1494/29107 D03 identical protein binding                334.0, 348.0, 1374.0, 1399.0, 1471.0, 1491.0, 1635.0, 1666.0, 1956.0, 2040.0, 2247.0, 2261.0, 2534.0, 2706.0, 2746.0, 2752.0, 3081.0, 3945.0, 4199.0, 4257.0, 4281.0, 4289.0, 5445.0, 5610.0, 5654.0, 6303.0, 6383.0, 6385.0, 6881.0, 7159.0, 7915.0, 8347.0, 8665.0, 8671.0, 9071.0, 9356.0, 10247.0, 50944.0, 51094.0, 51458.0, 55617.0, 64750.0, 79901.0, 84105.0, 123811.0, 286451.0 
GO:0005515 MF 4.07e-06 282/416 12418/29107 D02 protein binding                          19.0, 136.0, 205.0, 225.0, 230.0, 324.0, 334.0, 348.0, 444.0, 477.0, 558.0, 767.0, 779.0, 788.0, 966.0, 1363.0, 1399.0, 1471.0, 1491.0, 1635.0, 1840.0, 1901.0, 1910.0, 1956.0, 1962.0, 1979.0, 2018.0, 2023.0, 2040.0, 2108.0, 2110.0, 2152.0, 2157.0, 2241.0, 2247.0, 2261.0, 2262.0, 2534.0, 2535.0, 2706.0, 2739.0, 2746.0, 2752.0, 2787.0, 2823.0, 3006.0, 3081.0, 3096.0, 3613.0, 3730.0, 3945.0, 3977.0, 3983.0, 3987.0, 4045.0, 4128.0, 4257.0, 4281.0, 4289.0, 4504.0, 4651.0, 4693.0, 4897.0, 4907.0, 4915.0, 4935.0, 5028.0, 5139.0, 5223.0, 5236.0, 5264.0, 5270.0, 5283.0, 5306.0, 5451.0, 5504.0, 5507.0, 5509.0, 5525.0, 5538.0, 5610.0, 5654.0, 5738.0, 5764.0, 5786.0, 5803.0, 5867.0, 5878.0, 6016.0, 6017.0, 6096.0, 6303.0, 6383.0, 6385.0, 6392.0, 6506.0, 6507.0, 6520.0, 6565.0, 6623.0, 6640.0, 6717.0, 6881.0, 7027.0, 7078.0, 7107.0, 7159.0, 7274.0, 7319.0, 7328.0, 7374.0, 7772.0, 8321.0, 8322.0, 8325.0, 8347.0, 8364.0, 8404.0, 8613.0, 8665.0, 8671.0, 8682.0, 8816.0, 8895.0, 8897.0, 8991.0, 8992.0, 9071.0, 9283.0, 9355.0, 9356.0, 9378.0, 9547.0, 9630.0, 9741.0, 9760.0, 9856.0, 9936.0, 10006.0, 10160.0, 10221.0, 10247.0, 10267.0, 10418.0, 10439.0, 10449.0, 10518.0, 10611.0, 10668.0, 10675.0, 10783.0, 10804.0, 10956.0, 10979.0, 10993.0, 11031.0, 11112.0, 11142.0, 11197.0, 11260.0, 11278.0, 11311.0, 22836.0, 22916.0, 22921.0, 23043.0, 23099.0, 23175.0, 23197.0, 23286.0, 23382.0, 23554.0, 23557.0, 23705.0, 25840.0, 25842.0, 26123.0, 26508.0, 26610.0, 27230.0, 28998.0, 29106.0, 50808.0, 50944.0, 51020.0, 51060.0, 51094.0, 51130.0, 51218.0, 51248.0, 51268.0, 51458.0, 51495.0, 51506.0, 51669.0, 54469.0, 54708.0, 54741.0, 54762.0, 54898.0, 54902.0, 55033.0, 55062.0, 55256.0, 55349.0, 55366.0, 55526.0, 55540.0, 55588.0, 55604.0, 55629.0, 55742.0, 55840.0, 55856.0, 55901.0, 56034.0, 56301.0, 56681.0, 56884.0, 56907.0, 56994.0, 57348.0, 57381.0, 57533.0, 57669.0, 57678.0, 58494.0, 63827.0, 63877.0, 64218.0, 64224.0, 64750.0, 64757.0, 64759.0, 79038.0, 79148.0, 79632.0, 79719.0, 79794.0, 79901.0, 80221.0, 80723.0, 80777.0, 81563.0, 81611.0, 81618.0, 83733.0, 83874.0, 84105.0, 84133.0, 84333.0, 84418.0, 85021.0, 90865.0, 91750.0, 94097.0, 112495.0, 114971.0, 116135.0, 116151.0, 116228.0, 116238.0, 123811.0, 130574.0, 140576.0, 146223.0, 150280.0, 163590.0, 167681.0, 202151.0, 219736.0, 260425.0, 284111.0, 285282.0, 286451.0, 337867.0, 340596.0, 347733.0, 389203.0, 389549.0, 414149.0, 100128731.0 
GO:0030170 MF 1.30e-05   7/416    55/29107 D05 pyridoxal phosphate binding              1491.0, 2731.0, 10993.0, 54996.0, 64757.0, 64850.0, 84706.0 
GO:0042803 MF 4.30e-05  24/416   671/29107 D04 protein homodimerization activity        51.0, 225.0, 348.0, 2023.0, 2040.0, 2731.0, 3613.0, 4281.0, 4289.0, 4693.0, 4915.0, 8322.0, 8776.0, 10518.0, 10993.0, 23305.0, 23705.0, 26508.0, 56034.0, 79017.0, 140576.0, 146556.0, 201931.0, 285282.0 
GO:0042813 MF 4.95e-05   4/416    15/29107 D04 Wnt-activated receptor activity          2535.0, 8321.0, 8322.0, 8325.0 
GO:0017147 MF 6.18e-05   5/416    30/29107 D03 Wnt-protein binding                      2535.0, 8321.0, 8322.0, 8325.0, 11197.0 
GO:0048039 MF 9.72e-05   3/416     7/29107 D03 ubiquinone binding                       2110.0, 6392.0, 93058.0 
