GO:0008380 BP 2.77e-07  15/310   168/29107 D08 RNA splicing                             1665.0, 6421.0, 6733.0, 9129.0, 9169.0, 9584.0, 10199.0, 10915.0, 22985.0, 23451.0, 25962.0, 55119.0, 55131.0, 57187.0, 151987.0 
GO:0015031 BP 3.45e-07  18/310   357/29107 D05 protein transport                        2060.0, 3895.0, 8658.0, 9183.0, 23279.0, 23325.0, 27241.0, 51542.0, 55763.0, 55770.0, 57120.0, 57231.0, 60412.0, 80184.0, 80230.0, 81555.0, 157680.0, 387680.0 
GO:0006397 BP 3.57e-07  14/310   172/29107 D08 mRNA processing                          1665.0, 6421.0, 6426.0, 9129.0, 9169.0, 9584.0, 10236.0, 10915.0, 22985.0, 25962.0, 55119.0, 55131.0, 57187.0, 151987.0 
GO:0006974 BP 4.62e-07  15/310   246/29107 D04 cellular response to DNA damage stimulus 545.0, 6872.0, 7520.0, 8451.0, 9031.0, 11011.0, 23064.0, 23517.0, 25836.0, 51426.0, 55031.0, 55183.0, 57646.0, 257218.0, 259282.0 
GO:0000398 BP 5.81e-07  12/310   180/29107 D11 mRNA splicing, via spliceosome           988.0, 6426.0, 9129.0, 10236.0, 23398.0, 23451.0, 23517.0, 24144.0, 25929.0, 51340.0, 54883.0, 94104.0 
GO:0051301 BP 1.31e-06  16/310   350/29107 D02 cell division                            1062.0, 1778.0, 5586.0, 5898.0, 7175.0, 8658.0, 8881.0, 9126.0, 9183.0, 9793.0, 10051.0, 10735.0, 23063.0, 54617.0, 57448.0, 57695.0 
GO:0006281 BP 1.63e-06  13/310   235/29107 D07 DNA repair                               545.0, 988.0, 8451.0, 8930.0, 9126.0, 11201.0, 51111.0, 51426.0, 54617.0, 55183.0, 57646.0, 257218.0, 259282.0 
GO:0006357 BP 1.76e-06  42/310  1600/29107 D10 regulation of transcription by RNA polymerase II 988.0, 1105.0, 1385.0, 1660.0, 1998.0, 2186.0, 4800.0, 4848.0, 7637.0, 7705.0, 7771.0, 8467.0, 8725.0, 9031.0, 9310.0, 9439.0, 9849.0, 9969.0, 10780.0, 23036.0, 23269.0, 26974.0, 29117.0, 29994.0, 30832.0, 51742.0, 54816.0, 55023.0, 57336.0, 57677.0, 59348.0, 79811.0, 80110.0, 80314.0, 84146.0, 84295.0, 84307.0, 84924.0, 90594.0, 339318.0, 339327.0, 643836.0 
GO:0045944 BP 3.09e-06  30/310  1106/29107 D11 positive regulation of transcription by RNA polymerase II 988.0, 1385.0, 1660.0, 2186.0, 2969.0, 4863.0, 6421.0, 6883.0, 7110.0, 7771.0, 7994.0, 8467.0, 8546.0, 8658.0, 9969.0, 10153.0, 10902.0, 10915.0, 22847.0, 23036.0, 23064.0, 25836.0, 29110.0, 54617.0, 55023.0, 57680.0, 80314.0, 94104.0, 256643.0, 643836.0 
GO:0006893 BP 3.81e-06   5/310    23/29107 D07 Golgi to plasma membrane transport       23233.0, 55763.0, 55770.0, 57120.0, 60412.0 
GO:0000122 BP 3.94e-06  26/310   890/29107 D11 negative regulation of transcription by RNA polymerase II 1739.0, 2186.0, 4848.0, 5933.0, 6421.0, 6872.0, 7175.0, 8725.0, 9205.0, 9318.0, 10915.0, 25836.0, 55183.0, 55646.0, 55689.0, 57680.0, 59348.0, 79648.0, 80014.0, 80110.0, 80314.0, 84295.0, 84924.0, 90594.0, 96459.0, 166968.0 
GO:0000278 BP 1.12e-05   9/310   130/29107 D03 mitotic cell cycle                       988.0, 1062.0, 1778.0, 4927.0, 9126.0, 23063.0, 51174.0, 55193.0, 79648.0 
GO:0018105 BP 1.54e-05  10/310   170/29107 D09 peptidyl-serine phosphorylation          545.0, 5586.0, 6093.0, 6733.0, 6872.0, 8658.0, 9451.0, 11011.0, 23515.0, 29110.0 
GO:0030490 BP 2.08e-05   4/310    16/29107 D10 maturation of SSU-rRNA                   10885.0, 11056.0, 25926.0, 83732.0 
GO:0034644 BP 2.10e-05   6/310    53/29107 D07 cellular response to UV                  545.0, 6872.0, 51426.0, 54617.0, 55031.0, 57646.0 
GO:0006275 BP 6.55e-05   4/310    21/29107 D07 regulation of DNA replication            9126.0, 55704.0, 57695.0, 114799.0 
GO:0071539 BP 6.55e-05   4/310    21/29107 D09 protein localization to centrosome       5108.0, 9857.0, 55125.0, 79648.0 
GO:0016604 CC 4.19e-07  22/310   321/29107 D02 nuclear body                             1660.0, 1998.0, 4685.0, 4928.0, 5586.0, 7174.0, 8658.0, 9031.0, 9169.0, 23064.0, 23379.0, 23398.0, 25929.0, 25962.0, 51426.0, 51520.0, 54617.0, 55183.0, 55904.0, 57646.0, 59348.0, 79811.0 
GO:0016607 CC 5.29e-07  25/310   411/29107 D03 nuclear speck                            988.0, 1665.0, 6421.0, 6426.0, 6733.0, 7994.0, 8930.0, 9129.0, 9321.0, 9584.0, 10051.0, 10915.0, 11201.0, 22985.0, 23451.0, 23517.0, 24144.0, 25962.0, 51340.0, 54883.0, 55269.0, 55904.0, 57187.0, 57223.0, 80230.0 
GO:0005730 CC 5.60e-07  36/310  1187/29107 D05 nucleolus                                1660.0, 1665.0, 6733.0, 6872.0, 7270.0, 7520.0, 7705.0, 7994.0, 9169.0, 9330.0, 9793.0, 9972.0, 10199.0, 10240.0, 10885.0, 11056.0, 23001.0, 23064.0, 23517.0, 24144.0, 25926.0, 25996.0, 26009.0, 27340.0, 51199.0, 51575.0, 55074.0, 55131.0, 55646.0, 56254.0, 79954.0, 80208.0, 84128.0, 84295.0, 84307.0, 387680.0 
GO:0031965 CC 1.48e-06  13/310   233/29107 D04 nuclear membrane                         4928.0, 5108.0, 7175.0, 8315.0, 8658.0, 9330.0, 9972.0, 10390.0, 10885.0, 23001.0, 55183.0, 57508.0, 80314.0 
GO:0005654 CC 2.41e-06 142/310  3805/29107 D02 nucleoplasm                              545.0, 667.0, 988.0, 1062.0, 1105.0, 1385.0, 1434.0, 1660.0, 1665.0, 1998.0, 2186.0, 2187.0, 2803.0, 2969.0, 4528.0, 4800.0, 4848.0, 4863.0, 4927.0, 4928.0, 5431.0, 5586.0, 5933.0, 6421.0, 6426.0, 6733.0, 6872.0, 6873.0, 6883.0, 7174.0, 7175.0, 7270.0, 7520.0, 7994.0, 8315.0, 8451.0, 8467.0, 8658.0, 8725.0, 8881.0, 8930.0, 9015.0, 9031.0, 9044.0, 9126.0, 9129.0, 9169.0, 9318.0, 9321.0, 9330.0, 9439.0, 9584.0, 9652.0, 9969.0, 9972.0, 9994.0, 10051.0, 10054.0, 10199.0, 10236.0, 10735.0, 10885.0, 10902.0, 10915.0, 11056.0, 11201.0, 22985.0, 23001.0, 23032.0, 23063.0, 23064.0, 23243.0, 23269.0, 23272.0, 23325.0, 23350.0, 23379.0, 23398.0, 23451.0, 23515.0, 23517.0, 24144.0, 25836.0, 25926.0, 25929.0, 25962.0, 26009.0, 26054.0, 27030.0, 27327.0, 27340.0, 29072.0, 29110.0, 29117.0, 30832.0, 51111.0, 51174.0, 51199.0, 51340.0, 51426.0, 51542.0, 51575.0, 51585.0, 51742.0, 54617.0, 54883.0, 55031.0, 55037.0, 55164.0, 55183.0, 55193.0, 55269.0, 55291.0, 55646.0, 55814.0, 55904.0, 56254.0, 57187.0, 57223.0, 57508.0, 57646.0, 57665.0, 57680.0, 57695.0, 59348.0, 63920.0, 64328.0, 79070.0, 79648.0, 79811.0, 80314.0, 81555.0, 83732.0, 84128.0, 84181.0, 84295.0, 114799.0, 151987.0, 166968.0, 196528.0, 257218.0, 259282.0 
GO:0016020 CC 2.44e-06  51/310  2120/29107 D02 membrane                                 667.0, 988.0, 1062.0, 1315.0, 1434.0, 1660.0, 1778.0, 2058.0, 2060.0, 2804.0, 2969.0, 3895.0, 4848.0, 5108.0, 5431.0, 7419.0, 7520.0, 8411.0, 8546.0, 9183.0, 9197.0, 9375.0, 9451.0, 9793.0, 9857.0, 9969.0, 9972.0, 10735.0, 11056.0, 23233.0, 23348.0, 25904.0, 25929.0, 26058.0, 26060.0, 27241.0, 51542.0, 54901.0, 55704.0, 55763.0, 55770.0, 57120.0, 57448.0, 57498.0, 57508.0, 57665.0, 60412.0, 80184.0, 85365.0, 114883.0, 201595.0 
GO:0005829 CC 2.63e-06 120/310  5295/29107 D02 cytosol                                  667.0, 1062.0, 1315.0, 1434.0, 1660.0, 1739.0, 1778.0, 1998.0, 2058.0, 2060.0, 2618.0, 2803.0, 2804.0, 4848.0, 4927.0, 4928.0, 5108.0, 5586.0, 6093.0, 6421.0, 6655.0, 6733.0, 6885.0, 7110.0, 7174.0, 7270.0, 7520.0, 7705.0, 7840.0, 7994.0, 8065.0, 8315.0, 8411.0, 8467.0, 8476.0, 8496.0, 8658.0, 8725.0, 8881.0, 8883.0, 9126.0, 9129.0, 9183.0, 9276.0, 9318.0, 9451.0, 9652.0, 9793.0, 9972.0, 10051.0, 10605.0, 10735.0, 22878.0, 22985.0, 23001.0, 23032.0, 23063.0, 23243.0, 23262.0, 23279.0, 23348.0, 25836.0, 25904.0, 25929.0, 25962.0, 26046.0, 26054.0, 26058.0, 26060.0, 26263.0, 27236.0, 27241.0, 27327.0, 29110.0, 29117.0, 51001.0, 51174.0, 51520.0, 51542.0, 51742.0, 54521.0, 54617.0, 54832.0, 55031.0, 55037.0, 55125.0, 55164.0, 55291.0, 55614.0, 55704.0, 55761.0, 55763.0, 55768.0, 55770.0, 55773.0, 57231.0, 57498.0, 57646.0, 57665.0, 57695.0, 60412.0, 64089.0, 64328.0, 64844.0, 79070.0, 80014.0, 80018.0, 80184.0, 80208.0, 80230.0, 83732.0, 84307.0, 85365.0, 94104.0, 96459.0, 114883.0, 115548.0, 201627.0, 221078.0, 387680.0 
GO:0005634 CC 2.88e-06 130/310  5368/29107 D05 nucleus                                  545.0, 667.0, 988.0, 1062.0, 1105.0, 1385.0, 1434.0, 1660.0, 1665.0, 1739.0, 1998.0, 2186.0, 2969.0, 4676.0, 4800.0, 4820.0, 4848.0, 4863.0, 5431.0, 5586.0, 6421.0, 6426.0, 6733.0, 6872.0, 6883.0, 6885.0, 7110.0, 7112.0, 7175.0, 7270.0, 7419.0, 7520.0, 7637.0, 7705.0, 7771.0, 7994.0, 8467.0, 8658.0, 8725.0, 8930.0, 9129.0, 9147.0, 9183.0, 9205.0, 9310.0, 9354.0, 9652.0, 9849.0, 9857.0, 9969.0, 9994.0, 10051.0, 10153.0, 10236.0, 10735.0, 10780.0, 10915.0, 11011.0, 22847.0, 22985.0, 23036.0, 23063.0, 23064.0, 23350.0, 23451.0, 23517.0, 25836.0, 25904.0, 25996.0, 26054.0, 26060.0, 26098.0, 26974.0, 27030.0, 29066.0, 29072.0, 29117.0, 29994.0, 30832.0, 51111.0, 51340.0, 51426.0, 51742.0, 54617.0, 54799.0, 54816.0, 54883.0, 55023.0, 55031.0, 55074.0, 55100.0, 55183.0, 55269.0, 55291.0, 55646.0, 55768.0, 55904.0, 56254.0, 57336.0, 57337.0, 57396.0, 57448.0, 57508.0, 57646.0, 57665.0, 57677.0, 57680.0, 57695.0, 59348.0, 64844.0, 79811.0, 79830.0, 80110.0, 80184.0, 80314.0, 84146.0, 84295.0, 84924.0, 85365.0, 90594.0, 94104.0, 114825.0, 123283.0, 151987.0, 166968.0, 196441.0, 253959.0, 339318.0, 339327.0, 643836.0 
GO:0000242 CC 3.01e-06   5/310    22/29107 D02 pericentriolar material                  5108.0, 8658.0, 27241.0, 51199.0, 55125.0 
GO:0005814 CC 3.54e-06  10/310   144/29107 D05 centriole                                5108.0, 6093.0, 7840.0, 9857.0, 51174.0, 51199.0, 55125.0, 55704.0, 80184.0, 153241.0 
GO:0071013 CC 3.58e-06   8/310    85/29107 D04 catalytic step 2 spliceosome             988.0, 6426.0, 10236.0, 23398.0, 23451.0, 23517.0, 24144.0, 51340.0 
GO:0005737 CC 3.64e-06  92/310  4681/29107 D02 cytoplasm                                667.0, 889.0, 988.0, 1105.0, 1434.0, 1660.0, 1739.0, 2058.0, 2060.0, 2186.0, 2803.0, 2969.0, 4676.0, 4820.0, 4848.0, 4863.0, 5108.0, 5586.0, 6093.0, 6426.0, 6733.0, 7174.0, 7175.0, 8315.0, 8411.0, 8476.0, 8658.0, 8725.0, 8881.0, 8883.0, 9318.0, 9354.0, 9451.0, 9652.0, 9793.0, 9857.0, 9994.0, 10054.0, 10605.0, 23001.0, 23032.0, 23063.0, 23064.0, 24144.0, 25929.0, 26054.0, 26060.0, 27340.0, 29110.0, 29117.0, 51174.0, 51520.0, 51585.0, 54832.0, 55031.0, 55125.0, 55164.0, 55183.0, 55269.0, 55614.0, 55646.0, 55704.0, 55761.0, 55763.0, 55768.0, 55904.0, 57120.0, 57223.0, 57337.0, 57508.0, 60412.0, 64328.0, 64398.0, 64786.0, 79648.0, 80014.0, 80018.0, 80184.0, 80208.0, 80230.0, 85365.0, 96459.0, 115548.0, 116984.0, 123283.0, 151987.0, 153241.0, 201627.0, 221078.0, 221322.0, 253959.0, 285753.0 
GO:0005813 CC 4.65e-06  19/310   528/29107 D03 centrosome                               1660.0, 1778.0, 5108.0, 5586.0, 7840.0, 8881.0, 9793.0, 9857.0, 23032.0, 23063.0, 51199.0, 55125.0, 55704.0, 57223.0, 80184.0, 151987.0, 153241.0, 259282.0, 285753.0 
GO:0005643 CC 5.37e-06   7/310    64/29107 D03 nuclear pore                             4927.0, 4928.0, 7175.0, 8658.0, 9972.0, 23279.0, 64328.0 
GO:0005681 CC 5.50e-06   8/310    90/29107 D03 spliceosomal complex                     988.0, 1665.0, 9129.0, 10236.0, 23451.0, 24144.0, 51340.0, 55131.0 
GO:0005794 CC 8.60e-06  27/310   988/29107 D05 Golgi apparatus                          545.0, 1315.0, 1739.0, 2803.0, 2804.0, 7110.0, 8546.0, 8658.0, 9321.0, 9375.0, 9832.0, 10390.0, 23032.0, 23063.0, 26058.0, 27327.0, 51542.0, 54521.0, 55676.0, 55704.0, 55773.0, 57120.0, 64398.0, 80018.0, 81555.0, 84068.0, 114883.0 
GO:0000145 CC 2.69e-05   4/310    17/29107 D03 exocyst                                  23233.0, 55763.0, 55770.0, 60412.0 
GO:0090543 CC 3.31e-05   5/310    35/29107 D02 Flemming body                            5898.0, 55763.0, 55770.0, 57448.0, 60412.0 
GO:0032040 CC 5.68e-05   5/310    39/29107 D04 small-subunit processome                 7520.0, 10199.0, 10885.0, 27340.0, 79954.0 
GO:0000781 CC 5.80e-05   9/310   160/29107 D03 chromosome, telomeric region             545.0, 5431.0, 7520.0, 8658.0, 23064.0, 23347.0, 24144.0, 55183.0, 57187.0 
GO:0032991 CC 2.09e-04  18/310   643/29107 D01 protein-containing complex               1660.0, 5108.0, 5586.0, 7520.0, 8883.0, 9584.0, 9793.0, 26058.0, 55757.0, 55904.0, 57120.0, 57498.0, 57646.0, 57680.0, 64398.0, 80184.0, 166968.0, 201595.0 
GO:0044615 CC 2.45e-04   3/310    12/29107 D03 nuclear pore nuclear basket              4928.0, 7175.0, 9972.0 
GO:0034399 CC 2.45e-04   3/310    12/29107 D02 nuclear periphery                        4928.0, 7175.0, 9972.0 
GO:0042405 CC 3.16e-04   3/310    13/29107 D04 nuclear inclusion body                   4928.0, 7175.0, 9972.0 
GO:0005671 CC 3.16e-04   3/310    13/29107 D08 Ada2/Gcn5/Ada3 transcription activator complex 6885.0, 26009.0, 55689.0 
GO:1990112 CC 3.37e-04   2/310     3/29107 D02 RQC complex                              9147.0, 26046.0 
GO:0000776 CC 3.42e-04   7/310   122/29107 D05 kinetochore                              1062.0, 4928.0, 7175.0, 9183.0, 9793.0, 23279.0, 84295.0 
GO:0000775 CC 3.83e-04   5/310    58/29107 D03 chromosome, centromeric region           1062.0, 9126.0, 10051.0, 10735.0, 23063.0 
GO:0097431 CC 5.68e-04   4/310    36/29107 D03 mitotic spindle pole                     8658.0, 9126.0, 10735.0, 51199.0 
GO:0030289 CC 6.69e-04   2/310     4/29107 D06 protein phosphatase 4 complex            57223.0, 151987.0 
GO:0043219 CC 6.69e-04   2/310     4/29107 D02 lateral loop                             1739.0, 64398.0 
GO:0005615 CC 2.31e-05   3/310  1693/29107 D02 extracellular space                      889.0, 51575.0, 196441.0 
GO:0005576 CC 9.59e-05   5/310  1854/29107 D02 extracellular region                     1778.0, 6093.0, 7520.0, 64786.0, 80184.0 
GO:0008094 MF 1.14e-07   7/310    37/29107 D04 ATPase, acting on DNA                    2186.0, 7520.0, 8467.0, 9044.0, 54617.0, 57680.0, 84181.0 
GO:0042393 MF 2.43e-07  13/310   166/29107 D03 histone binding                          4676.0, 7994.0, 8467.0, 8658.0, 9031.0, 29117.0, 54617.0, 54799.0, 55689.0, 56254.0, 57680.0, 84295.0, 114825.0 
GO:0003682 MF 6.75e-07  19/310   418/29107 D02 chromatin binding                        4676.0, 5431.0, 6421.0, 6873.0, 7175.0, 7270.0, 8725.0, 9126.0, 10051.0, 10735.0, 23272.0, 25836.0, 27030.0, 51111.0, 54799.0, 55193.0, 56254.0, 57680.0, 114825.0 
GO:0003677 MF 7.60e-07  40/310   921/29107 D04 DNA binding                              545.0, 988.0, 1105.0, 1660.0, 2969.0, 4800.0, 5431.0, 6421.0, 6655.0, 6883.0, 7110.0, 7112.0, 7270.0, 7520.0, 7637.0, 7705.0, 7994.0, 8467.0, 8930.0, 9015.0, 9044.0, 9330.0, 9972.0, 22847.0, 23036.0, 23064.0, 23347.0, 26009.0, 29994.0, 54617.0, 55193.0, 55646.0, 57680.0, 59348.0, 84181.0, 84295.0, 94104.0, 196528.0, 256643.0, 257218.0 
GO:0070615 MF 9.98e-07   7/310    32/29107 D02 nucleosome-dependent ATPase activity     1105.0, 8467.0, 9044.0, 54617.0, 57680.0, 84181.0, 257218.0 
GO:0003723 MF 1.10e-06  57/310  1388/29107 D04 RNA binding                              988.0, 1660.0, 1665.0, 1778.0, 2804.0, 3895.0, 4528.0, 4676.0, 5431.0, 5586.0, 6421.0, 6426.0, 6733.0, 7175.0, 7520.0, 9129.0, 9169.0, 9584.0, 10153.0, 10199.0, 10236.0, 10240.0, 10605.0, 10885.0, 10915.0, 11056.0, 11222.0, 22985.0, 23064.0, 23272.0, 23350.0, 23451.0, 23515.0, 23517.0, 25821.0, 25926.0, 25929.0, 25962.0, 26058.0, 27327.0, 27340.0, 29066.0, 51340.0, 51575.0, 54505.0, 55037.0, 55119.0, 55131.0, 55269.0, 55646.0, 64969.0, 79811.0, 79868.0, 79954.0, 84128.0, 84295.0, 85476.0 
GO:0005524 MF 1.11e-06  41/310  1458/29107 D08 ATP binding                              545.0, 1062.0, 1105.0, 1660.0, 1665.0, 1778.0, 2058.0, 2618.0, 5586.0, 6093.0, 6733.0, 6872.0, 6885.0, 7520.0, 8467.0, 8476.0, 9031.0, 9044.0, 9126.0, 9451.0, 10051.0, 10054.0, 11011.0, 11056.0, 23064.0, 23262.0, 23347.0, 23517.0, 27030.0, 29110.0, 51520.0, 54505.0, 54617.0, 55614.0, 57396.0, 57680.0, 64398.0, 83732.0, 84181.0, 123283.0, 257218.0 
GO:0016887 MF 1.40e-06  14/310   270/29107 D07 ATP hydrolysis activity                  1105.0, 1660.0, 1665.0, 8467.0, 11056.0, 22985.0, 23347.0, 23517.0, 27030.0, 54505.0, 54617.0, 55614.0, 57680.0, 84181.0 
GO:0005515 MF 3.44e-06 228/310 12418/29107 D02 protein binding                          545.0, 667.0, 889.0, 988.0, 1062.0, 1105.0, 1315.0, 1385.0, 1434.0, 1660.0, 1665.0, 1739.0, 1778.0, 1998.0, 2058.0, 2060.0, 2186.0, 2187.0, 2803.0, 2804.0, 2969.0, 3895.0, 4676.0, 4800.0, 4848.0, 4863.0, 4927.0, 4928.0, 5108.0, 5431.0, 5586.0, 5898.0, 5933.0, 6093.0, 6400.0, 6421.0, 6426.0, 6655.0, 6733.0, 6872.0, 6873.0, 6883.0, 6885.0, 7110.0, 7112.0, 7174.0, 7175.0, 7220.0, 7270.0, 7520.0, 7637.0, 7705.0, 7994.0, 8065.0, 8315.0, 8411.0, 8451.0, 8467.0, 8476.0, 8496.0, 8546.0, 8658.0, 8725.0, 8774.0, 8881.0, 8883.0, 8930.0, 9015.0, 9031.0, 9126.0, 9129.0, 9169.0, 9183.0, 9205.0, 9276.0, 9318.0, 9321.0, 9330.0, 9354.0, 9439.0, 9451.0, 9584.0, 9652.0, 9793.0, 9832.0, 9857.0, 9972.0, 9994.0, 10051.0, 10054.0, 10199.0, 10236.0, 10240.0, 10390.0, 10605.0, 10735.0, 10902.0, 10915.0, 11011.0, 11201.0, 22878.0, 22985.0, 23001.0, 23032.0, 23063.0, 23064.0, 23233.0, 23243.0, 23269.0, 23272.0, 23279.0, 23347.0, 23348.0, 23350.0, 23379.0, 23431.0, 23451.0, 23515.0, 23517.0, 24144.0, 25831.0, 25836.0, 25904.0, 25926.0, 25929.0, 25962.0, 26009.0, 26046.0, 26054.0, 26058.0, 26060.0, 26098.0, 26263.0, 26974.0, 27030.0, 27236.0, 27241.0, 27327.0, 27340.0, 29072.0, 29110.0, 29117.0, 29994.0, 51001.0, 51111.0, 51199.0, 51227.0, 51340.0, 51520.0, 51542.0, 51742.0, 54521.0, 54617.0, 54799.0, 54883.0, 54901.0, 55023.0, 55031.0, 55037.0, 55125.0, 55164.0, 55183.0, 55193.0, 55269.0, 55291.0, 55646.0, 55689.0, 55704.0, 55757.0, 55761.0, 55763.0, 55768.0, 55770.0, 55773.0, 55904.0, 56254.0, 57120.0, 57187.0, 57337.0, 57396.0, 57448.0, 57508.0, 57646.0, 57677.0, 57680.0, 57695.0, 59348.0, 60412.0, 60492.0, 63920.0, 64328.0, 64398.0, 64786.0, 64844.0, 79648.0, 79811.0, 80018.0, 80110.0, 80184.0, 80208.0, 80230.0, 80314.0, 81555.0, 83732.0, 84295.0, 84307.0, 84924.0, 85365.0, 85476.0, 90594.0, 94101.0, 96459.0, 114825.0, 114883.0, 115548.0, 123283.0, 151987.0, 153241.0, 153733.0, 196441.0, 196528.0, 201595.0, 221322.0, 257218.0, 259232.0, 259282.0, 285753.0, 387680.0 
GO:0046872 MF 3.44e-06  50/310  2297/29107 D04 metal ion binding                        1660.0, 2186.0, 2618.0, 5431.0, 6093.0, 7771.0, 9169.0, 9310.0, 9849.0, 9972.0, 10390.0, 10780.0, 11201.0, 22847.0, 23001.0, 23036.0, 23469.0, 25831.0, 26974.0, 29066.0, 29072.0, 29994.0, 30832.0, 51111.0, 51426.0, 54816.0, 54901.0, 55646.0, 55768.0, 55904.0, 56254.0, 57336.0, 57677.0, 59348.0, 80110.0, 80230.0, 83732.0, 84146.0, 84295.0, 84307.0, 84924.0, 90594.0, 116984.0, 196441.0, 196528.0, 201595.0, 257218.0, 339318.0, 339327.0, 643836.0 
GO:0003713 MF 7.80e-06  12/310   231/29107 D03 transcription coactivator activity       1660.0, 4863.0, 4928.0, 6883.0, 7994.0, 9321.0, 9439.0, 9969.0, 10153.0, 10915.0, 29117.0, 56254.0 
GO:0017056 MF 8.84e-06   5/310    27/29107 D02 structural constituent of nuclear pore   4927.0, 4928.0, 7175.0, 9972.0, 23279.0 
GO:0003678 MF 1.03e-05   6/310    47/29107 D05 DNA helicase activity                    1105.0, 1660.0, 7520.0, 23064.0, 57680.0, 84181.0 
GO:0003712 MF 5.72e-05   8/310   124/29107 D02 transcription coregulator activity       1660.0, 4848.0, 4863.0, 7994.0, 9044.0, 9969.0, 10915.0, 256643.0 
GO:0035064 MF 8.04e-05   6/310    67/29107 D05 methylated histone binding               1105.0, 2186.0, 23515.0, 54799.0, 55904.0, 57680.0 
GO:0004674 MF 1.45e-04  12/310   312/29107 D06 protein serine/threonine kinase activity 545.0, 5586.0, 6093.0, 6733.0, 6872.0, 6885.0, 8476.0, 9451.0, 11011.0, 29110.0, 57396.0, 83732.0 
GO:0017025 MF 1.57e-04   4/310    26/29107 D05 TBP-class protein binding                6872.0, 6883.0, 9044.0, 55689.0 
