GO:0002181 BP 3.04e-07 19/1190    85/29107 D08 cytoplasmic translation                  4736.0, 6122.0, 6130.0, 6132.0, 6133.0, 6155.0, 6158.0, 6167.0, 6188.0, 6191.0, 6201.0, 6203.0, 6207.0, 6218.0, 6222.0, 6223.0, 6231.0, 9045.0, 23521.0 
GO:0001938 BP 1.10e-06 14/1190    72/29107 D07 positive regulation of endothelial cell proliferation 650.0, 2277.0, 2475.0, 3148.0, 3690.0, 5578.0, 6387.0, 7060.0, 7423.0, 8828.0, 10000.0, 25865.0, 55109.0, 56005.0 
GO:0006412 BP 1.60e-06 24/1190   195/29107 D07 translation                              1981.0, 2935.0, 4736.0, 6122.0, 6130.0, 6132.0, 6133.0, 6150.0, 6155.0, 6158.0, 6167.0, 6188.0, 6191.0, 6201.0, 6203.0, 6207.0, 6218.0, 6222.0, 6223.0, 6231.0, 9045.0, 23521.0, 113251.0, 100132147.0 
GO:0000470 BP 6.18e-06  6/1190    13/29107 D10 maturation of LSU-rRNA                   3692.0, 4736.0, 6130.0, 10412.0, 26156.0, 84549.0 
GO:0043410 BP 1.03e-05 19/1190   148/29107 D08 positive regulation of MAPK cascade      146.0, 147.0, 150.0, 650.0, 975.0, 1000.0, 1499.0, 1687.0, 2322.0, 3082.0, 3487.0, 5795.0, 5979.0, 6093.0, 6259.0, 8826.0, 25759.0, 56005.0, 85363.0 
GO:0007605 BP 3.03e-05 18/1190   146/29107 D06 sensory perception of sound              40.0, 501.0, 1301.0, 1687.0, 1729.0, 2917.0, 6507.0, 7054.0, 7399.0, 7466.0, 8556.0, 11078.0, 26517.0, 53904.0, 54084.0, 64072.0, 79784.0, 84189.0 
GO:0035195 BP 2.20e-06  1/1190   557/29107 D10 gene silencing by miRNA                  3692.0 
GO:0050911 BP 2.46e-06  0/1190   401/29107 D05 detection of chemical stimulus involved in sensory perception of smell  
GO:0022626 CC 3.73e-07 18/1190    76/29107 D06 cytosolic ribosome                       4736.0, 6122.0, 6130.0, 6132.0, 6133.0, 6155.0, 6158.0, 6167.0, 6188.0, 6191.0, 6201.0, 6203.0, 6207.0, 6218.0, 6222.0, 6223.0, 9045.0, 23521.0 
GO:0005840 CC 7.48e-07 13/1190    51/29107 D05 ribosome                                 821.0, 6133.0, 6155.0, 6188.0, 6191.0, 6201.0, 6203.0, 6207.0, 6218.0, 6222.0, 6223.0, 23521.0, 27230.0 
GO:0005925 CC 1.10e-06 58/1190   418/29107 D05 focal adhesion                           567.0, 824.0, 966.0, 975.0, 976.0, 1000.0, 1499.0, 2037.0, 2195.0, 2665.0, 3339.0, 3655.0, 3688.0, 3690.0, 4736.0, 4988.0, 5747.0, 5786.0, 5817.0, 5829.0, 6122.0, 6130.0, 6132.0, 6133.0, 6155.0, 6188.0, 6191.0, 6201.0, 6203.0, 6207.0, 6218.0, 6222.0, 6223.0, 6840.0, 7052.0, 7525.0, 8462.0, 8516.0, 8675.0, 8754.0, 8826.0, 9902.0, 10015.0, 10095.0, 11078.0, 11170.0, 11261.0, 23332.0, 23521.0, 23603.0, 26136.0, 26986.0, 29843.0, 54914.0, 55740.0, 55742.0, 55901.0, 57514.0 
GO:0005783 CC 3.03e-06 92/1190  1040/29107 D05 endoplasmic reticulum                    362.0, 821.0, 824.0, 831.0, 1384.0, 1717.0, 2010.0, 2040.0, 2132.0, 2264.0, 2322.0, 3107.0, 3134.0, 3140.0, 3460.0, 4257.0, 4923.0, 4938.0, 4988.0, 5045.0, 5130.0, 5283.0, 5578.0, 5861.0, 6188.0, 6342.0, 6646.0, 7052.0, 7060.0, 7095.0, 7466.0, 8372.0, 8516.0, 8692.0, 8760.0, 8878.0, 9117.0, 10130.0, 10439.0, 10463.0, 10483.0, 10558.0, 10613.0, 10652.0, 10668.0, 10749.0, 10956.0, 10981.0, 11001.0, 11261.0, 23509.0, 23585.0, 25825.0, 27230.0, 27348.0, 29800.0, 29940.0, 29979.0, 51201.0, 51246.0, 51257.0, 51594.0, 51703.0, 54499.0, 54511.0, 54867.0, 54982.0, 56005.0, 56605.0, 57222.0, 60481.0, 64714.0, 64848.0, 79087.0, 79844.0, 79947.0, 79993.0, 80235.0, 81671.0, 83440.0, 83787.0, 83857.0, 84650.0, 94101.0, 112609.0, 115817.0, 161291.0, 204219.0, 206358.0, 253558.0, 439921.0, 497661.0 
GO:0005789 CC 3.12e-06 78/1190   973/29107 D04 endoplasmic reticulum membrane           537.0, 821.0, 966.0, 1717.0, 1798.0, 2132.0, 2329.0, 2475.0, 3140.0, 3429.0, 3460.0, 4257.0, 4599.0, 4779.0, 4948.0, 5130.0, 5281.0, 5283.0, 6646.0, 6717.0, 6836.0, 7466.0, 8605.0, 8760.0, 8818.0, 9117.0, 10130.0, 10175.0, 10483.0, 10490.0, 10558.0, 10613.0, 10956.0, 11001.0, 22931.0, 23169.0, 23204.0, 23256.0, 26002.0, 27230.0, 29800.0, 29927.0, 29940.0, 50640.0, 51075.0, 51201.0, 51226.0, 51246.0, 51257.0, 51465.0, 51594.0, 51703.0, 54511.0, 54867.0, 54982.0, 56605.0, 57535.0, 60481.0, 64285.0, 79022.0, 79054.0, 79087.0, 79844.0, 79947.0, 79993.0, 80235.0, 81671.0, 83440.0, 83787.0, 84650.0, 94005.0, 94101.0, 112609.0, 145447.0, 148229.0, 151742.0, 204219.0, 253558.0 
GO:0070062 CC 3.49e-06 191/1190  2169/29107 D06 extracellular exosome                    58.0, 249.0, 280.0, 307.0, 355.0, 362.0, 378.0, 411.0, 486.0, 501.0, 537.0, 563.0, 567.0, 754.0, 781.0, 821.0, 824.0, 952.0, 966.0, 975.0, 976.0, 1075.0, 1272.0, 1293.0, 1378.0, 1499.0, 1674.0, 1968.0, 2027.0, 2037.0, 2040.0, 2059.0, 2132.0, 2195.0, 2495.0, 2512.0, 2665.0, 2710.0, 2752.0, 2778.0, 2787.0, 2799.0, 2885.0, 2947.0, 3107.0, 3133.0, 3248.0, 3250.0, 3339.0, 3688.0, 3690.0, 3692.0, 3795.0, 3912.0, 3915.0, 4067.0, 4218.0, 4249.0, 4482.0, 4645.0, 4736.0, 4860.0, 4907.0, 4969.0, 5045.0, 5049.0, 5175.0, 5226.0, 5274.0, 5393.0, 5578.0, 5583.0, 5641.0, 5689.0, 5693.0, 5708.0, 5786.0, 5795.0, 5800.0, 5861.0, 5865.0, 5878.0, 5899.0, 5908.0, 6051.0, 6122.0, 6155.0, 6158.0, 6188.0, 6191.0, 6203.0, 6207.0, 6222.0, 6223.0, 6231.0, 6282.0, 6387.0, 6451.0, 6517.0, 6520.0, 6557.0, 6611.0, 6693.0, 6697.0, 6717.0, 7052.0, 7060.0, 7264.0, 7280.0, 7295.0, 7296.0, 7348.0, 7358.0, 7473.0, 7525.0, 8345.0, 8350.0, 8352.0, 8359.0, 8366.0, 8499.0, 8611.0, 8741.0, 8751.0, 8754.0, 8826.0, 8857.0, 8878.0, 9045.0, 9289.0, 9578.0, 9687.0, 9696.0, 9748.0, 10015.0, 10095.0, 10130.0, 10247.0, 10627.0, 10752.0, 10791.0, 10875.0, 11001.0, 11043.0, 11098.0, 11140.0, 11167.0, 11190.0, 11261.0, 11280.0, 22949.0, 23318.0, 23405.0, 23433.0, 25797.0, 26986.0, 26994.0, 27044.0, 27348.0, 28970.0, 29800.0, 51181.0, 51762.0, 54039.0, 54414.0, 54825.0, 55020.0, 55276.0, 55748.0, 56954.0, 57402.0, 57447.0, 57535.0, 57826.0, 64005.0, 79017.0, 79784.0, 79901.0, 84418.0, 84617.0, 87769.0, 128866.0, 140576.0, 151742.0, 255743.0, 341640.0, 342372.0, 373156.0, 441531.0, 653689.0, 100037417.0 
GO:0016020 CC 3.54e-06 177/1190  2120/29107 D02 membrane                                 190.0, 246.0, 249.0, 378.0, 567.0, 573.0, 754.0, 817.0, 821.0, 831.0, 886.0, 952.0, 966.0, 975.0, 976.0, 1003.0, 1075.0, 1272.0, 1499.0, 1639.0, 1687.0, 1717.0, 1793.0, 1798.0, 1981.0, 1982.0, 2010.0, 2027.0, 2040.0, 2132.0, 2277.0, 2280.0, 2475.0, 2512.0, 2620.0, 2665.0, 2778.0, 2787.0, 2975.0, 3082.0, 3107.0, 3134.0, 3241.0, 3428.0, 3554.0, 3662.0, 3688.0, 3799.0, 4172.0, 4249.0, 4599.0, 4600.0, 4673.0, 4736.0, 4907.0, 4938.0, 4940.0, 5045.0, 5708.0, 5786.0, 5908.0, 6130.0, 6132.0, 6133.0, 6155.0, 6158.0, 6188.0, 6191.0, 6201.0, 6203.0, 6207.0, 6218.0, 6222.0, 6223.0, 6231.0, 6259.0, 6302.0, 6342.0, 6507.0, 6517.0, 6520.0, 6557.0, 6646.0, 6693.0, 6717.0, 7095.0, 7423.0, 7520.0, 8266.0, 8350.0, 8352.0, 8359.0, 8366.0, 8460.0, 8519.0, 8546.0, 8605.0, 8611.0, 8638.0, 8664.0, 8665.0, 8741.0, 8760.0, 8828.0, 8996.0, 9045.0, 9631.0, 9785.0, 9827.0, 9902.0, 10000.0, 10015.0, 10527.0, 10730.0, 10981.0, 11118.0, 23204.0, 23332.0, 23339.0, 23509.0, 23521.0, 23527.0, 23530.0, 23531.0, 25814.0, 25825.0, 26092.0, 26156.0, 26503.0, 26986.0, 27044.0, 27229.0, 27333.0, 29109.0, 29842.0, 29927.0, 50640.0, 50944.0, 51390.0, 51557.0, 51594.0, 51703.0, 53947.0, 54511.0, 54918.0, 54982.0, 55129.0, 55297.0, 55540.0, 55613.0, 56262.0, 57222.0, 60481.0, 64005.0, 64072.0, 64090.0, 65065.0, 79087.0, 79649.0, 79784.0, 79902.0, 80777.0, 81671.0, 83440.0, 84830.0, 93380.0, 94005.0, 113251.0, 123606.0, 145447.0, 196883.0, 253558.0, 255743.0, 317781.0, 342372.0, 373156.0, 388325.0 
GO:0005654 CC 4.67e-06 229/1190  3805/29107 D02 nucleoplasm                              125.0, 190.0, 330.0, 571.0, 754.0, 817.0, 840.0, 900.0, 994.0, 1003.0, 1059.0, 1075.0, 1399.0, 1499.0, 1793.0, 1998.0, 2004.0, 2010.0, 2029.0, 2037.0, 2246.0, 2475.0, 2646.0, 2885.0, 2975.0, 3148.0, 3248.0, 3428.0, 3662.0, 3669.0, 3690.0, 3692.0, 3841.0, 4013.0, 4172.0, 4193.0, 4303.0, 4329.0, 4482.0, 4779.0, 4796.0, 4907.0, 4938.0, 4940.0, 5097.0, 5356.0, 5393.0, 5527.0, 5578.0, 5613.0, 5625.0, 5689.0, 5693.0, 5708.0, 5711.0, 5822.0, 5887.0, 5980.0, 6119.0, 6155.0, 6188.0, 6191.0, 6201.0, 6203.0, 6207.0, 6218.0, 6222.0, 6223.0, 6231.0, 6285.0, 6342.0, 6520.0, 6599.0, 6606.0, 6632.0, 6697.0, 6717.0, 6772.0, 6838.0, 6936.0, 7030.0, 7295.0, 7296.0, 7332.0, 7358.0, 7443.0, 7520.0, 7564.0, 7818.0, 8089.0, 8266.0, 8317.0, 8345.0, 8350.0, 8352.0, 8359.0, 8366.0, 8462.0, 8544.0, 8556.0, 8605.0, 8621.0, 8631.0, 8638.0, 8741.0, 8878.0, 9054.0, 9130.0, 9284.0, 9325.0, 9618.0, 9652.0, 9687.0, 9785.0, 9792.0, 9917.0, 9960.0, 10102.0, 10171.0, 10220.0, 10360.0, 10459.0, 10526.0, 10527.0, 10668.0, 10741.0, 10898.0, 10951.0, 22861.0, 22909.0, 22916.0, 22955.0, 23214.0, 23231.0, 23326.0, 23522.0, 23567.0, 25849.0, 25865.0, 26147.0, 26469.0, 27000.0, 27297.0, 28970.0, 28996.0, 29109.0, 29843.0, 29855.0, 29979.0, 51231.0, 51317.0, 51367.0, 51460.0, 51530.0, 51535.0, 51562.0, 51703.0, 51741.0, 51759.0, 51762.0, 53339.0, 54221.0, 54756.0, 54856.0, 54913.0, 54957.0, 55008.0, 55170.0, 55297.0, 55357.0, 55540.0, 55644.0, 55646.0, 55748.0, 55775.0, 56892.0, 56938.0, 57149.0, 57222.0, 57616.0, 57706.0, 57721.0, 58490.0, 64005.0, 64121.0, 64750.0, 64789.0, 64800.0, 65110.0, 65258.0, 65986.0, 79068.0, 79109.0, 79870.0, 79902.0, 80013.0, 81550.0, 83892.0, 84101.0, 84232.0, 84456.0, 84881.0, 84930.0, 84950.0, 85015.0, 85363.0, 92689.0, 94032.0, 114799.0, 116028.0, 116447.0, 117246.0, 121274.0, 126526.0, 147645.0, 202559.0, 221711.0, 284111.0, 285489.0, 378708.0, 387103.0, 388121.0, 399818.0, 401541.0, 440348.0, 653689.0, 728888.0, 100132247.0, 101059938.0 
GO:0005737 CC 5.05e-06 290/1190  4681/29107 D02 cytoplasm                                92.0, 147.0, 150.0, 190.0, 307.0, 330.0, 378.0, 571.0, 573.0, 754.0, 767.0, 817.0, 824.0, 831.0, 840.0, 900.0, 947.0, 994.0, 1000.0, 1029.0, 1030.0, 1499.0, 1639.0, 1687.0, 1729.0, 1793.0, 1806.0, 1968.0, 1981.0, 2010.0, 2029.0, 2246.0, 2280.0, 2475.0, 2495.0, 2512.0, 2646.0, 2665.0, 2752.0, 2868.0, 2885.0, 2944.0, 2947.0, 2948.0, 3069.0, 3148.0, 3248.0, 3669.0, 3688.0, 3692.0, 3795.0, 3965.0, 4067.0, 4139.0, 4188.0, 4193.0, 4303.0, 4482.0, 4599.0, 4600.0, 4645.0, 4673.0, 4745.0, 4796.0, 4860.0, 4938.0, 4940.0, 4948.0, 4953.0, 5049.0, 5074.0, 5393.0, 5578.0, 5583.0, 5613.0, 5641.0, 5649.0, 5723.0, 5747.0, 5817.0, 5865.0, 6091.0, 6093.0, 6122.0, 6130.0, 6188.0, 6203.0, 6223.0, 6259.0, 6282.0, 6285.0, 6387.0, 6451.0, 6525.0, 6599.0, 6606.0, 6717.0, 6772.0, 6817.0, 6840.0, 6904.0, 7030.0, 7054.0, 7126.0, 7185.0, 7280.0, 7286.0, 7295.0, 7296.0, 7332.0, 7399.0, 7443.0, 7461.0, 7941.0, 8195.0, 8266.0, 8303.0, 8317.0, 8499.0, 8518.0, 8544.0, 8556.0, 8631.0, 8638.0, 8675.0, 8692.0, 8741.0, 8790.0, 8826.0, 8878.0, 9232.0, 9325.0, 9364.0, 9578.0, 9618.0, 9637.0, 9652.0, 9731.0, 9748.0, 9792.0, 9863.0, 9960.0, 10000.0, 10114.0, 10247.0, 10360.0, 10464.0, 10561.0, 10588.0, 10640.0, 10652.0, 10667.0, 11043.0, 11078.0, 11101.0, 11140.0, 11165.0, 11170.0, 11171.0, 11261.0, 22885.0, 22916.0, 22949.0, 23007.0, 23075.0, 23170.0, 23214.0, 23318.0, 23339.0, 23405.0, 23521.0, 23567.0, 23729.0, 25809.0, 25814.0, 25865.0, 25941.0, 26469.0, 26472.0, 26986.0, 27000.0, 27044.0, 27249.0, 28996.0, 29109.0, 29842.0, 29843.0, 29979.0, 50808.0, 51002.0, 51088.0, 51231.0, 51477.0, 51557.0, 51741.0, 53904.0, 54039.0, 54221.0, 54434.0, 54499.0, 54800.0, 54970.0, 54981.0, 55062.0, 55109.0, 55256.0, 55573.0, 55613.0, 55617.0, 55644.0, 55646.0, 55742.0, 55775.0, 55786.0, 55833.0, 56892.0, 56938.0, 57179.0, 57447.0, 57826.0, 63826.0, 63940.0, 64005.0, 64097.0, 64121.0, 64127.0, 64333.0, 64750.0, 64780.0, 64901.0, 65110.0, 79068.0, 79109.0, 79649.0, 79745.0, 79870.0, 80150.0, 80179.0, 81551.0, 83549.0, 84101.0, 84224.0, 84232.0, 84253.0, 84288.0, 84617.0, 84790.0, 84930.0, 85015.0, 85021.0, 85363.0, 85459.0, 94134.0, 112752.0, 113246.0, 123803.0, 127253.0, 128866.0, 129049.0, 135114.0, 140576.0, 144983.0, 146547.0, 150094.0, 161725.0, 161931.0, 167838.0, 196883.0, 200030.0, 202243.0, 221458.0, 221477.0, 221687.0, 222166.0, 255275.0, 283349.0, 286077.0, 344657.0, 375743.0, 387119.0, 388121.0, 388677.0, 399818.0, 400961.0, 441951.0, 653689.0, 100037417.0, 100127983.0, 100132406.0, 101060226.0 
GO:0005886 CC 5.14e-06 285/1190  4487/29107 D03 plasma membrane                          40.0, 92.0, 125.0, 146.0, 147.0, 150.0, 177.0, 246.0, 249.0, 307.0, 355.0, 362.0, 378.0, 486.0, 567.0, 824.0, 886.0, 944.0, 947.0, 952.0, 966.0, 975.0, 976.0, 1000.0, 1003.0, 1308.0, 1378.0, 1499.0, 1687.0, 1729.0, 2027.0, 2037.0, 2040.0, 2059.0, 2195.0, 2264.0, 2322.0, 2359.0, 2537.0, 2675.0, 2752.0, 2787.0, 2859.0, 2885.0, 2900.0, 2909.0, 2917.0, 3069.0, 3107.0, 3133.0, 3134.0, 3140.0, 3269.0, 3339.0, 3460.0, 3554.0, 3655.0, 3688.0, 3690.0, 3702.0, 3749.0, 3821.0, 3960.0, 4062.0, 4067.0, 4126.0, 4139.0, 4193.0, 4218.0, 4233.0, 4257.0, 4482.0, 4544.0, 4881.0, 4882.0, 4907.0, 4923.0, 4940.0, 4988.0, 5045.0, 5049.0, 5074.0, 5097.0, 5130.0, 5133.0, 5175.0, 5257.0, 5578.0, 5583.0, 5649.0, 5747.0, 5786.0, 5795.0, 5800.0, 5817.0, 5829.0, 5865.0, 5878.0, 5899.0, 5908.0, 5979.0, 6000.0, 6006.0, 6051.0, 6091.0, 6093.0, 6188.0, 6259.0, 6507.0, 6517.0, 6520.0, 6545.0, 6549.0, 6557.0, 6693.0, 6752.0, 6836.0, 6840.0, 7052.0, 7473.0, 7520.0, 7525.0, 7812.0, 8325.0, 8372.0, 8492.0, 8516.0, 8519.0, 8605.0, 8611.0, 8631.0, 8692.0, 8751.0, 8826.0, 8828.0, 8995.0, 9077.0, 9263.0, 9332.0, 9364.0, 9478.0, 9578.0, 9618.0, 9696.0, 9827.0, 9843.0, 9863.0, 10114.0, 10130.0, 10156.0, 10333.0, 10385.0, 10410.0, 10666.0, 10752.0, 10791.0, 11001.0, 11031.0, 11118.0, 11119.0, 11120.0, 11261.0, 22808.0, 22829.0, 22918.0, 22925.0, 22931.0, 22999.0, 23007.0, 23075.0, 23214.0, 23256.0, 23433.0, 23620.0, 23643.0, 25759.0, 25814.0, 25825.0, 25849.0, 25865.0, 26136.0, 26503.0, 26996.0, 27255.0, 27297.0, 27328.0, 29979.0, 30817.0, 50838.0, 50856.0, 50944.0, 51181.0, 51201.0, 51390.0, 51557.0, 51703.0, 51741.0, 51762.0, 53826.0, 53834.0, 54221.0, 54434.0, 54756.0, 54798.0, 54918.0, 55129.0, 55256.0, 55353.0, 55357.0, 55540.0, 55573.0, 55620.0, 55644.0, 55740.0, 55742.0, 55775.0, 56262.0, 56892.0, 57535.0, 57616.0, 57655.0, 57826.0, 58494.0, 60598.0, 63826.0, 63940.0, 64005.0, 64127.0, 64750.0, 64780.0, 79054.0, 79068.0, 79109.0, 79180.0, 79901.0, 79932.0, 80144.0, 80274.0, 80731.0, 81671.0, 84106.0, 84189.0, 84232.0, 84418.0, 85021.0, 85459.0, 90134.0, 91419.0, 93380.0, 94121.0, 112609.0, 114798.0, 115557.0, 115752.0, 116337.0, 116372.0, 118426.0, 123606.0, 137075.0, 140576.0, 140803.0, 148229.0, 161253.0, 161291.0, 196051.0, 196264.0, 196883.0, 200958.0, 201780.0, 206358.0, 221477.0, 259294.0, 283349.0, 284111.0, 284348.0, 285489.0, 341350.0, 341640.0, 342372.0, 345274.0, 387804.0, 388121.0, 402778.0, 440279.0, 102723859.0 
GO:0005634 CC 5.34e-06 287/1190  5367/29107 D05 nucleus                                  147.0, 190.0, 307.0, 330.0, 443.0, 501.0, 563.0, 571.0, 573.0, 689.0, 754.0, 794.0, 817.0, 824.0, 840.0, 900.0, 952.0, 994.0, 1029.0, 1030.0, 1059.0, 1499.0, 1639.0, 1674.0, 1729.0, 1981.0, 1998.0, 2004.0, 2018.0, 2195.0, 2246.0, 2322.0, 2475.0, 2495.0, 2752.0, 2885.0, 2909.0, 2947.0, 3006.0, 3069.0, 3148.0, 3166.0, 3299.0, 3428.0, 3486.0, 3662.0, 3669.0, 3690.0, 3692.0, 3702.0, 3841.0, 3965.0, 4067.0, 4172.0, 4188.0, 4193.0, 4257.0, 4303.0, 4599.0, 4600.0, 4673.0, 4736.0, 4779.0, 4860.0, 4938.0, 5074.0, 5130.0, 5136.0, 5160.0, 5226.0, 5356.0, 5393.0, 5516.0, 5527.0, 5613.0, 5689.0, 5693.0, 5708.0, 5747.0, 5887.0, 5980.0, 6122.0, 6130.0, 6133.0, 6155.0, 6188.0, 6201.0, 6203.0, 6207.0, 6222.0, 6259.0, 6282.0, 6285.0, 6387.0, 6451.0, 6599.0, 6606.0, 6632.0, 6656.0, 6772.0, 6840.0, 6936.0, 6939.0, 7030.0, 7052.0, 7054.0, 7126.0, 7280.0, 7295.0, 7332.0, 7358.0, 7443.0, 7461.0, 7520.0, 7553.0, 7564.0, 7581.0, 7762.0, 8031.0, 8089.0, 8195.0, 8266.0, 8317.0, 8345.0, 8350.0, 8352.0, 8359.0, 8366.0, 8462.0, 8518.0, 8544.0, 8621.0, 8826.0, 9054.0, 9130.0, 9232.0, 9263.0, 9325.0, 9355.0, 9618.0, 9652.0, 9683.0, 9785.0, 9792.0, 9831.0, 9863.0, 9878.0, 9925.0, 9935.0, 9960.0, 10000.0, 10036.0, 10095.0, 10114.0, 10229.0, 10247.0, 10459.0, 10463.0, 10464.0, 10732.0, 10951.0, 11078.0, 11098.0, 11101.0, 11165.0, 11170.0, 11171.0, 11261.0, 22861.0, 22909.0, 22916.0, 22955.0, 23075.0, 23099.0, 23170.0, 23214.0, 23216.0, 23405.0, 23408.0, 23521.0, 23522.0, 23567.0, 23786.0, 25865.0, 26092.0, 26136.0, 26147.0, 26469.0, 26986.0, 26994.0, 27000.0, 27044.0, 28970.0, 28996.0, 29109.0, 29842.0, 29843.0, 29855.0, 51002.0, 51181.0, 51231.0, 51460.0, 51465.0, 51530.0, 51741.0, 54039.0, 54807.0, 54856.0, 54925.0, 55170.0, 55256.0, 55336.0, 55644.0, 55646.0, 55742.0, 55775.0, 55786.0, 55833.0, 56892.0, 56938.0, 57447.0, 57593.0, 57616.0, 57721.0, 58490.0, 60386.0, 64121.0, 64750.0, 64789.0, 64848.0, 64854.0, 65110.0, 65986.0, 79003.0, 79068.0, 79175.0, 79745.0, 79800.0, 80150.0, 81550.0, 84101.0, 84105.0, 84232.0, 84456.0, 84498.0, 84527.0, 84617.0, 84671.0, 84790.0, 84930.0, 84950.0, 85012.0, 85015.0, 90338.0, 91133.0, 114971.0, 121274.0, 123803.0, 126375.0, 126526.0, 128866.0, 135114.0, 139735.0, 140576.0, 140597.0, 145873.0, 146050.0, 147687.0, 148206.0, 150094.0, 161725.0, 162966.0, 162968.0, 199777.0, 202559.0, 222696.0, 253639.0, 256309.0, 282890.0, 283078.0, 285268.0, 317781.0, 399818.0, 401541.0, 441951.0, 642273.0, 644815.0 
GO:0042612 CC 5.72e-06  5/1190     8/29107 D05 MHC class I protein complex              567.0, 3107.0, 3133.0, 3134.0, 3140.0 
GO:0005829 CC 5.75e-06 379/1190  5294/29107 D02 cytosol                                  9.0, 31.0, 58.0, 125.0, 246.0, 330.0, 355.0, 378.0, 443.0, 501.0, 567.0, 571.0, 573.0, 599.0, 689.0, 794.0, 817.0, 824.0, 831.0, 840.0, 994.0, 1029.0, 1030.0, 1384.0, 1399.0, 1499.0, 1639.0, 1674.0, 1687.0, 1729.0, 1793.0, 1806.0, 1968.0, 1981.0, 1982.0, 1998.0, 2010.0, 2027.0, 2037.0, 2246.0, 2280.0, 2322.0, 2475.0, 2495.0, 2512.0, 2620.0, 2646.0, 2665.0, 2710.0, 2752.0, 2778.0, 2868.0, 2885.0, 2909.0, 2935.0, 2944.0, 2947.0, 2948.0, 3069.0, 3098.0, 3248.0, 3269.0, 3428.0, 3662.0, 3692.0, 3702.0, 3795.0, 3799.0, 3841.0, 3960.0, 3965.0, 4067.0, 4128.0, 4193.0, 4218.0, 4303.0, 4482.0, 4599.0, 4600.0, 4736.0, 4779.0, 4860.0, 4907.0, 4938.0, 4940.0, 4953.0, 5049.0, 5053.0, 5130.0, 5136.0, 5210.0, 5226.0, 5257.0, 5393.0, 5516.0, 5527.0, 5578.0, 5583.0, 5689.0, 5693.0, 5708.0, 5711.0, 5723.0, 5747.0, 5829.0, 5861.0, 5865.0, 5887.0, 5908.0, 6000.0, 6093.0, 6122.0, 6130.0, 6132.0, 6133.0, 6155.0, 6158.0, 6167.0, 6188.0, 6191.0, 6201.0, 6203.0, 6207.0, 6218.0, 6222.0, 6223.0, 6231.0, 6285.0, 6342.0, 6468.0, 6517.0, 6606.0, 6611.0, 6632.0, 6697.0, 6717.0, 6752.0, 6772.0, 6817.0, 6840.0, 6936.0, 7030.0, 7052.0, 7054.0, 7126.0, 7168.0, 7185.0, 7264.0, 7265.0, 7295.0, 7296.0, 7332.0, 7358.0, 7443.0, 7520.0, 7525.0, 7812.0, 8195.0, 8226.0, 8266.0, 8345.0, 8458.0, 8462.0, 8499.0, 8518.0, 8544.0, 8556.0, 8605.0, 8621.0, 8631.0, 8638.0, 8664.0, 8665.0, 8672.0, 8675.0, 8692.0, 8741.0, 8790.0, 8826.0, 8840.0, 8878.0, 8996.0, 9045.0, 9054.0, 9140.0, 9232.0, 9325.0, 9332.0, 9578.0, 9618.0, 9631.0, 9652.0, 9681.0, 9683.0, 9696.0, 9748.0, 9792.0, 9812.0, 9827.0, 9927.0, 10015.0, 10073.0, 10095.0, 10114.0, 10130.0, 10144.0, 10156.0, 10247.0, 10360.0, 10459.0, 10483.0, 10490.0, 10526.0, 10527.0, 10588.0, 10627.0, 10640.0, 10652.0, 10693.0, 10806.0, 10981.0, 11001.0, 11031.0, 11140.0, 11165.0, 11171.0, 11185.0, 11190.0, 11234.0, 11261.0, 22796.0, 22861.0, 22909.0, 22916.0, 22931.0, 22999.0, 23075.0, 23214.0, 23256.0, 23318.0, 23332.0, 23405.0, 23408.0, 23521.0, 23729.0, 25759.0, 25814.0, 25849.0, 25865.0, 25917.0, 26092.0, 26136.0, 26153.0, 26235.0, 26469.0, 26503.0, 26986.0, 27000.0, 27044.0, 27229.0, 27230.0, 27249.0, 27297.0, 29109.0, 29979.0, 50944.0, 51002.0, 51088.0, 51226.0, 51257.0, 51259.0, 51324.0, 51477.0, 51535.0, 51562.0, 51594.0, 51741.0, 51759.0, 53339.0, 54039.0, 54434.0, 54511.0, 54677.0, 54867.0, 54930.0, 54957.0, 54974.0, 54981.0, 55008.0, 55062.0, 55256.0, 55276.0, 55297.0, 55303.0, 55336.0, 55357.0, 55573.0, 55613.0, 55620.0, 55740.0, 55742.0, 55748.0, 55901.0, 56171.0, 56892.0, 56954.0, 57447.0, 57514.0, 57655.0, 57706.0, 57826.0, 58488.0, 59344.0, 63826.0, 64121.0, 64127.0, 64333.0, 64750.0, 64780.0, 64789.0, 64854.0, 65065.0, 65110.0, 79003.0, 79017.0, 79068.0, 79109.0, 79591.0, 79784.0, 79870.0, 79887.0, 79902.0, 80143.0, 80150.0, 80179.0, 80321.0, 80765.0, 81550.0, 81617.0, 83549.0, 83592.0, 83892.0, 83988.0, 84232.0, 84727.0, 85021.0, 85363.0, 85459.0, 87769.0, 91419.0, 92689.0, 94032.0, 113251.0, 113675.0, 115106.0, 115557.0, 115752.0, 116028.0, 121274.0, 122416.0, 128866.0, 129049.0, 140576.0, 161725.0, 253558.0, 283209.0, 283349.0, 284111.0, 348235.0, 373156.0, 375337.0, 378708.0, 388121.0, 388552.0, 399818.0, 401541.0, 641371.0, 644815.0, 653689.0 
GO:0045121 CC 6.55e-06 26/1190   240/29107 D04 membrane raft                            330.0, 355.0, 824.0, 1272.0, 2040.0, 3098.0, 3688.0, 4067.0, 4923.0, 4988.0, 5045.0, 5175.0, 5979.0, 6517.0, 8611.0, 8692.0, 8826.0, 9289.0, 10333.0, 10666.0, 23433.0, 54982.0, 64750.0, 79054.0, 79180.0, 79870.0 
GO:0005739 CC 7.98e-06 87/1190  1305/29107 D05 mitochondrion                            411.0, 501.0, 1160.0, 1384.0, 2004.0, 2040.0, 2232.0, 2537.0, 2646.0, 2710.0, 2752.0, 3098.0, 3429.0, 4128.0, 4257.0, 4329.0, 4482.0, 4731.0, 4833.0, 4923.0, 4938.0, 5160.0, 5578.0, 5625.0, 6150.0, 6342.0, 6717.0, 7052.0, 7054.0, 7296.0, 7818.0, 8192.0, 8209.0, 8546.0, 8878.0, 8996.0, 9054.0, 9812.0, 9823.0, 9927.0, 10102.0, 10247.0, 10588.0, 10652.0, 10667.0, 10730.0, 10981.0, 23395.0, 23408.0, 23530.0, 23786.0, 26517.0, 27249.0, 29960.0, 50640.0, 50808.0, 51075.0, 51703.0, 51741.0, 54802.0, 54974.0, 54996.0, 55687.0, 55760.0, 55863.0, 56942.0, 57129.0, 57546.0, 58472.0, 63933.0, 64127.0, 79611.0, 80179.0, 83787.0, 84269.0, 84334.0, 84340.0, 84881.0, 94097.0, 114971.0, 116447.0, 137872.0, 171425.0, 283459.0, 285489.0, 373156.0, 100287932.0 
GO:0016021 CC 8.47e-06 197/1190  3536/29107 D03 integral component of membrane           355.0, 362.0, 533.0, 537.0, 754.0, 952.0, 975.0, 1003.0, 1687.0, 1798.0, 2010.0, 2132.0, 2329.0, 2359.0, 2537.0, 2917.0, 3140.0, 3429.0, 3460.0, 3749.0, 4128.0, 4233.0, 4249.0, 4257.0, 4779.0, 4881.0, 4948.0, 5133.0, 5281.0, 5800.0, 5817.0, 6259.0, 6520.0, 6545.0, 6549.0, 6557.0, 6646.0, 6836.0, 7095.0, 7348.0, 7399.0, 8273.0, 8303.0, 8325.0, 8519.0, 8675.0, 8751.0, 8754.0, 8760.0, 8828.0, 8992.0, 8995.0, 9117.0, 9289.0, 9469.0, 9537.0, 9687.0, 9741.0, 9823.0, 9843.0, 9902.0, 9917.0, 9927.0, 10175.0, 10385.0, 10410.0, 10463.0, 10490.0, 10558.0, 10613.0, 10730.0, 10752.0, 11057.0, 11118.0, 11119.0, 22918.0, 22925.0, 23169.0, 23204.0, 23231.0, 23530.0, 23563.0, 23585.0, 23786.0, 25825.0, 25849.0, 26002.0, 26032.0, 26092.0, 26503.0, 26996.0, 27230.0, 27333.0, 29103.0, 29800.0, 29940.0, 30817.0, 50640.0, 50838.0, 51075.0, 51246.0, 51257.0, 51259.0, 51390.0, 51465.0, 51522.0, 51703.0, 53834.0, 54756.0, 54798.0, 54838.0, 54867.0, 54914.0, 54916.0, 54918.0, 54982.0, 55129.0, 55353.0, 55831.0, 55863.0, 55901.0, 56262.0, 56851.0, 57463.0, 57535.0, 57655.0, 64072.0, 64090.0, 64208.0, 64285.0, 64778.0, 65258.0, 79022.0, 79087.0, 79591.0, 79844.0, 79901.0, 79932.0, 80000.0, 80144.0, 80235.0, 80731.0, 80777.0, 81544.0, 81671.0, 83787.0, 83857.0, 83877.0, 84418.0, 84650.0, 84830.0, 84976.0, 89894.0, 93380.0, 94101.0, 112609.0, 116337.0, 121551.0, 123606.0, 137075.0, 145748.0, 147645.0, 147670.0, 147991.0, 148229.0, 151742.0, 153339.0, 158038.0, 158326.0, 161291.0, 168391.0, 196051.0, 196264.0, 200634.0, 201780.0, 204219.0, 206358.0, 219738.0, 221477.0, 221687.0, 253558.0, 255275.0, 259294.0, 284111.0, 285315.0, 341640.0, 345274.0, 387804.0, 388325.0, 392617.0, 402778.0, 439921.0, 642987.0, 728888.0, 100128731.0, 100132247.0, 100505876.0 
GO:0009986 CC 9.84e-06 47/1190   579/29107 D02 cell surface                             92.0, 177.0, 307.0, 355.0, 411.0, 650.0, 952.0, 966.0, 1000.0, 1003.0, 1378.0, 3107.0, 3133.0, 3134.0, 3655.0, 3688.0, 3690.0, 4233.0, 4907.0, 4923.0, 5045.0, 5795.0, 5817.0, 6091.0, 6507.0, 6520.0, 6693.0, 8499.0, 8516.0, 8692.0, 8751.0, 8754.0, 8995.0, 9388.0, 10666.0, 10791.0, 22829.0, 22918.0, 22925.0, 54084.0, 56262.0, 58494.0, 64127.0, 80274.0, 84189.0, 84830.0, 342372.0 
GO:0005788 CC 1.26e-05 30/1190   306/29107 D05 endoplasmic reticulum lumen              411.0, 567.0, 821.0, 1000.0, 1075.0, 1282.0, 1293.0, 1301.0, 1308.0, 2322.0, 3486.0, 3487.0, 3912.0, 3915.0, 7466.0, 7473.0, 9403.0, 10130.0, 10956.0, 11001.0, 11098.0, 11167.0, 27348.0, 51246.0, 54982.0, 56005.0, 64714.0, 79087.0, 153642.0, 285203.0 
GO:0022627 CC 3.32e-05  9/1190    41/29107 D05 cytosolic small ribosomal subunit        6188.0, 6191.0, 6201.0, 6203.0, 6207.0, 6218.0, 6222.0, 6223.0, 6231.0 
GO:0030176 CC 3.49e-05 16/1190   121/29107 D05 integral component of endoplasmic reticulum membrane 1717.0, 1798.0, 7095.0, 7466.0, 8818.0, 11001.0, 23204.0, 29927.0, 54499.0, 55831.0, 56851.0, 57222.0, 60481.0, 79993.0, 93380.0, 152002.0 
GO:0022625 CC 8.06e-05 10/1190    56/29107 D05 cytosolic large ribosomal subunit        4736.0, 6122.0, 6130.0, 6132.0, 6133.0, 6155.0, 6158.0, 6167.0, 9045.0, 23521.0 
GO:0005794 CC 1.08e-04 66/1190   988/29107 D05 Golgi apparatus                          378.0, 411.0, 567.0, 824.0, 1075.0, 2132.0, 2264.0, 2885.0, 3107.0, 4067.0, 4249.0, 4923.0, 4988.0, 5527.0, 5861.0, 5865.0, 7525.0, 7812.0, 8325.0, 8460.0, 8546.0, 8621.0, 8675.0, 9388.0, 9741.0, 9917.0, 10333.0, 10490.0, 10652.0, 10749.0, 10791.0, 22931.0, 23169.0, 23332.0, 23531.0, 23563.0, 25825.0, 25849.0, 25865.0, 27333.0, 29800.0, 29940.0, 51201.0, 51324.0, 51535.0, 51741.0, 53834.0, 54756.0, 54867.0, 55297.0, 55681.0, 56005.0, 57447.0, 64127.0, 65258.0, 79109.0, 79844.0, 79932.0, 81550.0, 81551.0, 92689.0, 93380.0, 129049.0, 153339.0, 161291.0, 168391.0 
GO:0030670 CC 1.56e-04 11/1190    72/29107 D07 phagocytic vesicle membrane              533.0, 567.0, 3107.0, 3133.0, 3134.0, 4218.0, 8992.0, 9140.0, 10333.0, 10981.0, 51762.0 
GO:0005604 CC 1.73e-04 12/1190    85/29107 D05 basement membrane                        1282.0, 1308.0, 3339.0, 3912.0, 3915.0, 7060.0, 7399.0, 80144.0, 126147.0, 158326.0, 255743.0, 341640.0 
GO:0033116 CC 2.26e-04 11/1190    75/29107 D05 endoplasmic reticulum-Golgi intermediate compartment membrane 537.0, 966.0, 1075.0, 6091.0, 6836.0, 10175.0, 10652.0, 51226.0, 57222.0, 65258.0, 81671.0 
GO:0012505 CC 2.84e-04 15/1190   130/29107 D02 endomembrane system                      2475.0, 5861.0, 5878.0, 6517.0, 8675.0, 9364.0, 10483.0, 10981.0, 11031.0, 22931.0, 51390.0, 81544.0, 81671.0, 84830.0, 253558.0 
GO:0005911 CC 4.43e-04 18/1190   180/29107 D04 cell-cell junction                       1000.0, 1003.0, 1308.0, 1499.0, 2195.0, 2264.0, 2885.0, 3690.0, 3702.0, 5097.0, 5175.0, 5795.0, 5829.0, 5908.0, 8631.0, 9578.0, 9863.0, 10806.0 
GO:0000139 CC 4.61e-04 42/1190   587/29107 D05 Golgi membrane                           567.0, 966.0, 2132.0, 2475.0, 3107.0, 3133.0, 3134.0, 3140.0, 3460.0, 4218.0, 4249.0, 5045.0, 5861.0, 6093.0, 6836.0, 8460.0, 8675.0, 8692.0, 9469.0, 9478.0, 9827.0, 9917.0, 10175.0, 10652.0, 11261.0, 22796.0, 23256.0, 23563.0, 25849.0, 27333.0, 29940.0, 51201.0, 51226.0, 54499.0, 54756.0, 55062.0, 64285.0, 79591.0, 79932.0, 93380.0, 153339.0, 221477.0 
GO:0030140 CC 4.64e-04  5/1190    17/29107 D09 trans-Golgi network transport vesicle    4218.0, 5045.0, 6517.0, 51324.0, 51762.0 
GO:0010008 CC 5.20e-04 21/1190   227/29107 D06 endosome membrane                        533.0, 537.0, 2322.0, 3688.0, 4948.0, 5045.0, 5979.0, 8992.0, 23527.0, 23603.0, 23643.0, 25849.0, 27333.0, 29800.0, 51257.0, 51324.0, 55062.0, 55681.0, 55901.0, 79844.0, 387849.0 
GO:0005576 CC 5.27e-04 106/1190  1854/29107 D02 extracellular region                     176.0, 177.0, 249.0, 411.0, 563.0, 567.0, 650.0, 655.0, 1075.0, 1282.0, 1293.0, 1301.0, 1308.0, 2246.0, 2264.0, 2277.0, 2495.0, 2512.0, 2665.0, 2799.0, 3082.0, 3250.0, 3339.0, 3486.0, 3487.0, 3554.0, 3912.0, 3915.0, 4062.0, 4233.0, 4239.0, 4745.0, 4860.0, 4938.0, 4969.0, 5045.0, 5049.0, 5069.0, 5342.0, 5641.0, 5649.0, 5689.0, 5708.0, 6051.0, 6093.0, 6282.0, 6285.0, 6374.0, 6387.0, 6866.0, 7060.0, 7286.0, 7295.0, 7399.0, 7423.0, 7473.0, 7520.0, 7941.0, 8350.0, 8352.0, 8359.0, 8366.0, 8372.0, 8621.0, 8741.0, 8828.0, 9332.0, 9388.0, 9806.0, 10490.0, 10875.0, 11167.0, 22925.0, 23643.0, 25797.0, 25809.0, 51365.0, 51816.0, 54084.0, 55109.0, 55276.0, 55540.0, 55901.0, 56884.0, 56954.0, 64333.0, 78989.0, 79630.0, 79887.0, 80167.0, 83440.0, 114798.0, 116372.0, 126147.0, 131873.0, 146547.0, 153642.0, 158326.0, 162681.0, 200958.0, 255743.0, 256076.0, 284348.0, 341350.0, 388677.0, 440348.0 
GO:0015629 CC 5.32e-04 22/1190   245/29107 D06 actin cytoskeleton                       31.0, 58.0, 2909.0, 4482.0, 4645.0, 5074.0, 6525.0, 6840.0, 7168.0, 8826.0, 9696.0, 10095.0, 10360.0, 11078.0, 11170.0, 22885.0, 23075.0, 23603.0, 55742.0, 64005.0, 64780.0, 80179.0 
GO:0009897 CC 5.67e-04 25/1190   295/29107 D03 external side of plasma membrane         355.0, 563.0, 567.0, 824.0, 947.0, 1003.0, 2675.0, 3133.0, 3134.0, 3140.0, 3554.0, 3688.0, 4907.0, 5133.0, 6387.0, 6517.0, 6693.0, 9332.0, 10385.0, 10666.0, 11118.0, 11119.0, 11120.0, 79054.0, 80274.0 
GO:0030027 CC 6.14e-04 18/1190   185/29107 D04 lamellipodium                            58.0, 1000.0, 1499.0, 2195.0, 3688.0, 5800.0, 5829.0, 6093.0, 9578.0, 22885.0, 23075.0, 23603.0, 26986.0, 54434.0, 55740.0, 55742.0, 57514.0, 64005.0 
GO:0044754 CC 7.28e-04  4/1190    11/29107 D09 autolysosome                             2495.0, 2512.0, 8031.0, 8878.0 
GO:0048471 CC 7.48e-04 48/1190   713/29107 D02 perinuclear region of cytoplasm          307.0, 947.0, 1499.0, 2040.0, 2195.0, 3148.0, 3688.0, 3799.0, 3912.0, 4067.0, 4172.0, 4599.0, 4745.0, 4953.0, 5578.0, 5641.0, 5865.0, 6285.0, 6507.0, 6517.0, 6772.0, 7052.0, 7054.0, 8675.0, 8692.0, 9478.0, 9618.0, 9681.0, 9748.0, 9843.0, 9863.0, 10410.0, 10483.0, 10490.0, 10791.0, 11190.0, 23405.0, 25814.0, 29979.0, 51762.0, 54511.0, 55109.0, 57402.0, 57447.0, 64848.0, 81544.0, 84232.0, 387849.0 
GO:0042470 CC 7.88e-04 12/1190   100/29107 D08 melanosome                               821.0, 2040.0, 3688.0, 3690.0, 4673.0, 5861.0, 5878.0, 6520.0, 10015.0, 10130.0, 10981.0, 27044.0 
GO:0031982 CC 8.99e-04 16/1190   160/29107 D04 vesicle                                  655.0, 966.0, 975.0, 2040.0, 2059.0, 2665.0, 3799.0, 4645.0, 5865.0, 10490.0, 23603.0, 64005.0, 64127.0, 80179.0, 84790.0, 128866.0 
GO:0005730 CC 9.38e-04 72/1190  1187/29107 D05 nucleolus                                2246.0, 2885.0, 2975.0, 3148.0, 3428.0, 3669.0, 3692.0, 4193.0, 5049.0, 5097.0, 5160.0, 5393.0, 5980.0, 6122.0, 6130.0, 6155.0, 6188.0, 6201.0, 6203.0, 6207.0, 6223.0, 6772.0, 6838.0, 6936.0, 7443.0, 7520.0, 7564.0, 8556.0, 8638.0, 8996.0, 9683.0, 9858.0, 10171.0, 10360.0, 10412.0, 10459.0, 23214.0, 23318.0, 23521.0, 23567.0, 25917.0, 26156.0, 27000.0, 29960.0, 51231.0, 51367.0, 51562.0, 51703.0, 54913.0, 54982.0, 55170.0, 55646.0, 56892.0, 56938.0, 65110.0, 79932.0, 81671.0, 83876.0, 84232.0, 84456.0, 84549.0, 117246.0, 140576.0, 161931.0, 221477.0, 317781.0, 387103.0, 387496.0, 401541.0, 677820.0, 767598.0, 100033800.0 
GO:0097386 CC 1.06e-03  4/1190    12/29107 D04 glial cell projection                    2752.0, 3688.0, 6332.0, 23585.0 
GO:0043235 CC 1.16e-03 19/1190   209/29107 D02 receptor complex                         92.0, 150.0, 2264.0, 2322.0, 2675.0, 2917.0, 3688.0, 3690.0, 3821.0, 4233.0, 4881.0, 5786.0, 5979.0, 6259.0, 10333.0, 22925.0, 26996.0, 342372.0, 388325.0 
GO:0045296 MF 8.50e-07 35/1190   315/29107 D04 cadherin binding                         831.0, 1000.0, 1003.0, 1399.0, 1499.0, 1968.0, 1982.0, 2010.0, 3069.0, 3655.0, 3688.0, 3799.0, 5795.0, 5800.0, 5861.0, 6130.0, 6231.0, 6520.0, 6772.0, 8350.0, 8352.0, 8826.0, 9045.0, 9748.0, 10652.0, 23075.0, 26136.0, 26156.0, 27044.0, 55357.0, 55742.0, 55833.0, 64072.0, 79180.0, 128866.0 
GO:0005525 MF 8.80e-07 40/1190   373/29107 D08 GTP binding                              378.0, 1968.0, 2778.0, 2909.0, 2935.0, 4218.0, 4599.0, 4600.0, 4881.0, 4882.0, 5861.0, 5865.0, 5878.0, 5899.0, 5908.0, 7052.0, 7280.0, 7818.0, 8790.0, 9077.0, 9364.0, 9927.0, 10981.0, 11031.0, 22808.0, 22931.0, 23433.0, 50808.0, 51762.0, 54974.0, 54988.0, 55303.0, 57826.0, 64121.0, 64901.0, 84340.0, 84617.0, 84790.0, 161253.0, 387496.0 
GO:0003735 MF 9.05e-07 22/1190   163/29107 D02 structural constituent of ribosome       4736.0, 6122.0, 6130.0, 6132.0, 6133.0, 6150.0, 6155.0, 6158.0, 6167.0, 6188.0, 6191.0, 6201.0, 6203.0, 6207.0, 6218.0, 6222.0, 6223.0, 6231.0, 7818.0, 9045.0, 23521.0, 57129.0 
GO:0003723 MF 2.83e-06 100/1190  1388/29107 D04 RNA binding                              190.0, 689.0, 821.0, 831.0, 1029.0, 1399.0, 1729.0, 1981.0, 1982.0, 2665.0, 2885.0, 2935.0, 3006.0, 3069.0, 3148.0, 3428.0, 4329.0, 4673.0, 4731.0, 4736.0, 5393.0, 5822.0, 6122.0, 6130.0, 6132.0, 6133.0, 6150.0, 6155.0, 6158.0, 6167.0, 6188.0, 6191.0, 6201.0, 6203.0, 6207.0, 6218.0, 6222.0, 6223.0, 6231.0, 6520.0, 6606.0, 6632.0, 6838.0, 7295.0, 7332.0, 7520.0, 7812.0, 7818.0, 8359.0, 8366.0, 8621.0, 8638.0, 8664.0, 8672.0, 8996.0, 9045.0, 9130.0, 9785.0, 10102.0, 10247.0, 10360.0, 10412.0, 10749.0, 10898.0, 11171.0, 22916.0, 22999.0, 23318.0, 23405.0, 23521.0, 23536.0, 23567.0, 25917.0, 26136.0, 26156.0, 26986.0, 27000.0, 27044.0, 51535.0, 54039.0, 54913.0, 55646.0, 55760.0, 55833.0, 57535.0, 64778.0, 64848.0, 65110.0, 81550.0, 84549.0, 84881.0, 84950.0, 91351.0, 113251.0, 115752.0, 117246.0, 140576.0, 144983.0, 317781.0, 100132406.0 
GO:0042802 MF 3.21e-06 110/1190  1494/29107 D03 identical protein binding                31.0, 146.0, 177.0, 307.0, 355.0, 362.0, 443.0, 567.0, 599.0, 817.0, 952.0, 1000.0, 1075.0, 1399.0, 1415.0, 1674.0, 1798.0, 1981.0, 2027.0, 2040.0, 2277.0, 2475.0, 2512.0, 2752.0, 2885.0, 2947.0, 3082.0, 3248.0, 3299.0, 3429.0, 3690.0, 3799.0, 4188.0, 4193.0, 4233.0, 4257.0, 4303.0, 4599.0, 4779.0, 4860.0, 4882.0, 4923.0, 5130.0, 5723.0, 6091.0, 6223.0, 6285.0, 6374.0, 6606.0, 6772.0, 7052.0, 7126.0, 7168.0, 7185.0, 7264.0, 7358.0, 7399.0, 7423.0, 8192.0, 8665.0, 8878.0, 8995.0, 8996.0, 9618.0, 9748.0, 9935.0, 10036.0, 10247.0, 10333.0, 10951.0, 23204.0, 25814.0, 27348.0, 29109.0, 29979.0, 50944.0, 51075.0, 51181.0, 51562.0, 53339.0, 53834.0, 54887.0, 54925.0, 54974.0, 55617.0, 55646.0, 56262.0, 57820.0, 58490.0, 63826.0, 64750.0, 79054.0, 79901.0, 80274.0, 80321.0, 83892.0, 84105.0, 84456.0, 85007.0, 85363.0, 112609.0, 113675.0, 126375.0, 128866.0, 135114.0, 137075.0, 196051.0, 200958.0, 202243.0, 283349.0 
GO:0005524 MF 3.42e-06 105/1190  1458/29107 D08 ATP binding                              31.0, 58.0, 92.0, 537.0, 817.0, 1160.0, 1769.0, 1981.0, 2264.0, 2322.0, 2475.0, 2710.0, 2752.0, 2868.0, 3098.0, 3702.0, 3795.0, 3799.0, 4067.0, 4139.0, 4172.0, 4233.0, 4645.0, 4833.0, 4881.0, 4882.0, 4938.0, 4940.0, 5210.0, 5578.0, 5583.0, 5613.0, 5747.0, 5979.0, 6093.0, 6259.0, 7332.0, 7443.0, 7520.0, 7525.0, 8195.0, 8317.0, 8458.0, 8621.0, 9263.0, 9578.0, 9748.0, 9785.0, 9917.0, 10000.0, 10114.0, 10588.0, 10667.0, 10693.0, 10730.0, 10749.0, 11001.0, 22861.0, 23075.0, 23170.0, 23395.0, 23405.0, 23729.0, 25809.0, 25865.0, 26153.0, 27348.0, 28996.0, 50640.0, 50808.0, 51231.0, 51465.0, 51703.0, 53904.0, 54802.0, 54974.0, 54981.0, 54986.0, 54988.0, 55681.0, 55687.0, 55760.0, 56171.0, 63826.0, 64005.0, 64127.0, 64848.0, 79611.0, 79784.0, 80179.0, 80222.0, 83549.0, 84930.0, 89795.0, 91351.0, 124602.0, 127602.0, 140803.0, 148229.0, 150094.0, 196883.0, 221458.0, 283459.0, 317781.0, 414328.0 
GO:0005515 MF 8.03e-06 758/1190 12417/29107 D02 protein binding                          31.0, 40.0, 58.0, 92.0, 146.0, 147.0, 150.0, 176.0, 177.0, 190.0, 246.0, 249.0, 307.0, 330.0, 355.0, 362.0, 378.0, 443.0, 501.0, 533.0, 537.0, 563.0, 567.0, 571.0, 573.0, 599.0, 650.0, 655.0, 689.0, 754.0, 767.0, 817.0, 821.0, 824.0, 831.0, 840.0, 900.0, 944.0, 947.0, 966.0, 975.0, 976.0, 994.0, 1000.0, 1003.0, 1029.0, 1030.0, 1075.0, 1160.0, 1272.0, 1282.0, 1308.0, 1378.0, 1399.0, 1415.0, 1499.0, 1639.0, 1674.0, 1687.0, 1717.0, 1729.0, 1793.0, 1798.0, 1806.0, 1968.0, 1981.0, 1982.0, 1998.0, 2004.0, 2010.0, 2018.0, 2029.0, 2037.0, 2040.0, 2059.0, 2132.0, 2195.0, 2246.0, 2264.0, 2277.0, 2280.0, 2322.0, 2329.0, 2359.0, 2475.0, 2495.0, 2512.0, 2537.0, 2646.0, 2665.0, 2710.0, 2752.0, 2778.0, 2787.0, 2799.0, 2885.0, 2935.0, 2947.0, 2948.0, 2975.0, 3006.0, 3069.0, 3082.0, 3098.0, 3107.0, 3133.0, 3134.0, 3140.0, 3148.0, 3241.0, 3339.0, 3428.0, 3429.0, 3460.0, 3486.0, 3487.0, 3554.0, 3655.0, 3662.0, 3688.0, 3690.0, 3692.0, 3702.0, 3749.0, 3795.0, 3799.0, 3821.0, 3841.0, 3912.0, 3960.0, 4013.0, 4062.0, 4067.0, 4128.0, 4139.0, 4172.0, 4188.0, 4193.0, 4218.0, 4233.0, 4239.0, 4257.0, 4303.0, 4482.0, 4544.0, 4599.0, 4600.0, 4645.0, 4673.0, 4731.0, 4736.0, 4745.0, 4779.0, 4796.0, 4833.0, 4838.0, 4860.0, 4882.0, 4907.0, 4923.0, 4938.0, 4940.0, 4948.0, 4953.0, 4969.0, 4988.0, 5045.0, 5049.0, 5069.0, 5074.0, 5130.0, 5133.0, 5160.0, 5175.0, 5210.0, 5257.0, 5281.0, 5283.0, 5356.0, 5393.0, 5504.0, 5516.0, 5527.0, 5554.0, 5578.0, 5583.0, 5613.0, 5689.0, 5693.0, 5708.0, 5711.0, 5747.0, 5786.0, 5795.0, 5800.0, 5817.0, 5829.0, 5861.0, 5865.0, 5878.0, 5887.0, 5899.0, 5908.0, 5979.0, 5980.0, 5995.0, 6091.0, 6093.0, 6119.0, 6122.0, 6130.0, 6132.0, 6133.0, 6150.0, 6155.0, 6158.0, 6188.0, 6191.0, 6201.0, 6203.0, 6207.0, 6222.0, 6223.0, 6231.0, 6259.0, 6282.0, 6285.0, 6302.0, 6342.0, 6374.0, 6387.0, 6468.0, 6507.0, 6517.0, 6520.0, 6599.0, 6606.0, 6632.0, 6646.0, 6656.0, 6693.0, 6717.0, 6752.0, 6772.0, 6817.0, 6836.0, 6838.0, 6840.0, 6866.0, 6904.0, 6936.0, 7030.0, 7052.0, 7054.0, 7060.0, 7126.0, 7168.0, 7185.0, 7264.0, 7265.0, 7280.0, 7286.0, 7295.0, 7296.0, 7332.0, 7348.0, 7399.0, 7423.0, 7443.0, 7466.0, 7473.0, 7520.0, 7525.0, 7564.0, 7812.0, 7818.0, 8089.0, 8192.0, 8195.0, 8226.0, 8266.0, 8317.0, 8325.0, 8345.0, 8350.0, 8352.0, 8359.0, 8366.0, 8372.0, 8458.0, 8462.0, 8499.0, 8518.0, 8519.0, 8544.0, 8546.0, 8556.0, 8605.0, 8611.0, 8621.0, 8631.0, 8638.0, 8664.0, 8665.0, 8675.0, 8692.0, 8751.0, 8754.0, 8760.0, 8818.0, 8826.0, 8828.0, 8840.0, 8857.0, 8878.0, 8992.0, 8995.0, 8996.0, 9045.0, 9054.0, 9077.0, 9117.0, 9130.0, 9135.0, 9140.0, 9202.0, 9232.0, 9289.0, 9325.0, 9332.0, 9355.0, 9364.0, 9403.0, 9478.0, 9618.0, 9631.0, 9637.0, 9652.0, 9683.0, 9696.0, 9731.0, 9741.0, 9748.0, 9785.0, 9792.0, 9806.0, 9812.0, 9827.0, 9831.0, 9858.0, 9863.0, 9878.0, 9902.0, 9917.0, 9925.0, 9927.0, 9935.0, 10000.0, 10015.0, 10036.0, 10073.0, 10095.0, 10102.0, 10130.0, 10171.0, 10175.0, 10220.0, 10229.0, 10247.0, 10333.0, 10360.0, 10385.0, 10410.0, 10439.0, 10459.0, 10464.0, 10483.0, 10490.0, 10526.0, 10527.0, 10558.0, 10561.0, 10613.0, 10627.0, 10640.0, 10666.0, 10667.0, 10668.0, 10730.0, 10741.0, 10749.0, 10791.0, 10806.0, 10827.0, 10898.0, 10951.0, 10956.0, 10981.0, 11031.0, 11098.0, 11101.0, 11118.0, 11119.0, 11140.0, 11147.0, 11165.0, 11167.0, 11170.0, 11171.0, 11185.0, 11190.0, 11234.0, 11261.0, 11272.0, 22796.0, 22808.0, 22829.0, 22861.0, 22885.0, 22909.0, 22916.0, 22918.0, 22931.0, 22949.0, 22955.0, 22999.0, 23075.0, 23099.0, 23170.0, 23204.0, 23214.0, 23216.0, 23256.0, 23318.0, 23326.0, 23332.0, 23339.0, 23355.0, 23405.0, 23433.0, 23522.0, 23531.0, 23567.0, 23585.0, 23603.0, 23643.0, 23786.0, 25759.0, 25797.0, 25814.0, 25825.0, 25847.0, 25849.0, 25865.0, 25917.0, 25941.0, 26002.0, 26092.0, 26136.0, 26147.0, 26153.0, 26235.0, 26469.0, 26517.0, 26986.0, 26994.0, 26996.0, 27000.0, 27044.0, 27229.0, 27230.0, 27249.0, 27297.0, 27348.0, 28970.0, 28996.0, 29103.0, 29109.0, 29800.0, 29843.0, 29855.0, 29919.0, 29927.0, 29979.0, 30817.0, 50808.0, 50944.0, 51002.0, 51030.0, 51075.0, 51088.0, 51181.0, 51231.0, 51246.0, 51257.0, 51259.0, 51317.0, 51324.0, 51367.0, 51375.0, 51390.0, 51460.0, 51465.0, 51477.0, 51522.0, 51530.0, 51535.0, 51562.0, 51703.0, 51741.0, 51759.0, 51762.0, 53339.0, 53826.0, 53904.0, 54103.0, 54221.0, 54434.0, 54499.0, 54800.0, 54825.0, 54838.0, 54887.0, 54913.0, 54914.0, 54918.0, 54925.0, 54930.0, 54957.0, 54974.0, 54981.0, 54982.0, 55062.0, 55109.0, 55170.0, 55256.0, 55276.0, 55282.0, 55296.0, 55336.0, 55349.0, 55353.0, 55357.0, 55540.0, 55613.0, 55620.0, 55644.0, 55646.0, 55681.0, 55740.0, 55742.0, 55760.0, 55775.0, 55786.0, 55831.0, 55833.0, 55863.0, 55901.0, 56005.0, 56262.0, 56605.0, 56851.0, 56884.0, 56892.0, 56942.0, 57179.0, 57222.0, 57402.0, 57447.0, 57463.0, 57536.0, 57616.0, 57655.0, 57721.0, 57820.0, 57826.0, 58488.0, 58490.0, 58494.0, 59344.0, 60481.0, 60685.0, 63826.0, 63933.0, 63940.0, 64072.0, 64090.0, 64121.0, 64127.0, 64285.0, 64333.0, 64714.0, 64750.0, 64780.0, 64848.0, 64854.0, 65110.0, 65258.0, 65986.0, 78989.0, 79003.0, 79022.0, 79036.0, 79054.0, 79109.0, 79175.0, 79591.0, 79611.0, 79745.0, 79800.0, 79839.0, 79844.0, 79901.0, 79902.0, 79932.0, 79947.0, 79979.0, 79993.0, 80013.0, 80143.0, 80222.0, 80274.0, 80321.0, 80777.0, 81544.0, 81550.0, 81617.0, 81671.0, 83877.0, 83888.0, 83892.0, 83988.0, 84101.0, 84105.0, 84106.0, 84232.0, 84269.0, 84340.0, 84418.0, 84456.0, 84498.0, 84527.0, 84549.0, 84617.0, 84674.0, 84690.0, 84727.0, 84790.0, 84830.0, 84881.0, 84923.0, 84950.0, 84976.0, 85007.0, 85015.0, 85021.0, 85363.0, 87769.0, 90416.0, 91133.0, 91283.0, 91369.0, 91419.0, 92689.0, 93380.0, 93487.0, 94005.0, 94097.0, 94101.0, 94121.0, 112609.0, 112752.0, 113246.0, 113251.0, 114798.0, 114971.0, 115106.0, 115752.0, 115817.0, 116028.0, 117246.0, 118426.0, 123606.0, 123803.0, 126375.0, 126526.0, 127253.0, 127255.0, 128710.0, 128866.0, 137075.0, 140576.0, 140803.0, 147687.0, 150094.0, 153339.0, 155368.0, 158326.0, 161253.0, 161291.0, 162681.0, 162966.0, 162968.0, 167838.0, 169166.0, 196051.0, 196264.0, 196883.0, 200634.0, 201780.0, 202243.0, 202559.0, 204219.0, 206358.0, 219738.0, 221458.0, 221477.0, 221687.0, 222166.0, 222696.0, 253558.0, 253639.0, 255275.0, 256076.0, 256309.0, 259294.0, 283349.0, 283459.0, 284111.0, 284348.0, 285315.0, 285489.0, 286077.0, 339416.0, 341640.0, 342372.0, 345274.0, 348235.0, 373156.0, 378708.0, 387103.0, 387496.0, 387849.0, 388121.0, 388325.0, 388552.0, 388677.0, 400961.0, 401541.0, 497661.0, 541466.0, 548644.0, 642273.0, 644815.0, 100048912.0, 100128731.0, 100287932.0, 101059938.0 
GO:0019003 MF 8.59e-06 13/1190    74/29107 D08 GDP binding                              4218.0, 5865.0, 5878.0, 5899.0, 5908.0, 9077.0, 9364.0, 11031.0, 22808.0, 22931.0, 51762.0, 57826.0, 64121.0 
GO:0003924 MF 1.50e-05 31/1190   327/29107 D07 GTPase activity                          378.0, 1968.0, 2778.0, 2787.0, 2909.0, 2935.0, 4218.0, 4599.0, 4600.0, 5861.0, 5865.0, 5878.0, 5899.0, 5908.0, 6000.0, 7280.0, 9077.0, 9364.0, 9927.0, 10981.0, 11031.0, 22808.0, 22931.0, 23433.0, 51762.0, 57826.0, 64121.0, 84340.0, 84617.0, 84790.0, 161253.0 
GO:0019901 MF 1.54e-05 40/1190   469/29107 D05 protein kinase binding                   150.0, 994.0, 1000.0, 1029.0, 1030.0, 1499.0, 1639.0, 2475.0, 2885.0, 4218.0, 5747.0, 5795.0, 6188.0, 6201.0, 6223.0, 7443.0, 8621.0, 8631.0, 8826.0, 8878.0, 9325.0, 9618.0, 10666.0, 11140.0, 11190.0, 25759.0, 51002.0, 51530.0, 64127.0, 64780.0, 65065.0, 79109.0, 80143.0, 84106.0, 85363.0, 94032.0, 150094.0, 285489.0, 286077.0, 644815.0 
GO:0031267 MF 8.41e-05 25/1190   258/29107 D05 small GTPase binding                     537.0, 1729.0, 2059.0, 2665.0, 4218.0, 4645.0, 6093.0, 7126.0, 8826.0, 9578.0, 9827.0, 10526.0, 10527.0, 10640.0, 11078.0, 22999.0, 23214.0, 23603.0, 57706.0, 64780.0, 64901.0, 79109.0, 80143.0, 94121.0, 129049.0 
GO:0005509 MF 1.55e-04 50/1190   704/29107 D05 calcium ion binding                      307.0, 794.0, 821.0, 824.0, 976.0, 1000.0, 1003.0, 2195.0, 3241.0, 3339.0, 4745.0, 5097.0, 5979.0, 6282.0, 6285.0, 6717.0, 7052.0, 7060.0, 8605.0, 8826.0, 8996.0, 9478.0, 9806.0, 10627.0, 11167.0, 11261.0, 22918.0, 23007.0, 23075.0, 27328.0, 30817.0, 50856.0, 54798.0, 54825.0, 56171.0, 56884.0, 57402.0, 63826.0, 64072.0, 64800.0, 78989.0, 79180.0, 80274.0, 83988.0, 84288.0, 85021.0, 140576.0, 255743.0, 388677.0, 440279.0 
GO:0019899 MF 1.63e-04 31/1190   369/29107 D03 enzyme binding                           824.0, 1499.0, 2646.0, 2944.0, 2947.0, 2948.0, 3690.0, 3965.0, 4193.0, 4303.0, 5074.0, 5578.0, 5583.0, 6188.0, 6772.0, 7054.0, 7332.0, 7525.0, 8345.0, 8692.0, 8878.0, 10951.0, 11001.0, 11043.0, 22861.0, 23326.0, 23567.0, 25814.0, 51741.0, 64127.0, 115752.0 
GO:0044548 MF 1.66e-04  5/1190    14/29107 D03 S100 protein binding                     177.0, 2246.0, 6282.0, 6285.0, 8826.0 
GO:0004984 MF 2.35e-06  0/1190   399/29107 D04 olfactory receptor activity               
GO:1903231 MF 4.15e-05  0/1190   253/29107 D06 mRNA binding involved in posttranscriptional gene silencing  
