GO:0002181 BP 1.41e-06 22/2249    85/29107 D08 cytoplasmic translation                  4736.0, 6122.0, 6130.0, 6132.0, 6133.0, 6134.0, 6155.0, 6158.0, 6167.0, 6188.0, 6191.0, 6201.0, 6203.0, 6207.0, 6208.0, 6218.0, 6222.0, 6223.0, 6231.0, 6234.0, 9045.0, 23521.0 
GO:0007165 BP 3.45e-06 136/2249  1063/29107 D04 signal transduction                      91.0, 114.0, 148.0, 157.0, 258.0, 268.0, 307.0, 355.0, 367.0, 613.0, 944.0, 947.0, 952.0, 1138.0, 1388.0, 1399.0, 1441.0, 1793.0, 2004.0, 2057.0, 2065.0, 2132.0, 2246.0, 2359.0, 2665.0, 2671.0, 2787.0, 2868.0, 2909.0, 3146.0, 3359.0, 3487.0, 3568.0, 3576.0, 3594.0, 3635.0, 3702.0, 3706.0, 4067.0, 4233.0, 4599.0, 4881.0, 4882.0, 4969.0, 5023.0, 5136.0, 5137.0, 5138.0, 5175.0, 5293.0, 5527.0, 5583.0, 5592.0, 5598.0, 5613.0, 5797.0, 5829.0, 5899.0, 5921.0, 5979.0, 6093.0, 6259.0, 6282.0, 6300.0, 6374.0, 6387.0, 6452.0, 6654.0, 6693.0, 6717.0, 6769.0, 7060.0, 7186.0, 7296.0, 7424.0, 7434.0, 8001.0, 8045.0, 8174.0, 8437.0, 8611.0, 8741.0, 8826.0, 8840.0, 8856.0, 8911.0, 8995.0, 8999.0, 9051.0, 9135.0, 9578.0, 9637.0, 9863.0, 10000.0, 10010.0, 10144.0, 10175.0, 10235.0, 10333.0, 10446.0, 10457.0, 10486.0, 10526.0, 10527.0, 10666.0, 10752.0, 11027.0, 11059.0, 11197.0, 23421.0, 23601.0, 23603.0, 26585.0, 51192.0, 51285.0, 51816.0, 54084.0, 57447.0, 58504.0, 59307.0, 64333.0, 64780.0, 79658.0, 80274.0, 84707.0, 85415.0, 94134.0, 116985.0, 201176.0, 221074.0, 283349.0, 286077.0, 344657.0, 348094.0, 375790.0, 644815.0 
GO:0007155 BP 4.60e-06 68/2249   488/29107 D02 cell adhesion                            100.0, 176.0, 258.0, 563.0, 976.0, 1000.0, 1272.0, 1293.0, 1441.0, 1495.0, 1499.0, 1824.0, 2046.0, 2195.0, 3688.0, 3690.0, 3908.0, 3912.0, 3915.0, 3960.0, 4239.0, 4868.0, 5097.0, 5578.0, 5613.0, 5649.0, 5829.0, 5961.0, 6091.0, 6387.0, 8174.0, 8754.0, 8828.0, 8840.0, 9051.0, 9071.0, 9289.0, 10446.0, 10457.0, 10666.0, 10752.0, 22915.0, 23421.0, 25865.0, 26032.0, 27255.0, 27328.0, 30817.0, 50856.0, 50863.0, 51148.0, 54587.0, 55109.0, 56102.0, 56109.0, 56128.0, 56147.0, 57007.0, 57091.0, 84063.0, 117178.0, 131873.0, 137075.0, 196264.0, 253559.0, 256076.0, 340267.0, 341640.0 
GO:0043410 BP 8.38e-06 28/2249   148/29107 D08 positive regulation of MAPK cascade      146.0, 147.0, 148.0, 150.0, 367.0, 650.0, 652.0, 975.0, 1000.0, 1499.0, 1687.0, 2046.0, 2261.0, 2322.0, 2861.0, 3082.0, 3146.0, 3487.0, 5336.0, 5795.0, 5979.0, 6093.0, 6259.0, 8826.0, 25759.0, 55715.0, 56005.0, 85363.0 
GO:0035024 BP 1.90e-05  9/2249    22/29107 D10 negative regulation of Rho protein signal transduction 148.0, 2909.0, 3688.0, 4233.0, 7126.0, 23189.0, 83892.0, 201163.0, 202243.0 
GO:0006364 BP 2.38e-05 23/2249   116/29107 D09 rRNA processing                          3669.0, 5393.0, 6155.0, 6201.0, 6218.0, 6223.0, 6234.0, 9045.0, 10360.0, 27341.0, 29960.0, 50628.0, 51096.0, 51154.0, 51367.0, 54913.0, 55636.0, 55646.0, 84128.0, 113510.0, 118460.0, 130916.0, 317781.0 
GO:0001938 BP 2.63e-05 17/2249    72/29107 D07 positive regulation of endothelial cell proliferation 650.0, 652.0, 2277.0, 2475.0, 3148.0, 3690.0, 5293.0, 5578.0, 6387.0, 7060.0, 7423.0, 7424.0, 8828.0, 10000.0, 25865.0, 55109.0, 56005.0 
GO:0050911 BP 1.78e-06  3/2249   401/29107 D05 detection of chemical stimulus involved in sensory perception of smell 138799.0, 343171.0, 401994.0 
GO:0035195 BP 2.66e-06  1/2249   557/29107 D10 gene silencing by miRNA                  3692.0 
GO:0005840 CC 8.09e-07 16/2249    51/29107 D05 ribosome                                 821.0, 6133.0, 6155.0, 6188.0, 6191.0, 6201.0, 6203.0, 6207.0, 6218.0, 6222.0, 6223.0, 6622.0, 23521.0, 27230.0, 51081.0, 54998.0 
GO:0022626 CC 8.50e-07 21/2249    76/29107 D06 cytosolic ribosome                       347.0, 4736.0, 6122.0, 6130.0, 6132.0, 6133.0, 6134.0, 6155.0, 6158.0, 6167.0, 6188.0, 6191.0, 6201.0, 6203.0, 6207.0, 6208.0, 6218.0, 6222.0, 6223.0, 9045.0, 23521.0 
GO:0005759 CC 1.54e-06 60/2249   381/29107 D05 mitochondrial matrix                     501.0, 2110.0, 2232.0, 2647.0, 4329.0, 4521.0, 4704.0, 4722.0, 4833.0, 5096.0, 5138.0, 5160.0, 5625.0, 6188.0, 6622.0, 7019.0, 7263.0, 7923.0, 8192.0, 9054.0, 9997.0, 10102.0, 10131.0, 10247.0, 10588.0, 10667.0, 23395.0, 23408.0, 26995.0, 27349.0, 29960.0, 50808.0, 51025.0, 51110.0, 51657.0, 54802.0, 54988.0, 55471.0, 55753.0, 56922.0, 57128.0, 57546.0, 57805.0, 60528.0, 79611.0, 79731.0, 80222.0, 80224.0, 84274.0, 84340.0, 84881.0, 85007.0, 90624.0, 123688.0, 124454.0, 130916.0, 137872.0, 201973.0, 373156.0, 728294.0 
GO:0005925 CC 1.78e-06 72/2249   418/29107 D05 focal adhesion                           102.0, 567.0, 824.0, 966.0, 975.0, 976.0, 1000.0, 1466.0, 1495.0, 1499.0, 2017.0, 2037.0, 2195.0, 2261.0, 2665.0, 3339.0, 3655.0, 3688.0, 3690.0, 4311.0, 4736.0, 4868.0, 4988.0, 5747.0, 5786.0, 5817.0, 5829.0, 6122.0, 6130.0, 6132.0, 6133.0, 6155.0, 6188.0, 6191.0, 6201.0, 6203.0, 6207.0, 6208.0, 6218.0, 6222.0, 6223.0, 6840.0, 7052.0, 7525.0, 8462.0, 8516.0, 8675.0, 8754.0, 8826.0, 9902.0, 10015.0, 10095.0, 10109.0, 11078.0, 11170.0, 11261.0, 22888.0, 23332.0, 23521.0, 23603.0, 26136.0, 26986.0, 29843.0, 54914.0, 55740.0, 55742.0, 55901.0, 57091.0, 57514.0, 58504.0, 79026.0, 79834.0 
GO:0009986 CC 2.88e-06 79/2249   579/29107 D02 cell surface                             91.0, 92.0, 100.0, 102.0, 177.0, 307.0, 355.0, 411.0, 650.0, 949.0, 952.0, 955.0, 958.0, 966.0, 1000.0, 1003.0, 1378.0, 2261.0, 2861.0, 3107.0, 3108.0, 3133.0, 3134.0, 3146.0, 3655.0, 3688.0, 3690.0, 4040.0, 4057.0, 4072.0, 4233.0, 4311.0, 4804.0, 4907.0, 4923.0, 5045.0, 5795.0, 5817.0, 6091.0, 6507.0, 6520.0, 6693.0, 7099.0, 7103.0, 8499.0, 8516.0, 8692.0, 8751.0, 8754.0, 8995.0, 9388.0, 10347.0, 10666.0, 10791.0, 11197.0, 22829.0, 22918.0, 22925.0, 23601.0, 26585.0, 26762.0, 27133.0, 53905.0, 54084.0, 54587.0, 56262.0, 57007.0, 58494.0, 64127.0, 80274.0, 80328.0, 84189.0, 84830.0, 93974.0, 131566.0, 283420.0, 342372.0, 388512.0, 100507436.0 
GO:0005783 CC 3.57e-06 134/2249  1040/29107 D05 endoplasmic reticulum                    341.0, 347.0, 362.0, 821.0, 824.0, 831.0, 1384.0, 1717.0, 2010.0, 2040.0, 2132.0, 2218.0, 2261.0, 2264.0, 2322.0, 2861.0, 3107.0, 3134.0, 3140.0, 3293.0, 3460.0, 4036.0, 4040.0, 4257.0, 4923.0, 4938.0, 4988.0, 5045.0, 5130.0, 5138.0, 5283.0, 5578.0, 5861.0, 6134.0, 6188.0, 6342.0, 6610.0, 6646.0, 7052.0, 7060.0, 7095.0, 7466.0, 8029.0, 8372.0, 8459.0, 8516.0, 8692.0, 8760.0, 8878.0, 9117.0, 9365.0, 10130.0, 10347.0, 10351.0, 10439.0, 10463.0, 10483.0, 10558.0, 10613.0, 10652.0, 10668.0, 10749.0, 10841.0, 10956.0, 10981.0, 11001.0, 11261.0, 23392.0, 23463.0, 23509.0, 23585.0, 23770.0, 25825.0, 25870.0, 27230.0, 27348.0, 29800.0, 29940.0, 29954.0, 29979.0, 51167.0, 51201.0, 51246.0, 51257.0, 51594.0, 51703.0, 53905.0, 54499.0, 54511.0, 54867.0, 54982.0, 55325.0, 56005.0, 56147.0, 56246.0, 56605.0, 57110.0, 57222.0, 57531.0, 60481.0, 64714.0, 64848.0, 79087.0, 79844.0, 79947.0, 79993.0, 80235.0, 80328.0, 81671.0, 83440.0, 83787.0, 83857.0, 84536.0, 84650.0, 94101.0, 112609.0, 115817.0, 126129.0, 144245.0, 144811.0, 147138.0, 161291.0, 195814.0, 197021.0, 204219.0, 206358.0, 219970.0, 253558.0, 284129.0, 285362.0, 389075.0, 401494.0, 439921.0, 497661.0 
GO:0005739 CC 3.60e-06 179/2249  1305/29107 D05 mitochondrion                            411.0, 501.0, 670.0, 842.0, 1159.0, 1160.0, 1340.0, 1371.0, 1384.0, 2004.0, 2040.0, 2232.0, 2537.0, 2646.0, 2671.0, 2710.0, 2752.0, 3098.0, 3429.0, 3978.0, 4128.0, 4257.0, 4329.0, 4482.0, 4521.0, 4704.0, 4713.0, 4722.0, 4724.0, 4731.0, 4833.0, 4923.0, 4938.0, 5096.0, 5160.0, 5300.0, 5366.0, 5521.0, 5578.0, 5625.0, 5997.0, 6150.0, 6300.0, 6342.0, 6389.0, 6391.0, 6622.0, 6717.0, 7019.0, 7052.0, 7054.0, 7263.0, 7296.0, 7818.0, 8165.0, 8192.0, 8209.0, 8546.0, 8774.0, 8878.0, 8996.0, 9054.0, 9801.0, 9804.0, 9812.0, 9823.0, 9868.0, 9927.0, 9941.0, 9997.0, 10102.0, 10131.0, 10247.0, 10588.0, 10652.0, 10667.0, 10730.0, 10863.0, 10901.0, 10981.0, 23395.0, 23408.0, 23530.0, 23593.0, 23600.0, 23770.0, 23786.0, 23788.0, 25959.0, 26517.0, 26995.0, 27249.0, 27349.0, 29093.0, 29960.0, 50640.0, 50808.0, 51075.0, 51295.0, 51312.0, 51657.0, 51703.0, 51741.0, 54543.0, 54802.0, 54974.0, 54996.0, 54998.0, 55127.0, 55149.0, 55210.0, 55268.0, 55316.0, 55471.0, 55687.0, 55744.0, 55753.0, 55760.0, 55812.0, 55863.0, 56181.0, 56624.0, 56922.0, 56942.0, 57110.0, 57128.0, 57129.0, 57176.0, 57505.0, 57546.0, 58472.0, 60491.0, 60528.0, 63933.0, 64127.0, 64978.0, 79611.0, 79731.0, 79810.0, 80142.0, 80179.0, 80224.0, 83787.0, 84269.0, 84303.0, 84334.0, 84340.0, 84705.0, 84881.0, 85865.0, 93587.0, 93974.0, 94097.0, 113451.0, 114971.0, 115286.0, 116447.0, 124454.0, 126129.0, 126789.0, 130916.0, 132001.0, 137872.0, 151393.0, 171425.0, 219293.0, 219402.0, 219970.0, 255027.0, 255189.0, 256643.0, 282808.0, 283459.0, 284106.0, 285489.0, 373156.0, 728294.0, 100287932.0, 102724023.0 
GO:0070062 CC 4.96e-06 280/2249  2169/29107 D06 extracellular exosome                    58.0, 102.0, 107.0, 191.0, 249.0, 280.0, 307.0, 347.0, 353.0, 355.0, 358.0, 362.0, 378.0, 411.0, 486.0, 501.0, 537.0, 563.0, 567.0, 613.0, 754.0, 760.0, 781.0, 821.0, 824.0, 949.0, 952.0, 958.0, 966.0, 975.0, 976.0, 1075.0, 1272.0, 1293.0, 1378.0, 1499.0, 1663.0, 1674.0, 1824.0, 1968.0, 2027.0, 2037.0, 2040.0, 2059.0, 2132.0, 2195.0, 2444.0, 2495.0, 2512.0, 2665.0, 2710.0, 2752.0, 2778.0, 2784.0, 2786.0, 2787.0, 2799.0, 2885.0, 2947.0, 3040.0, 3073.0, 3107.0, 3127.0, 3133.0, 3248.0, 3250.0, 3339.0, 3688.0, 3690.0, 3692.0, 3698.0, 3732.0, 3795.0, 3852.0, 3912.0, 3915.0, 4036.0, 4057.0, 4067.0, 4072.0, 4218.0, 4249.0, 4311.0, 4482.0, 4645.0, 4703.0, 4736.0, 4860.0, 4868.0, 4907.0, 4969.0, 5045.0, 5049.0, 5175.0, 5224.0, 5226.0, 5274.0, 5336.0, 5393.0, 5446.0, 5578.0, 5583.0, 5641.0, 5689.0, 5693.0, 5708.0, 5742.0, 5768.0, 5786.0, 5789.0, 5795.0, 5800.0, 5861.0, 5865.0, 5878.0, 5899.0, 5908.0, 5918.0, 5950.0, 5973.0, 6051.0, 6122.0, 6155.0, 6158.0, 6188.0, 6191.0, 6203.0, 6207.0, 6208.0, 6222.0, 6223.0, 6231.0, 6234.0, 6282.0, 6387.0, 6451.0, 6517.0, 6520.0, 6540.0, 6557.0, 6584.0, 6611.0, 6652.0, 6693.0, 6697.0, 6717.0, 7052.0, 7060.0, 7103.0, 7264.0, 7280.0, 7295.0, 7296.0, 7348.0, 7358.0, 7473.0, 7525.0, 7917.0, 8029.0, 8345.0, 8350.0, 8352.0, 8359.0, 8363.0, 8365.0, 8366.0, 8367.0, 8499.0, 8611.0, 8741.0, 8751.0, 8754.0, 8774.0, 8826.0, 8857.0, 8878.0, 9045.0, 9289.0, 9296.0, 9362.0, 9365.0, 9578.0, 9687.0, 9696.0, 9748.0, 9868.0, 10015.0, 10095.0, 10109.0, 10130.0, 10247.0, 10402.0, 10627.0, 10752.0, 10791.0, 10841.0, 10875.0, 11001.0, 11043.0, 11059.0, 11060.0, 11098.0, 11140.0, 11167.0, 11190.0, 11261.0, 11280.0, 22949.0, 22977.0, 23318.0, 23405.0, 23433.0, 23593.0, 23743.0, 25796.0, 25797.0, 26986.0, 26994.0, 27044.0, 27348.0, 28970.0, 29028.0, 29800.0, 29952.0, 50628.0, 51084.0, 51181.0, 51606.0, 51762.0, 54039.0, 54414.0, 54587.0, 54825.0, 55020.0, 55276.0, 55748.0, 56155.0, 56624.0, 56954.0, 57402.0, 57447.0, 57535.0, 57826.0, 63979.0, 64005.0, 64518.0, 79017.0, 79026.0, 79784.0, 79901.0, 80336.0, 83690.0, 83872.0, 84100.0, 84418.0, 84433.0, 84617.0, 87769.0, 93587.0, 112483.0, 113220.0, 119391.0, 128866.0, 140576.0, 144402.0, 147138.0, 151742.0, 222236.0, 255743.0, 284129.0, 286204.0, 341640.0, 342372.0, 347862.0, 373156.0, 375790.0, 441531.0, 653689.0, 653857.0, 100037417.0 
GO:0016020 CC 5.87e-06 267/2249  2120/29107 D02 membrane                                 100.0, 102.0, 114.0, 190.0, 246.0, 249.0, 368.0, 378.0, 567.0, 573.0, 613.0, 754.0, 817.0, 821.0, 831.0, 886.0, 952.0, 955.0, 966.0, 975.0, 976.0, 1003.0, 1075.0, 1124.0, 1272.0, 1499.0, 1639.0, 1687.0, 1717.0, 1793.0, 1798.0, 1815.0, 1981.0, 1982.0, 2010.0, 2027.0, 2040.0, 2132.0, 2277.0, 2280.0, 2327.0, 2475.0, 2512.0, 2620.0, 2665.0, 2778.0, 2787.0, 2975.0, 3040.0, 3073.0, 3082.0, 3107.0, 3108.0, 3134.0, 3241.0, 3428.0, 3554.0, 3662.0, 3688.0, 3799.0, 3838.0, 3852.0, 4047.0, 4172.0, 4174.0, 4249.0, 4296.0, 4436.0, 4599.0, 4600.0, 4673.0, 4736.0, 4907.0, 4938.0, 4940.0, 4999.0, 5045.0, 5289.0, 5293.0, 5557.0, 5702.0, 5708.0, 5786.0, 5908.0, 6130.0, 6132.0, 6133.0, 6134.0, 6155.0, 6158.0, 6188.0, 6191.0, 6201.0, 6203.0, 6207.0, 6208.0, 6218.0, 6222.0, 6223.0, 6231.0, 6259.0, 6262.0, 6302.0, 6342.0, 6507.0, 6517.0, 6520.0, 6536.0, 6557.0, 6610.0, 6622.0, 6642.0, 6646.0, 6652.0, 6693.0, 6717.0, 7095.0, 7225.0, 7249.0, 7423.0, 7424.0, 7439.0, 7520.0, 7917.0, 8029.0, 8086.0, 8165.0, 8174.0, 8266.0, 8350.0, 8352.0, 8359.0, 8363.0, 8365.0, 8366.0, 8367.0, 8460.0, 8519.0, 8546.0, 8605.0, 8611.0, 8638.0, 8664.0, 8665.0, 8741.0, 8760.0, 8828.0, 8996.0, 9045.0, 9051.0, 9296.0, 9362.0, 9401.0, 9631.0, 9785.0, 9827.0, 9868.0, 9894.0, 9902.0, 10000.0, 10015.0, 10060.0, 10131.0, 10466.0, 10527.0, 10730.0, 10981.0, 11060.0, 11118.0, 23020.0, 23204.0, 23332.0, 23339.0, 23392.0, 23421.0, 23463.0, 23509.0, 23521.0, 23527.0, 23530.0, 23531.0, 23533.0, 23539.0, 23592.0, 23770.0, 23788.0, 25791.0, 25814.0, 25825.0, 26092.0, 26156.0, 26173.0, 26503.0, 26986.0, 27044.0, 27229.0, 27333.0, 29109.0, 29842.0, 29927.0, 30849.0, 50628.0, 50640.0, 50944.0, 51192.0, 51390.0, 51557.0, 51594.0, 51703.0, 53947.0, 54511.0, 54842.0, 54903.0, 54918.0, 54982.0, 55127.0, 55129.0, 55244.0, 55297.0, 55540.0, 55558.0, 55613.0, 55764.0, 56262.0, 57222.0, 57537.0, 59307.0, 60481.0, 64005.0, 64072.0, 64090.0, 64755.0, 65065.0, 79026.0, 79087.0, 79258.0, 79585.0, 79627.0, 79649.0, 79784.0, 79902.0, 80777.0, 81671.0, 83440.0, 84100.0, 84284.0, 84830.0, 85414.0, 93380.0, 94005.0, 113251.0, 123606.0, 124936.0, 126792.0, 145447.0, 146850.0, 196883.0, 201176.0, 253558.0, 255743.0, 283748.0, 317781.0, 342372.0, 373156.0, 374403.0, 388325.0, 403313.0 
GO:0005765 CC 5.89e-06 50/2249   331/29107 D07 lysosomal membrane                       533.0, 949.0, 1183.0, 1441.0, 1534.0, 2475.0, 2647.0, 3108.0, 3127.0, 3134.0, 3799.0, 4036.0, 4067.0, 4647.0, 4948.0, 5878.0, 6520.0, 8029.0, 8519.0, 8546.0, 8774.0, 8992.0, 9681.0, 9741.0, 10410.0, 10490.0, 23339.0, 23531.0, 26503.0, 29919.0, 51257.0, 51606.0, 55315.0, 55340.0, 55353.0, 57535.0, 65082.0, 79026.0, 79036.0, 79901.0, 80342.0, 83547.0, 84283.0, 123745.0, 152078.0, 201163.0, 206358.0, 220002.0, 284129.0, 338557.0 
GO:0005886 CC 6.66e-06 497/2249  4487/29107 D03 plasma membrane                          40.0, 91.0, 92.0, 100.0, 102.0, 107.0, 114.0, 125.0, 146.0, 147.0, 148.0, 150.0, 157.0, 177.0, 246.0, 249.0, 307.0, 321.0, 355.0, 358.0, 362.0, 367.0, 368.0, 378.0, 486.0, 567.0, 631.0, 760.0, 824.0, 886.0, 925.0, 944.0, 947.0, 949.0, 952.0, 955.0, 958.0, 966.0, 975.0, 976.0, 1000.0, 1003.0, 1138.0, 1308.0, 1378.0, 1441.0, 1495.0, 1499.0, 1612.0, 1687.0, 1729.0, 1815.0, 1824.0, 1828.0, 2017.0, 2027.0, 2037.0, 2038.0, 2040.0, 2046.0, 2057.0, 2059.0, 2065.0, 2195.0, 2261.0, 2264.0, 2322.0, 2359.0, 2532.0, 2537.0, 2675.0, 2752.0, 2786.0, 2787.0, 2830.0, 2845.0, 2849.0, 2859.0, 2861.0, 2885.0, 2900.0, 2909.0, 2917.0, 2979.0, 3069.0, 3107.0, 3127.0, 3133.0, 3134.0, 3140.0, 3269.0, 3339.0, 3356.0, 3359.0, 3460.0, 3554.0, 3568.0, 3594.0, 3635.0, 3655.0, 3688.0, 3690.0, 3702.0, 3732.0, 3749.0, 3758.0, 3759.0, 3792.0, 3821.0, 3960.0, 4036.0, 4040.0, 4057.0, 4062.0, 4067.0, 4072.0, 4126.0, 4139.0, 4185.0, 4193.0, 4218.0, 4233.0, 4257.0, 4311.0, 4482.0, 4521.0, 4544.0, 4804.0, 4843.0, 4868.0, 4881.0, 4882.0, 4907.0, 4923.0, 4940.0, 4988.0, 5023.0, 5045.0, 5049.0, 5074.0, 5097.0, 5130.0, 5133.0, 5138.0, 5175.0, 5257.0, 5293.0, 5336.0, 5578.0, 5583.0, 5592.0, 5649.0, 5747.0, 5786.0, 5789.0, 5795.0, 5797.0, 5800.0, 5817.0, 5829.0, 5865.0, 5878.0, 5899.0, 5908.0, 5921.0, 5979.0, 5997.0, 5999.0, 6000.0, 6006.0, 6051.0, 6091.0, 6093.0, 6188.0, 6259.0, 6262.0, 6507.0, 6517.0, 6520.0, 6536.0, 6540.0, 6545.0, 6549.0, 6557.0, 6584.0, 6610.0, 6622.0, 6654.0, 6693.0, 6752.0, 6836.0, 6840.0, 7052.0, 7099.0, 7225.0, 7320.0, 7375.0, 7434.0, 7439.0, 7473.0, 7520.0, 7525.0, 7812.0, 7881.0, 7923.0, 8001.0, 8029.0, 8174.0, 8325.0, 8372.0, 8437.0, 8492.0, 8516.0, 8519.0, 8549.0, 8605.0, 8611.0, 8631.0, 8692.0, 8748.0, 8751.0, 8787.0, 8826.0, 8828.0, 8995.0, 9051.0, 9071.0, 9077.0, 9098.0, 9263.0, 9332.0, 9362.0, 9364.0, 9365.0, 9463.0, 9478.0, 9578.0, 9618.0, 9696.0, 9827.0, 9843.0, 9863.0, 10003.0, 10008.0, 10060.0, 10114.0, 10130.0, 10156.0, 10161.0, 10235.0, 10314.0, 10333.0, 10347.0, 10351.0, 10385.0, 10410.0, 10457.0, 10486.0, 10495.0, 10666.0, 10752.0, 10791.0, 10841.0, 10863.0, 11001.0, 11027.0, 11031.0, 11059.0, 11118.0, 11119.0, 11120.0, 11261.0, 22808.0, 22829.0, 22844.0, 22918.0, 22925.0, 22931.0, 22950.0, 22999.0, 23007.0, 23075.0, 23093.0, 23189.0, 23214.0, 23221.0, 23234.0, 23256.0, 23263.0, 23416.0, 23433.0, 23460.0, 23504.0, 23533.0, 23539.0, 23551.0, 23600.0, 23601.0, 23620.0, 23643.0, 25759.0, 25814.0, 25825.0, 25849.0, 25865.0, 26136.0, 26503.0, 26504.0, 26511.0, 26996.0, 27133.0, 27255.0, 27297.0, 27328.0, 29116.0, 29979.0, 29990.0, 30817.0, 50838.0, 50839.0, 50856.0, 50863.0, 50944.0, 51148.0, 51181.0, 51199.0, 51201.0, 51285.0, 51390.0, 51557.0, 51606.0, 51703.0, 51741.0, 51762.0, 53826.0, 53834.0, 53905.0, 54221.0, 54434.0, 54550.0, 54756.0, 54798.0, 54842.0, 54918.0, 55129.0, 55244.0, 55256.0, 55315.0, 55353.0, 55357.0, 55503.0, 55540.0, 55558.0, 55573.0, 55620.0, 55630.0, 55644.0, 55740.0, 55742.0, 55775.0, 55835.0, 56246.0, 56253.0, 56262.0, 56302.0, 56624.0, 56704.0, 56892.0, 57007.0, 57091.0, 57535.0, 57616.0, 57655.0, 57761.0, 57826.0, 58494.0, 59307.0, 60437.0, 60598.0, 63826.0, 63940.0, 64005.0, 64127.0, 64750.0, 64780.0, 79026.0, 79054.0, 79058.0, 79068.0, 79109.0, 79180.0, 79258.0, 79570.0, 79658.0, 79778.0, 79901.0, 79932.0, 80144.0, 80224.0, 80274.0, 80328.0, 80342.0, 80731.0, 81035.0, 81671.0, 84063.0, 84100.0, 84106.0, 84189.0, 84232.0, 84418.0, 84433.0, 84628.0, 85021.0, 85414.0, 85415.0, 85459.0, 90134.0, 90417.0, 90861.0, 91419.0, 93380.0, 94121.0, 94122.0, 112609.0, 114798.0, 114814.0, 115557.0, 115703.0, 115752.0, 116225.0, 116337.0, 116372.0, 116841.0, 116985.0, 117155.0, 118426.0, 123606.0, 123745.0, 124976.0, 129401.0, 134957.0, 137075.0, 138799.0, 139065.0, 140576.0, 140803.0, 144245.0, 144402.0, 145389.0, 146850.0, 148229.0, 161253.0, 161291.0, 195814.0, 196051.0, 196264.0, 196883.0, 200958.0, 201163.0, 201780.0, 203074.0, 206358.0, 221477.0, 253559.0, 259294.0, 282808.0, 283349.0, 284111.0, 284129.0, 284348.0, 284525.0, 285489.0, 286204.0, 338557.0, 339390.0, 341350.0, 341640.0, 342372.0, 343171.0, 345274.0, 374403.0, 375790.0, 387804.0, 388121.0, 401994.0, 402415.0, 402778.0, 403313.0, 414194.0, 440279.0, 646627.0, 729359.0, 729873.0, 768211.0, 100507436.0, 102723859.0 
GO:0005829 CC 6.78e-06 626/2249  5294/29107 D02 cytosol                                  9.0, 31.0, 58.0, 91.0, 100.0, 125.0, 148.0, 157.0, 191.0, 246.0, 330.0, 353.0, 355.0, 367.0, 378.0, 443.0, 501.0, 567.0, 571.0, 573.0, 599.0, 613.0, 648.0, 689.0, 745.0, 760.0, 794.0, 817.0, 824.0, 831.0, 840.0, 842.0, 994.0, 1029.0, 1030.0, 1124.0, 1371.0, 1384.0, 1399.0, 1495.0, 1499.0, 1540.0, 1639.0, 1674.0, 1687.0, 1725.0, 1728.0, 1729.0, 1793.0, 1806.0, 1828.0, 1964.0, 1968.0, 1981.0, 1982.0, 1998.0, 2009.0, 2010.0, 2017.0, 2021.0, 2027.0, 2037.0, 2246.0, 2280.0, 2322.0, 2444.0, 2475.0, 2495.0, 2512.0, 2620.0, 2646.0, 2647.0, 2665.0, 2671.0, 2710.0, 2752.0, 2778.0, 2784.0, 2868.0, 2885.0, 2909.0, 2935.0, 2944.0, 2947.0, 2948.0, 3040.0, 3069.0, 3073.0, 3098.0, 3248.0, 3269.0, 3356.0, 3428.0, 3635.0, 3662.0, 3692.0, 3702.0, 3706.0, 3795.0, 3799.0, 3838.0, 3841.0, 3852.0, 3899.0, 3960.0, 3965.0, 4067.0, 4085.0, 4128.0, 4174.0, 4193.0, 4218.0, 4296.0, 4303.0, 4482.0, 4521.0, 4599.0, 4600.0, 4647.0, 4683.0, 4703.0, 4736.0, 4779.0, 4804.0, 4843.0, 4860.0, 4907.0, 4938.0, 4940.0, 4953.0, 5049.0, 5053.0, 5096.0, 5130.0, 5136.0, 5137.0, 5138.0, 5210.0, 5224.0, 5226.0, 5257.0, 5289.0, 5293.0, 5300.0, 5324.0, 5336.0, 5366.0, 5393.0, 5435.0, 5516.0, 5521.0, 5527.0, 5533.0, 5578.0, 5583.0, 5592.0, 5598.0, 5600.0, 5689.0, 5693.0, 5702.0, 5708.0, 5711.0, 5723.0, 5747.0, 5829.0, 5861.0, 5865.0, 5887.0, 5908.0, 5921.0, 5973.0, 5997.0, 5999.0, 6000.0, 6093.0, 6122.0, 6130.0, 6132.0, 6133.0, 6134.0, 6155.0, 6158.0, 6167.0, 6188.0, 6191.0, 6201.0, 6203.0, 6207.0, 6208.0, 6218.0, 6222.0, 6223.0, 6231.0, 6234.0, 6285.0, 6300.0, 6342.0, 6468.0, 6517.0, 6584.0, 6606.0, 6611.0, 6622.0, 6632.0, 6642.0, 6652.0, 6654.0, 6697.0, 6717.0, 6752.0, 6769.0, 6772.0, 6799.0, 6817.0, 6840.0, 6936.0, 7019.0, 7030.0, 7052.0, 7054.0, 7062.0, 7126.0, 7138.0, 7168.0, 7174.0, 7185.0, 7186.0, 7249.0, 7264.0, 7265.0, 7295.0, 7296.0, 7332.0, 7347.0, 7358.0, 7375.0, 7439.0, 7443.0, 7520.0, 7525.0, 7812.0, 7881.0, 7917.0, 8029.0, 8086.0, 8165.0, 8195.0, 8226.0, 8242.0, 8266.0, 8293.0, 8345.0, 8437.0, 8458.0, 8462.0, 8499.0, 8518.0, 8544.0, 8556.0, 8605.0, 8621.0, 8631.0, 8638.0, 8664.0, 8665.0, 8672.0, 8675.0, 8692.0, 8741.0, 8790.0, 8826.0, 8840.0, 8878.0, 8888.0, 8986.0, 8996.0, 9025.0, 9045.0, 9051.0, 9054.0, 9140.0, 9232.0, 9296.0, 9325.0, 9332.0, 9352.0, 9410.0, 9463.0, 9559.0, 9578.0, 9585.0, 9618.0, 9631.0, 9652.0, 9681.0, 9683.0, 9696.0, 9701.0, 9748.0, 9792.0, 9811.0, 9812.0, 9827.0, 9894.0, 9924.0, 9927.0, 10010.0, 10015.0, 10073.0, 10095.0, 10109.0, 10114.0, 10130.0, 10144.0, 10156.0, 10235.0, 10247.0, 10360.0, 10459.0, 10466.0, 10483.0, 10490.0, 10495.0, 10526.0, 10527.0, 10588.0, 10627.0, 10640.0, 10652.0, 10693.0, 10806.0, 10841.0, 10901.0, 10981.0, 11001.0, 11031.0, 11059.0, 11060.0, 11140.0, 11165.0, 11171.0, 11185.0, 11190.0, 11234.0, 11261.0, 22796.0, 22844.0, 22861.0, 22909.0, 22916.0, 22931.0, 22977.0, 22999.0, 23047.0, 23075.0, 23093.0, 23113.0, 23194.0, 23214.0, 23220.0, 23234.0, 23256.0, 23263.0, 23318.0, 23332.0, 23405.0, 23408.0, 23421.0, 23521.0, 23533.0, 23549.0, 23583.0, 23600.0, 23601.0, 23729.0, 23743.0, 23770.0, 25759.0, 25791.0, 25796.0, 25814.0, 25839.0, 25849.0, 25865.0, 25917.0, 26092.0, 26136.0, 26153.0, 26235.0, 26270.0, 26272.0, 26273.0, 26469.0, 26503.0, 26986.0, 27000.0, 27044.0, 27143.0, 27175.0, 27229.0, 27230.0, 27249.0, 27295.0, 27297.0, 28952.0, 29109.0, 29116.0, 29899.0, 29952.0, 29954.0, 29979.0, 30849.0, 50628.0, 50944.0, 51002.0, 51070.0, 51074.0, 51084.0, 51088.0, 51171.0, 51226.0, 51257.0, 51259.0, 51295.0, 51324.0, 51477.0, 51535.0, 51562.0, 51594.0, 51606.0, 51741.0, 51759.0, 53339.0, 54014.0, 54039.0, 54434.0, 54496.0, 54511.0, 54677.0, 54859.0, 54867.0, 54878.0, 54885.0, 54903.0, 54930.0, 54957.0, 54974.0, 54981.0, 55008.0, 55055.0, 55062.0, 55191.0, 55224.0, 55256.0, 55276.0, 55297.0, 55303.0, 55336.0, 55357.0, 55573.0, 55607.0, 55613.0, 55620.0, 55690.0, 55715.0, 55740.0, 55742.0, 55744.0, 55748.0, 55781.0, 55812.0, 55835.0, 55901.0, 56171.0, 56892.0, 56893.0, 56922.0, 56954.0, 56985.0, 57110.0, 57176.0, 57407.0, 57447.0, 57514.0, 57602.0, 57655.0, 57706.0, 57718.0, 57761.0, 57826.0, 58488.0, 58504.0, 59344.0, 60528.0, 63826.0, 64121.0, 64127.0, 64333.0, 64359.0, 64750.0, 64772.0, 64780.0, 64789.0, 64854.0, 65065.0, 65109.0, 65110.0, 79003.0, 79017.0, 79026.0, 79058.0, 79068.0, 79109.0, 79585.0, 79591.0, 79658.0, 79731.0, 79778.0, 79784.0, 79870.0, 79887.0, 79902.0, 80142.0, 80143.0, 80150.0, 80179.0, 80321.0, 80336.0, 80765.0, 81550.0, 81617.0, 83547.0, 83549.0, 83592.0, 83892.0, 83988.0, 84232.0, 84303.0, 84433.0, 84727.0, 84735.0, 85021.0, 85313.0, 85363.0, 85415.0, 85459.0, 87769.0, 89765.0, 89846.0, 89891.0, 90861.0, 91419.0, 91544.0, 92689.0, 93426.0, 93587.0, 94032.0, 113251.0, 113451.0, 113675.0, 114757.0, 115106.0, 115557.0, 115703.0, 115752.0, 116028.0, 116138.0, 116985.0, 118460.0, 119391.0, 121274.0, 121952.0, 122416.0, 122970.0, 123745.0, 126433.0, 128866.0, 129049.0, 129401.0, 130916.0, 134957.0, 140461.0, 140576.0, 146057.0, 146850.0, 151393.0, 152206.0, 161725.0, 161823.0, 169981.0, 197258.0, 200035.0, 201163.0, 201176.0, 201299.0, 201456.0, 203074.0, 253558.0, 253714.0, 255189.0, 283209.0, 283349.0, 283748.0, 283807.0, 284076.0, 284111.0, 348180.0, 348235.0, 373156.0, 374403.0, 375337.0, 378708.0, 388121.0, 388552.0, 399818.0, 401036.0, 401541.0, 440145.0, 641371.0, 644815.0, 653689.0, 653784.0, 729359.0, 100131187.0, 100885848.0 
GO:0005654 CC 6.83e-06 391/2249  3805/29107 D02 nucleoplasm                              125.0, 148.0, 190.0, 330.0, 353.0, 367.0, 368.0, 571.0, 648.0, 745.0, 754.0, 817.0, 840.0, 900.0, 994.0, 1003.0, 1059.0, 1075.0, 1399.0, 1499.0, 1663.0, 1793.0, 1998.0, 2004.0, 2010.0, 2029.0, 2037.0, 2246.0, 2444.0, 2475.0, 2553.0, 2646.0, 2885.0, 2962.0, 2975.0, 3146.0, 3148.0, 3248.0, 3428.0, 3662.0, 3669.0, 3690.0, 3692.0, 3792.0, 3838.0, 3841.0, 3899.0, 3978.0, 4013.0, 4085.0, 4172.0, 4174.0, 4193.0, 4303.0, 4329.0, 4436.0, 4482.0, 4683.0, 4704.0, 4779.0, 4796.0, 4804.0, 4843.0, 4907.0, 4938.0, 4940.0, 4999.0, 5097.0, 5300.0, 5324.0, 5356.0, 5393.0, 5435.0, 5527.0, 5557.0, 5578.0, 5598.0, 5600.0, 5613.0, 5625.0, 5689.0, 5693.0, 5702.0, 5708.0, 5711.0, 5822.0, 5887.0, 5980.0, 6118.0, 6119.0, 6155.0, 6188.0, 6191.0, 6201.0, 6203.0, 6207.0, 6208.0, 6218.0, 6222.0, 6223.0, 6231.0, 6234.0, 6285.0, 6300.0, 6342.0, 6520.0, 6599.0, 6606.0, 6631.0, 6632.0, 6658.0, 6697.0, 6717.0, 6772.0, 6838.0, 6936.0, 7030.0, 7091.0, 7174.0, 7182.0, 7186.0, 7295.0, 7296.0, 7320.0, 7332.0, 7347.0, 7358.0, 7443.0, 7520.0, 7564.0, 7818.0, 7917.0, 8086.0, 8089.0, 8175.0, 8242.0, 8266.0, 8317.0, 8345.0, 8350.0, 8352.0, 8359.0, 8363.0, 8365.0, 8366.0, 8367.0, 8449.0, 8462.0, 8507.0, 8544.0, 8549.0, 8556.0, 8605.0, 8621.0, 8631.0, 8638.0, 8741.0, 8856.0, 8878.0, 8888.0, 8986.0, 8999.0, 9014.0, 9015.0, 9025.0, 9054.0, 9130.0, 9284.0, 9325.0, 9410.0, 9443.0, 9585.0, 9618.0, 9652.0, 9687.0, 9785.0, 9792.0, 9917.0, 9960.0, 10038.0, 10102.0, 10109.0, 10131.0, 10171.0, 10172.0, 10220.0, 10360.0, 10361.0, 10459.0, 10466.0, 10526.0, 10527.0, 10572.0, 10607.0, 10668.0, 10739.0, 10741.0, 10776.0, 10898.0, 10951.0, 11244.0, 22861.0, 22888.0, 22909.0, 22916.0, 22950.0, 22955.0, 23020.0, 23047.0, 23214.0, 23220.0, 23231.0, 23234.0, 23283.0, 23326.0, 23392.0, 23421.0, 23460.0, 23522.0, 23567.0, 23582.0, 23583.0, 25849.0, 25865.0, 25885.0, 25896.0, 26094.0, 26145.0, 26147.0, 26173.0, 26273.0, 26298.0, 26469.0, 27000.0, 27107.0, 27297.0, 27341.0, 28952.0, 28970.0, 28996.0, 29028.0, 29109.0, 29843.0, 29855.0, 29894.0, 29954.0, 29979.0, 50628.0, 51070.0, 51096.0, 51149.0, 51199.0, 51231.0, 51295.0, 51317.0, 51367.0, 51460.0, 51530.0, 51535.0, 51548.0, 51562.0, 51703.0, 51741.0, 51759.0, 51762.0, 53339.0, 54014.0, 54221.0, 54496.0, 54756.0, 54815.0, 54856.0, 54913.0, 54957.0, 54998.0, 55008.0, 55051.0, 55110.0, 55127.0, 55149.0, 55170.0, 55297.0, 55357.0, 55540.0, 55636.0, 55644.0, 55646.0, 55748.0, 55759.0, 55775.0, 55781.0, 55812.0, 55835.0, 56672.0, 56704.0, 56892.0, 56893.0, 56938.0, 57149.0, 57222.0, 57407.0, 57455.0, 57602.0, 57616.0, 57654.0, 57706.0, 57721.0, 57761.0, 57805.0, 58490.0, 60528.0, 64005.0, 64121.0, 64750.0, 64789.0, 64800.0, 65109.0, 65110.0, 65258.0, 65986.0, 79058.0, 79068.0, 79109.0, 79731.0, 79870.0, 79902.0, 80013.0, 81550.0, 83444.0, 83640.0, 83892.0, 84101.0, 84128.0, 84232.0, 84268.0, 84456.0, 84622.0, 84733.0, 84881.0, 84897.0, 84930.0, 84950.0, 85015.0, 85313.0, 85363.0, 91875.0, 92689.0, 93426.0, 93587.0, 94032.0, 114799.0, 116028.0, 116138.0, 116447.0, 116985.0, 117246.0, 118460.0, 121274.0, 126526.0, 129401.0, 143570.0, 147645.0, 148423.0, 152206.0, 169981.0, 201254.0, 202559.0, 221711.0, 222236.0, 253714.0, 253769.0, 284058.0, 284111.0, 284129.0, 285489.0, 286257.0, 359948.0, 378708.0, 387103.0, 388121.0, 399818.0, 401541.0, 404672.0, 440348.0, 642778.0, 653689.0, 653784.0, 728888.0, 100132247.0, 101059938.0, 102724159.0 
GO:0005737 CC 7.23e-06 515/2249  4681/29107 D02 cytoplasm                                92.0, 102.0, 107.0, 147.0, 148.0, 150.0, 190.0, 307.0, 321.0, 330.0, 347.0, 353.0, 358.0, 367.0, 378.0, 571.0, 573.0, 631.0, 754.0, 760.0, 767.0, 817.0, 824.0, 831.0, 840.0, 842.0, 900.0, 947.0, 949.0, 958.0, 994.0, 1000.0, 1029.0, 1030.0, 1371.0, 1466.0, 1499.0, 1612.0, 1639.0, 1663.0, 1687.0, 1725.0, 1728.0, 1729.0, 1793.0, 1806.0, 1964.0, 1968.0, 1981.0, 2010.0, 2017.0, 2029.0, 2246.0, 2280.0, 2475.0, 2495.0, 2512.0, 2646.0, 2665.0, 2752.0, 2784.0, 2830.0, 2861.0, 2868.0, 2885.0, 2944.0, 2947.0, 2948.0, 3069.0, 3148.0, 3248.0, 3359.0, 3669.0, 3688.0, 3692.0, 3706.0, 3795.0, 3838.0, 3852.0, 3965.0, 3978.0, 4057.0, 4067.0, 4085.0, 4139.0, 4188.0, 4193.0, 4303.0, 4311.0, 4355.0, 4482.0, 4494.0, 4495.0, 4521.0, 4599.0, 4600.0, 4645.0, 4647.0, 4671.0, 4673.0, 4745.0, 4752.0, 4796.0, 4843.0, 4860.0, 4938.0, 4940.0, 4948.0, 4953.0, 5049.0, 5074.0, 5129.0, 5138.0, 5289.0, 5293.0, 5300.0, 5336.0, 5393.0, 5533.0, 5578.0, 5583.0, 5592.0, 5598.0, 5600.0, 5613.0, 5635.0, 5641.0, 5649.0, 5723.0, 5742.0, 5747.0, 5797.0, 5817.0, 5865.0, 5921.0, 5997.0, 5999.0, 6091.0, 6093.0, 6122.0, 6130.0, 6188.0, 6203.0, 6223.0, 6259.0, 6282.0, 6285.0, 6300.0, 6387.0, 6451.0, 6525.0, 6584.0, 6599.0, 6606.0, 6622.0, 6642.0, 6654.0, 6717.0, 6772.0, 6799.0, 6817.0, 6840.0, 6904.0, 7030.0, 7054.0, 7099.0, 7126.0, 7174.0, 7185.0, 7225.0, 7249.0, 7280.0, 7286.0, 7295.0, 7296.0, 7320.0, 7332.0, 7347.0, 7375.0, 7399.0, 7443.0, 7461.0, 7917.0, 7941.0, 8045.0, 8195.0, 8266.0, 8303.0, 8317.0, 8499.0, 8507.0, 8518.0, 8544.0, 8556.0, 8631.0, 8638.0, 8675.0, 8692.0, 8741.0, 8787.0, 8790.0, 8826.0, 8878.0, 8888.0, 8986.0, 8999.0, 9051.0, 9071.0, 9098.0, 9232.0, 9325.0, 9352.0, 9364.0, 9401.0, 9425.0, 9463.0, 9578.0, 9585.0, 9618.0, 9637.0, 9652.0, 9731.0, 9748.0, 9792.0, 9863.0, 9894.0, 9960.0, 10000.0, 10008.0, 10114.0, 10247.0, 10309.0, 10314.0, 10360.0, 10361.0, 10464.0, 10486.0, 10561.0, 10572.0, 10588.0, 10640.0, 10652.0, 10667.0, 10776.0, 10841.0, 11043.0, 11059.0, 11060.0, 11078.0, 11101.0, 11140.0, 11165.0, 11170.0, 11171.0, 11261.0, 22885.0, 22911.0, 22916.0, 22949.0, 22950.0, 23007.0, 23075.0, 23170.0, 23189.0, 23214.0, 23234.0, 23318.0, 23339.0, 23405.0, 23421.0, 23521.0, 23533.0, 23549.0, 23567.0, 23582.0, 23593.0, 23600.0, 23604.0, 23635.0, 23729.0, 25778.0, 25796.0, 25809.0, 25814.0, 25865.0, 25876.0, 25896.0, 25941.0, 25959.0, 25989.0, 26260.0, 26270.0, 26272.0, 26469.0, 26472.0, 26986.0, 27000.0, 27044.0, 27143.0, 27175.0, 27249.0, 27341.0, 28996.0, 29109.0, 29842.0, 29843.0, 29899.0, 29925.0, 29979.0, 50628.0, 50808.0, 50853.0, 51002.0, 51016.0, 51070.0, 51074.0, 51088.0, 51154.0, 51231.0, 51295.0, 51477.0, 51548.0, 51557.0, 51741.0, 53904.0, 54039.0, 54221.0, 54434.0, 54499.0, 54550.0, 54800.0, 54878.0, 54903.0, 54970.0, 54981.0, 55062.0, 55109.0, 55124.0, 55191.0, 55208.0, 55251.0, 55256.0, 55316.0, 55325.0, 55573.0, 55607.0, 55613.0, 55617.0, 55644.0, 55646.0, 55715.0, 55742.0, 55764.0, 55775.0, 55781.0, 55786.0, 55805.0, 55833.0, 55835.0, 55857.0, 56155.0, 56164.0, 56892.0, 56893.0, 56938.0, 57091.0, 57110.0, 57179.0, 57447.0, 57519.0, 57531.0, 57562.0, 57602.0, 57718.0, 57805.0, 57826.0, 60491.0, 63826.0, 63940.0, 63979.0, 64005.0, 64097.0, 64121.0, 64127.0, 64333.0, 64343.0, 64750.0, 64780.0, 64901.0, 65109.0, 65110.0, 65979.0, 79007.0, 79026.0, 79068.0, 79109.0, 79649.0, 79716.0, 79745.0, 79781.0, 79834.0, 79870.0, 79882.0, 80150.0, 80179.0, 80705.0, 80851.0, 81551.0, 83547.0, 83549.0, 83714.0, 84074.0, 84100.0, 84101.0, 84224.0, 84232.0, 84253.0, 84268.0, 84288.0, 84433.0, 84525.0, 84617.0, 84705.0, 84707.0, 84790.0, 84930.0, 85015.0, 85021.0, 85363.0, 85376.0, 85459.0, 89846.0, 89891.0, 90417.0, 90990.0, 91875.0, 94134.0, 112483.0, 112752.0, 113220.0, 113246.0, 113451.0, 115703.0, 116138.0, 116225.0, 116987.0, 117178.0, 121952.0, 123803.0, 126433.0, 127253.0, 128866.0, 129049.0, 134728.0, 134957.0, 135114.0, 140576.0, 143570.0, 144983.0, 146057.0, 146547.0, 147138.0, 150094.0, 151393.0, 152015.0, 161725.0, 161931.0, 166614.0, 167838.0, 168002.0, 170825.0, 196883.0, 199221.0, 200030.0, 201163.0, 201176.0, 202243.0, 221458.0, 221477.0, 221687.0, 222166.0, 222236.0, 255027.0, 255275.0, 282808.0, 283229.0, 283349.0, 285025.0, 285590.0, 285753.0, 286077.0, 286204.0, 344657.0, 359948.0, 375743.0, 387119.0, 388121.0, 388677.0, 389432.0, 399818.0, 400961.0, 404672.0, 414194.0, 441951.0, 493829.0, 653689.0, 727851.0, 729857.0, 100037417.0, 100127983.0, 100131187.0, 100132406.0, 100463486.0, 100507436.0, 101060226.0 
GO:0005634 CC 7.60e-06 530/2249  5367/29107 D05 nucleus                                  102.0, 107.0, 147.0, 148.0, 190.0, 191.0, 307.0, 330.0, 358.0, 367.0, 443.0, 501.0, 563.0, 571.0, 573.0, 648.0, 689.0, 745.0, 754.0, 794.0, 817.0, 824.0, 840.0, 842.0, 900.0, 952.0, 994.0, 1029.0, 1030.0, 1059.0, 1388.0, 1466.0, 1499.0, 1612.0, 1639.0, 1663.0, 1674.0, 1729.0, 1981.0, 1998.0, 2004.0, 2018.0, 2021.0, 2195.0, 2218.0, 2246.0, 2261.0, 2322.0, 2444.0, 2475.0, 2495.0, 2553.0, 2637.0, 2752.0, 2885.0, 2909.0, 2947.0, 2962.0, 3006.0, 3069.0, 3146.0, 3148.0, 3166.0, 3299.0, 3428.0, 3486.0, 3662.0, 3669.0, 3690.0, 3692.0, 3702.0, 3706.0, 3838.0, 3841.0, 3852.0, 3899.0, 3965.0, 3978.0, 4057.0, 4067.0, 4085.0, 4172.0, 4174.0, 4188.0, 4193.0, 4257.0, 4303.0, 4436.0, 4494.0, 4495.0, 4521.0, 4599.0, 4600.0, 4673.0, 4683.0, 4704.0, 4736.0, 4752.0, 4779.0, 4843.0, 4860.0, 4938.0, 4999.0, 5074.0, 5129.0, 5130.0, 5136.0, 5138.0, 5160.0, 5224.0, 5226.0, 5300.0, 5356.0, 5366.0, 5393.0, 5435.0, 5516.0, 5527.0, 5598.0, 5600.0, 5613.0, 5689.0, 5693.0, 5702.0, 5708.0, 5747.0, 5887.0, 5980.0, 5997.0, 5999.0, 6118.0, 6122.0, 6130.0, 6133.0, 6134.0, 6155.0, 6188.0, 6201.0, 6203.0, 6207.0, 6222.0, 6259.0, 6282.0, 6285.0, 6300.0, 6387.0, 6447.0, 6451.0, 6599.0, 6606.0, 6622.0, 6632.0, 6656.0, 6772.0, 6840.0, 6920.0, 6936.0, 6939.0, 7019.0, 7030.0, 7052.0, 7054.0, 7091.0, 7126.0, 7249.0, 7280.0, 7295.0, 7320.0, 7332.0, 7358.0, 7375.0, 7443.0, 7461.0, 7520.0, 7553.0, 7564.0, 7581.0, 7633.0, 7652.0, 7691.0, 7718.0, 7757.0, 7762.0, 7769.0, 7772.0, 7917.0, 8031.0, 8086.0, 8089.0, 8175.0, 8195.0, 8242.0, 8263.0, 8266.0, 8293.0, 8317.0, 8345.0, 8350.0, 8352.0, 8359.0, 8363.0, 8365.0, 8366.0, 8367.0, 8449.0, 8462.0, 8507.0, 8518.0, 8544.0, 8621.0, 8787.0, 8826.0, 8888.0, 8986.0, 8999.0, 9014.0, 9025.0, 9054.0, 9130.0, 9204.0, 9232.0, 9263.0, 9310.0, 9325.0, 9352.0, 9355.0, 9401.0, 9425.0, 9585.0, 9618.0, 9652.0, 9683.0, 9701.0, 9785.0, 9792.0, 9801.0, 9831.0, 9852.0, 9863.0, 9878.0, 9894.0, 9924.0, 9925.0, 9935.0, 9941.0, 9960.0, 10000.0, 10036.0, 10038.0, 10095.0, 10109.0, 10114.0, 10172.0, 10229.0, 10247.0, 10309.0, 10361.0, 10388.0, 10459.0, 10463.0, 10464.0, 10732.0, 10780.0, 10901.0, 10951.0, 11059.0, 11060.0, 11078.0, 11098.0, 11101.0, 11165.0, 11170.0, 11171.0, 11244.0, 11261.0, 22861.0, 22869.0, 22888.0, 22909.0, 22916.0, 22955.0, 23020.0, 23047.0, 23075.0, 23093.0, 23099.0, 23170.0, 23189.0, 23214.0, 23216.0, 23234.0, 23300.0, 23392.0, 23405.0, 23408.0, 23421.0, 23521.0, 23522.0, 23533.0, 23549.0, 23567.0, 23582.0, 23604.0, 23635.0, 23786.0, 23788.0, 25865.0, 25896.0, 26092.0, 26136.0, 26145.0, 26147.0, 26150.0, 26152.0, 26260.0, 26298.0, 26469.0, 26986.0, 26994.0, 27000.0, 27044.0, 27175.0, 27319.0, 28970.0, 28996.0, 29028.0, 29109.0, 29842.0, 29843.0, 29855.0, 29894.0, 51002.0, 51070.0, 51096.0, 51149.0, 51181.0, 51231.0, 51295.0, 51351.0, 51460.0, 51465.0, 51530.0, 51548.0, 51634.0, 51741.0, 54014.0, 54039.0, 54496.0, 54587.0, 54807.0, 54815.0, 54856.0, 54859.0, 54925.0, 54998.0, 55051.0, 55100.0, 55110.0, 55124.0, 55170.0, 55208.0, 55256.0, 55325.0, 55336.0, 55502.0, 55552.0, 55636.0, 55644.0, 55646.0, 55742.0, 55775.0, 55781.0, 55786.0, 55833.0, 55835.0, 56164.0, 56892.0, 56893.0, 56938.0, 56978.0, 57007.0, 57110.0, 57447.0, 57455.0, 57519.0, 57531.0, 57593.0, 57602.0, 57615.0, 57616.0, 57721.0, 57761.0, 57805.0, 58490.0, 58504.0, 60386.0, 60491.0, 60528.0, 63973.0, 63979.0, 64121.0, 64359.0, 64518.0, 64750.0, 64789.0, 64848.0, 64854.0, 65109.0, 65110.0, 65251.0, 65986.0, 79003.0, 79026.0, 79068.0, 79149.0, 79175.0, 79364.0, 79673.0, 79716.0, 79745.0, 79780.0, 79800.0, 79882.0, 79943.0, 80142.0, 80150.0, 80336.0, 81550.0, 83463.0, 83640.0, 83714.0, 84101.0, 84105.0, 84232.0, 84268.0, 84456.0, 84498.0, 84525.0, 84527.0, 84617.0, 84622.0, 84671.0, 84707.0, 84733.0, 84790.0, 84807.0, 84874.0, 84897.0, 84930.0, 84950.0, 85012.0, 85015.0, 85313.0, 85376.0, 89765.0, 90338.0, 90417.0, 90861.0, 90990.0, 91133.0, 93134.0, 93587.0, 113451.0, 113510.0, 113835.0, 114971.0, 115560.0, 116987.0, 117178.0, 121274.0, 123803.0, 125893.0, 126375.0, 126526.0, 128866.0, 134728.0, 135114.0, 136051.0, 139735.0, 140576.0, 140597.0, 143570.0, 144811.0, 145873.0, 146050.0, 146057.0, 146279.0, 147687.0, 148206.0, 148398.0, 150094.0, 161725.0, 162966.0, 162968.0, 168544.0, 169841.0, 170825.0, 195814.0, 199777.0, 201163.0, 201973.0, 202559.0, 222696.0, 253639.0, 256309.0, 282890.0, 283078.0, 283337.0, 283417.0, 283807.0, 284058.0, 285268.0, 286257.0, 317781.0, 339488.0, 342132.0, 342908.0, 345643.0, 359948.0, 388523.0, 388536.0, 399818.0, 401541.0, 440097.0, 441951.0, 642273.0, 644815.0, 654254.0, 100293516.0, 100885848.0 
GO:0005743 CC 1.22e-05 57/2249   404/29107 D05 mitochondrial inner membrane             1159.0, 1160.0, 1340.0, 1384.0, 2021.0, 2232.0, 2537.0, 4536.0, 4537.0, 4539.0, 4700.0, 4713.0, 4722.0, 4724.0, 4726.0, 4731.0, 4833.0, 5138.0, 5625.0, 6150.0, 6188.0, 6389.0, 6391.0, 6622.0, 7818.0, 8760.0, 9801.0, 9812.0, 9941.0, 10131.0, 10229.0, 10730.0, 23530.0, 23788.0, 26517.0, 29093.0, 51081.0, 51295.0, 51312.0, 51522.0, 54998.0, 55210.0, 55349.0, 55744.0, 55863.0, 57129.0, 58472.0, 60386.0, 64978.0, 84274.0, 84303.0, 114971.0, 115209.0, 115286.0, 132001.0, 284723.0, 100287932.0 
GO:0005794 CC 2.01e-05 114/2249   988/29107 D05 Golgi apparatus                          102.0, 378.0, 411.0, 567.0, 745.0, 824.0, 955.0, 1075.0, 1183.0, 1388.0, 2017.0, 2132.0, 2218.0, 2261.0, 2264.0, 2885.0, 3107.0, 3759.0, 4036.0, 4040.0, 4067.0, 4166.0, 4249.0, 4923.0, 4988.0, 5138.0, 5527.0, 5592.0, 5742.0, 5768.0, 5861.0, 5865.0, 6622.0, 6642.0, 7099.0, 7249.0, 7525.0, 7812.0, 8029.0, 8325.0, 8459.0, 8460.0, 8546.0, 8549.0, 8621.0, 8675.0, 9331.0, 9388.0, 9463.0, 9741.0, 9906.0, 9917.0, 10333.0, 10347.0, 10466.0, 10490.0, 10652.0, 10690.0, 10749.0, 10791.0, 10841.0, 22931.0, 23169.0, 23332.0, 23531.0, 23563.0, 23604.0, 25825.0, 25849.0, 25865.0, 26298.0, 26511.0, 27333.0, 29800.0, 29940.0, 29952.0, 51201.0, 51313.0, 51324.0, 51535.0, 51741.0, 53834.0, 54756.0, 54867.0, 55297.0, 55315.0, 55681.0, 55690.0, 56005.0, 56624.0, 57447.0, 64127.0, 65258.0, 79109.0, 79585.0, 79844.0, 79932.0, 81550.0, 81551.0, 89846.0, 92689.0, 93380.0, 116985.0, 126792.0, 129049.0, 146664.0, 147138.0, 151393.0, 153339.0, 161291.0, 168391.0, 222236.0, 284129.0, 389075.0 
GO:0016021 CC 3.03e-05 338/2249  3536/29107 D03 integral component of membrane           102.0, 355.0, 358.0, 362.0, 368.0, 533.0, 537.0, 745.0, 754.0, 952.0, 955.0, 975.0, 1003.0, 1534.0, 1687.0, 1798.0, 1824.0, 1828.0, 2010.0, 2123.0, 2132.0, 2327.0, 2328.0, 2329.0, 2359.0, 2532.0, 2537.0, 2849.0, 2917.0, 3108.0, 3140.0, 3429.0, 3460.0, 3568.0, 3749.0, 3792.0, 4036.0, 4040.0, 4072.0, 4128.0, 4166.0, 4185.0, 4233.0, 4249.0, 4257.0, 4311.0, 4779.0, 4804.0, 4881.0, 4948.0, 5133.0, 5281.0, 5800.0, 5817.0, 5918.0, 5961.0, 6259.0, 6391.0, 6520.0, 6545.0, 6549.0, 6557.0, 6584.0, 6646.0, 6836.0, 7095.0, 7348.0, 7399.0, 7439.0, 8165.0, 8174.0, 8269.0, 8273.0, 8303.0, 8325.0, 8459.0, 8519.0, 8675.0, 8748.0, 8751.0, 8754.0, 8760.0, 8828.0, 8992.0, 8995.0, 9071.0, 9091.0, 9117.0, 9289.0, 9331.0, 9469.0, 9537.0, 9687.0, 9741.0, 9823.0, 9843.0, 9868.0, 9884.0, 9902.0, 9906.0, 9917.0, 9927.0, 9951.0, 10003.0, 10175.0, 10347.0, 10351.0, 10385.0, 10402.0, 10410.0, 10446.0, 10457.0, 10463.0, 10490.0, 10558.0, 10613.0, 10690.0, 10730.0, 10752.0, 10863.0, 11057.0, 11118.0, 11119.0, 22918.0, 22925.0, 23169.0, 23204.0, 23231.0, 23416.0, 23460.0, 23463.0, 23530.0, 23539.0, 23563.0, 23585.0, 23592.0, 23786.0, 23788.0, 25825.0, 25849.0, 26002.0, 26032.0, 26092.0, 26173.0, 26503.0, 26504.0, 26762.0, 26996.0, 27230.0, 27333.0, 28513.0, 29103.0, 29800.0, 29940.0, 29954.0, 30817.0, 50640.0, 50838.0, 50839.0, 51075.0, 51192.0, 51246.0, 51257.0, 51259.0, 51312.0, 51313.0, 51390.0, 51465.0, 51522.0, 51703.0, 53834.0, 54543.0, 54587.0, 54756.0, 54798.0, 54838.0, 54842.0, 54867.0, 54914.0, 54916.0, 54918.0, 54982.0, 54991.0, 55007.0, 55076.0, 55129.0, 55210.0, 55244.0, 55315.0, 55340.0, 55353.0, 55831.0, 55863.0, 55901.0, 56246.0, 56253.0, 56262.0, 56704.0, 56851.0, 57007.0, 57110.0, 57463.0, 57535.0, 57537.0, 57655.0, 57834.0, 59307.0, 60437.0, 64072.0, 64090.0, 64208.0, 64231.0, 64285.0, 64755.0, 64778.0, 65258.0, 79022.0, 79053.0, 79087.0, 79137.0, 79157.0, 79258.0, 79570.0, 79585.0, 79591.0, 79844.0, 79901.0, 79932.0, 80000.0, 80142.0, 80144.0, 80235.0, 80342.0, 80731.0, 80777.0, 81035.0, 81544.0, 81671.0, 83539.0, 83787.0, 83857.0, 83877.0, 84063.0, 84283.0, 84418.0, 84548.0, 84650.0, 84689.0, 84830.0, 84898.0, 84976.0, 85414.0, 89894.0, 93380.0, 94101.0, 112609.0, 115209.0, 115286.0, 116337.0, 121551.0, 123606.0, 124976.0, 126792.0, 137075.0, 138799.0, 139065.0, 144245.0, 145407.0, 145748.0, 146664.0, 147645.0, 147670.0, 147991.0, 148229.0, 151393.0, 151516.0, 151742.0, 152078.0, 153339.0, 158038.0, 158326.0, 161291.0, 168391.0, 195814.0, 196051.0, 196264.0, 197021.0, 200150.0, 200634.0, 201164.0, 201305.0, 201780.0, 204219.0, 206358.0, 219738.0, 220002.0, 221477.0, 221687.0, 253558.0, 253559.0, 255027.0, 255275.0, 259294.0, 283417.0, 283420.0, 284111.0, 284129.0, 284525.0, 284723.0, 285315.0, 286144.0, 286204.0, 341640.0, 343171.0, 345274.0, 349152.0, 374462.0, 374819.0, 375057.0, 375790.0, 387804.0, 388325.0, 388512.0, 392617.0, 401994.0, 402415.0, 402778.0, 403313.0, 408050.0, 439921.0, 474170.0, 613212.0, 642987.0, 728888.0, 768211.0, 100128731.0, 100132247.0, 100505876.0 
GO:0022627 CC 4.18e-05 12/2249    41/29107 D05 cytosolic small ribosomal subunit        3040.0, 6188.0, 6191.0, 6201.0, 6203.0, 6207.0, 6208.0, 6218.0, 6222.0, 6223.0, 6231.0, 6234.0 
GO:0005887 CC 7.56e-05 149/2249  1403/29107 D04 integral component of plasma membrane    40.0, 91.0, 92.0, 107.0, 114.0, 146.0, 147.0, 148.0, 150.0, 177.0, 358.0, 362.0, 886.0, 925.0, 944.0, 947.0, 949.0, 958.0, 975.0, 976.0, 1000.0, 1138.0, 1183.0, 1308.0, 1378.0, 1441.0, 1815.0, 2040.0, 2046.0, 2057.0, 2065.0, 2195.0, 2261.0, 2264.0, 2322.0, 2830.0, 2845.0, 2859.0, 2861.0, 2900.0, 2917.0, 3107.0, 3269.0, 3356.0, 3359.0, 3460.0, 3554.0, 3690.0, 3732.0, 3759.0, 3821.0, 4233.0, 4311.0, 4544.0, 4804.0, 4868.0, 4882.0, 4923.0, 4988.0, 5023.0, 5097.0, 5175.0, 5786.0, 5789.0, 5795.0, 5797.0, 5800.0, 5961.0, 5979.0, 5995.0, 6006.0, 6091.0, 6259.0, 6302.0, 6507.0, 6517.0, 6536.0, 6540.0, 6610.0, 6693.0, 6752.0, 7099.0, 7103.0, 7225.0, 7348.0, 7434.0, 8001.0, 8549.0, 8611.0, 9289.0, 9332.0, 9365.0, 10161.0, 10333.0, 10457.0, 10652.0, 10666.0, 10791.0, 11027.0, 11120.0, 22829.0, 23416.0, 23531.0, 23539.0, 23601.0, 23620.0, 26503.0, 27133.0, 27328.0, 29990.0, 30817.0, 50856.0, 51201.0, 55503.0, 55515.0, 55540.0, 55558.0, 55630.0, 55848.0, 56102.0, 56109.0, 56128.0, 56147.0, 56262.0, 56302.0, 56624.0, 57535.0, 57537.0, 58494.0, 60598.0, 79054.0, 84063.0, 84189.0, 90134.0, 90139.0, 114814.0, 117531.0, 131566.0, 140803.0, 145389.0, 147138.0, 196883.0, 221074.0, 284129.0, 338557.0, 339390.0, 441631.0, 653160.0, 100507436.0 
GO:0005788 CC 8.47e-05 44/2249   306/29107 D05 endoplasmic reticulum lumen              102.0, 258.0, 411.0, 414.0, 567.0, 652.0, 821.0, 1000.0, 1075.0, 1282.0, 1293.0, 1297.0, 1301.0, 1302.0, 1308.0, 2322.0, 3486.0, 3487.0, 3592.0, 3698.0, 3912.0, 3915.0, 5768.0, 7466.0, 7473.0, 9403.0, 10130.0, 10956.0, 11001.0, 11098.0, 11167.0, 25870.0, 27348.0, 51148.0, 51246.0, 54587.0, 54982.0, 56005.0, 64714.0, 79087.0, 153642.0, 285203.0, 285362.0, 340267.0 
GO:0000139 CC 1.16e-04 72/2249   587/29107 D05 Golgi membrane                           102.0, 567.0, 955.0, 966.0, 2132.0, 2475.0, 3107.0, 3127.0, 3133.0, 3134.0, 3140.0, 3460.0, 3838.0, 4166.0, 4218.0, 4249.0, 5045.0, 5768.0, 5861.0, 6093.0, 6836.0, 8459.0, 8460.0, 8675.0, 8692.0, 9331.0, 9469.0, 9478.0, 9827.0, 9917.0, 9951.0, 10175.0, 10347.0, 10402.0, 10466.0, 10652.0, 10690.0, 10841.0, 11261.0, 22796.0, 23256.0, 23460.0, 23563.0, 25839.0, 25849.0, 27333.0, 29940.0, 51000.0, 51070.0, 51201.0, 51226.0, 51313.0, 54499.0, 54756.0, 54941.0, 55062.0, 55790.0, 56624.0, 57531.0, 64285.0, 79585.0, 79591.0, 79932.0, 80142.0, 80342.0, 83539.0, 93380.0, 126792.0, 146664.0, 153339.0, 221477.0, 222236.0 
GO:0042612 CC 1.26e-04  5/2249     8/29107 D05 MHC class I protein complex              567.0, 3107.0, 3133.0, 3134.0, 3140.0 
GO:0045121 CC 1.30e-04 36/2249   240/29107 D04 membrane raft                            107.0, 114.0, 330.0, 355.0, 824.0, 1272.0, 2040.0, 3098.0, 3635.0, 3688.0, 4067.0, 4311.0, 4923.0, 4988.0, 5023.0, 5045.0, 5175.0, 5979.0, 6517.0, 7186.0, 8611.0, 8692.0, 8826.0, 9289.0, 10008.0, 10333.0, 10666.0, 23433.0, 54982.0, 56624.0, 64750.0, 79026.0, 79054.0, 79180.0, 79870.0, 84433.0 
GO:0043235 CC 2.08e-04 32/2249   209/29107 D02 receptor complex                         91.0, 92.0, 150.0, 1441.0, 2046.0, 2065.0, 2261.0, 2264.0, 2322.0, 2675.0, 2861.0, 2917.0, 3568.0, 3594.0, 3688.0, 3690.0, 3821.0, 4036.0, 4233.0, 4881.0, 5786.0, 5979.0, 6259.0, 7099.0, 8029.0, 10333.0, 22925.0, 26996.0, 57528.0, 342372.0, 374462.0, 388325.0 
GO:0005604 CC 2.37e-04 17/2249    85/29107 D05 basement membrane                        1282.0, 1297.0, 1308.0, 3339.0, 3908.0, 3912.0, 3915.0, 7060.0, 7399.0, 80144.0, 83872.0, 126147.0, 158326.0, 255743.0, 340267.0, 341640.0, 375790.0 
GO:0009897 CC 2.53e-04 41/2249   295/29107 D03 external side of plasma membrane         100.0, 355.0, 563.0, 567.0, 824.0, 925.0, 947.0, 958.0, 1003.0, 1441.0, 2675.0, 3133.0, 3134.0, 3140.0, 3554.0, 3568.0, 3594.0, 3688.0, 4036.0, 4907.0, 5023.0, 5133.0, 6387.0, 6517.0, 6693.0, 7099.0, 8748.0, 9332.0, 10385.0, 10495.0, 10666.0, 11118.0, 11119.0, 11120.0, 57007.0, 79054.0, 80274.0, 80328.0, 80741.0, 117531.0, 100507436.0 
GO:0036057 CC 2.65e-04  5/2249     9/29107 D06 slit diaphragm                           4868.0, 7225.0, 8826.0, 9863.0, 84063.0 
GO:0005741 CC 3.65e-04 28/2249   180/29107 D06 mitochondrial outer membrane             599.0, 670.0, 2475.0, 2710.0, 3098.0, 3429.0, 4128.0, 4257.0, 5138.0, 5366.0, 5521.0, 6622.0, 8165.0, 8303.0, 9804.0, 9823.0, 9868.0, 9927.0, 10981.0, 51703.0, 54543.0, 54974.0, 54996.0, 80179.0, 80342.0, 80777.0, 126129.0, 201164.0 
GO:0015629 CC 4.15e-04 35/2249   245/29107 D06 actin cytoskeleton                       31.0, 58.0, 114.0, 1495.0, 1612.0, 2909.0, 4482.0, 4645.0, 4647.0, 4703.0, 5074.0, 6525.0, 6622.0, 6840.0, 7168.0, 8826.0, 9696.0, 10095.0, 10109.0, 10360.0, 11078.0, 11170.0, 22885.0, 23075.0, 23603.0, 50853.0, 51778.0, 55607.0, 55742.0, 64005.0, 64780.0, 79026.0, 79834.0, 80179.0, 93587.0 
GO:0032991 CC 4.16e-04 75/2249   643/29107 D01 protein-containing complex               330.0, 367.0, 613.0, 821.0, 842.0, 1399.0, 1499.0, 2752.0, 2962.0, 3148.0, 3690.0, 4057.0, 4193.0, 4645.0, 5023.0, 5175.0, 5950.0, 5999.0, 6122.0, 6134.0, 6201.0, 6262.0, 6342.0, 6599.0, 6622.0, 6642.0, 6772.0, 7019.0, 7520.0, 8293.0, 8345.0, 8350.0, 8352.0, 8359.0, 8363.0, 8365.0, 8366.0, 8367.0, 8519.0, 8826.0, 9135.0, 9325.0, 9827.0, 9863.0, 9941.0, 10010.0, 10036.0, 10220.0, 10410.0, 10613.0, 11190.0, 22844.0, 23214.0, 23770.0, 26136.0, 26504.0, 29899.0, 29979.0, 51025.0, 53339.0, 56893.0, 64127.0, 80741.0, 83547.0, 84106.0, 84274.0, 84952.0, 92960.0, 93974.0, 115703.0, 117178.0, 169166.0, 286204.0, 348180.0, 389362.0 
GO:0030176 CC 4.31e-04 21/2249   121/29107 D05 integral component of endoplasmic reticulum membrane 1388.0, 1717.0, 1798.0, 7095.0, 7466.0, 8818.0, 11001.0, 23204.0, 23770.0, 29927.0, 51000.0, 54499.0, 55831.0, 56851.0, 57222.0, 60481.0, 79993.0, 93380.0, 126129.0, 152002.0, 401494.0 
GO:0005789 CC 4.85e-04 105/2249   973/29107 D04 endoplasmic reticulum membrane           368.0, 537.0, 745.0, 821.0, 966.0, 1183.0, 1388.0, 1717.0, 1798.0, 2132.0, 2327.0, 2328.0, 2329.0, 2475.0, 2861.0, 3140.0, 3293.0, 3429.0, 3460.0, 3838.0, 4047.0, 4257.0, 4599.0, 4779.0, 4948.0, 5130.0, 5281.0, 5283.0, 5742.0, 6646.0, 6717.0, 6836.0, 7466.0, 8605.0, 8760.0, 8818.0, 9091.0, 9117.0, 10130.0, 10175.0, 10483.0, 10490.0, 10558.0, 10613.0, 10901.0, 10956.0, 11001.0, 22931.0, 23169.0, 23204.0, 23256.0, 23463.0, 26002.0, 27230.0, 29800.0, 29927.0, 29940.0, 29954.0, 50640.0, 51075.0, 51167.0, 51201.0, 51226.0, 51246.0, 51257.0, 51465.0, 51594.0, 51703.0, 54511.0, 54867.0, 54982.0, 56246.0, 56605.0, 56704.0, 56893.0, 57535.0, 57834.0, 60481.0, 64285.0, 79022.0, 79053.0, 79054.0, 79087.0, 79844.0, 79868.0, 79947.0, 79993.0, 80235.0, 81671.0, 83440.0, 83787.0, 84650.0, 94005.0, 94101.0, 112609.0, 145447.0, 147138.0, 148229.0, 151742.0, 195814.0, 197021.0, 204219.0, 253558.0, 286144.0, 408050.0 
GO:0005938 CC 5.50e-04 24/2249   149/29107 D03 cell cortex                              631.0, 1499.0, 1639.0, 2017.0, 2059.0, 2246.0, 2868.0, 2917.0, 4647.0, 5747.0, 5829.0, 6622.0, 7186.0, 8605.0, 9478.0, 22844.0, 23221.0, 23332.0, 23603.0, 29899.0, 57595.0, 83872.0, 83992.0, 642273.0 
GO:0044754 CC 8.52e-04  5/2249    11/29107 D09 autolysosome                             2495.0, 2512.0, 5289.0, 8031.0, 8878.0 
GO:0009925 CC 8.91e-04 11/2249    48/29107 D04 basal plasma membrane                    358.0, 362.0, 947.0, 975.0, 2065.0, 4233.0, 6507.0, 6520.0, 6536.0, 7439.0, 200958.0 
GO:0005911 CC 1.03e-03 27/2249   180/29107 D04 cell-cell junction                       1000.0, 1003.0, 1308.0, 1495.0, 1499.0, 1824.0, 1828.0, 2195.0, 2264.0, 2885.0, 3690.0, 3702.0, 4804.0, 4868.0, 5097.0, 5175.0, 5795.0, 5797.0, 5829.0, 5908.0, 8631.0, 9578.0, 9863.0, 10806.0, 54532.0, 79778.0, 84063.0 
GO:0005096 MF 1.41e-06 45/2249   256/29107 D05 GTPase activator activity                613.0, 1124.0, 1793.0, 2665.0, 2909.0, 5921.0, 5997.0, 5999.0, 6000.0, 6654.0, 6904.0, 7249.0, 8437.0, 8787.0, 8826.0, 9098.0, 9135.0, 9681.0, 10144.0, 10156.0, 10483.0, 23216.0, 23527.0, 54885.0, 55296.0, 55357.0, 57514.0, 58504.0, 64333.0, 79658.0, 84253.0, 94134.0, 115703.0, 116983.0, 116985.0, 116987.0, 129049.0, 134957.0, 201163.0, 201176.0, 374403.0, 727851.0, 729857.0, 729873.0, 102723859.0 
GO:0005525 MF 3.43e-06 56/2249   373/29107 D08 GTP binding                              378.0, 1612.0, 1968.0, 2778.0, 2909.0, 2935.0, 2982.0, 4218.0, 4599.0, 4600.0, 4881.0, 4882.0, 5861.0, 5865.0, 5878.0, 5899.0, 5908.0, 6447.0, 7052.0, 7280.0, 7818.0, 8790.0, 9077.0, 9364.0, 9927.0, 10981.0, 11031.0, 11159.0, 22808.0, 22931.0, 23221.0, 23433.0, 23551.0, 27175.0, 29925.0, 50808.0, 51199.0, 51285.0, 51762.0, 54974.0, 54988.0, 55303.0, 55340.0, 57826.0, 64121.0, 64901.0, 84100.0, 84340.0, 84617.0, 84705.0, 84790.0, 85865.0, 116987.0, 161253.0, 282808.0, 387496.0 
GO:0005524 MF 4.29e-06 190/2249  1458/29107 D08 ATP binding                              31.0, 58.0, 91.0, 92.0, 107.0, 114.0, 157.0, 368.0, 537.0, 613.0, 817.0, 1159.0, 1160.0, 1183.0, 1612.0, 1663.0, 1769.0, 1981.0, 2038.0, 2046.0, 2065.0, 2261.0, 2264.0, 2322.0, 2444.0, 2475.0, 2710.0, 2752.0, 2868.0, 3098.0, 3702.0, 3706.0, 3758.0, 3795.0, 3799.0, 3978.0, 4067.0, 4139.0, 4172.0, 4174.0, 4233.0, 4296.0, 4436.0, 4645.0, 4647.0, 4671.0, 4752.0, 4833.0, 4881.0, 4882.0, 4938.0, 4940.0, 5023.0, 5096.0, 5129.0, 5210.0, 5289.0, 5293.0, 5578.0, 5583.0, 5592.0, 5598.0, 5600.0, 5613.0, 5702.0, 5747.0, 5973.0, 5979.0, 6093.0, 6259.0, 6300.0, 6584.0, 7320.0, 7332.0, 7443.0, 7520.0, 7525.0, 8195.0, 8317.0, 8449.0, 8458.0, 8621.0, 8632.0, 8986.0, 8999.0, 9263.0, 9401.0, 9578.0, 9585.0, 9748.0, 9785.0, 9917.0, 10000.0, 10060.0, 10114.0, 10131.0, 10347.0, 10351.0, 10588.0, 10667.0, 10693.0, 10730.0, 10749.0, 11001.0, 22861.0, 23020.0, 23075.0, 23093.0, 23113.0, 23170.0, 23395.0, 23405.0, 23460.0, 23604.0, 23729.0, 25778.0, 25809.0, 25865.0, 25989.0, 26153.0, 27348.0, 28996.0, 29028.0, 30849.0, 50640.0, 50808.0, 51231.0, 51465.0, 51703.0, 53904.0, 54802.0, 54974.0, 54981.0, 54986.0, 54988.0, 55149.0, 55191.0, 55210.0, 55224.0, 55636.0, 55681.0, 55687.0, 55760.0, 55781.0, 56155.0, 56164.0, 56171.0, 56922.0, 57176.0, 57505.0, 57519.0, 57761.0, 63826.0, 63979.0, 64005.0, 64127.0, 64848.0, 79611.0, 79731.0, 79781.0, 79784.0, 80179.0, 80222.0, 80224.0, 83549.0, 84284.0, 84930.0, 89795.0, 90990.0, 91351.0, 91646.0, 113220.0, 113510.0, 124454.0, 124602.0, 127602.0, 140803.0, 146057.0, 148229.0, 150094.0, 166614.0, 196883.0, 197258.0, 219293.0, 221458.0, 283459.0, 284076.0, 317781.0, 414328.0, 653857.0 
GO:0042802 MF 4.39e-06 188/2249  1494/29107 D03 identical protein binding                31.0, 146.0, 177.0, 191.0, 307.0, 321.0, 355.0, 358.0, 362.0, 443.0, 567.0, 599.0, 817.0, 949.0, 952.0, 1000.0, 1075.0, 1399.0, 1415.0, 1495.0, 1612.0, 1674.0, 1725.0, 1728.0, 1798.0, 1815.0, 1981.0, 2027.0, 2040.0, 2057.0, 2065.0, 2261.0, 2277.0, 2475.0, 2512.0, 2752.0, 2885.0, 2947.0, 3082.0, 3248.0, 3299.0, 3356.0, 3429.0, 3690.0, 3759.0, 3799.0, 4040.0, 4085.0, 4188.0, 4193.0, 4233.0, 4257.0, 4296.0, 4303.0, 4599.0, 4647.0, 4779.0, 4860.0, 4882.0, 4923.0, 5023.0, 5130.0, 5224.0, 5635.0, 5702.0, 5723.0, 5797.0, 5973.0, 6091.0, 6223.0, 6262.0, 6285.0, 6374.0, 6606.0, 6622.0, 6642.0, 6652.0, 6772.0, 7052.0, 7099.0, 7126.0, 7168.0, 7174.0, 7185.0, 7186.0, 7264.0, 7358.0, 7375.0, 7399.0, 7423.0, 7439.0, 7681.0, 8192.0, 8665.0, 8878.0, 8995.0, 8996.0, 9025.0, 9051.0, 9071.0, 9463.0, 9618.0, 9748.0, 9852.0, 9935.0, 10036.0, 10247.0, 10333.0, 10361.0, 10486.0, 10901.0, 10951.0, 22977.0, 23020.0, 23204.0, 23549.0, 23604.0, 23770.0, 25814.0, 25870.0, 27348.0, 29109.0, 29899.0, 29979.0, 50944.0, 51074.0, 51075.0, 51148.0, 51171.0, 51181.0, 51562.0, 53339.0, 53834.0, 54887.0, 54925.0, 54974.0, 55007.0, 55149.0, 55503.0, 55607.0, 55617.0, 55646.0, 55835.0, 56128.0, 56246.0, 56262.0, 56893.0, 57407.0, 57820.0, 58490.0, 60491.0, 63826.0, 64750.0, 79054.0, 79834.0, 79901.0, 80274.0, 80321.0, 80741.0, 83892.0, 84063.0, 84105.0, 84283.0, 84456.0, 84680.0, 85007.0, 85363.0, 93974.0, 112483.0, 112609.0, 113675.0, 119391.0, 126375.0, 128866.0, 129401.0, 135114.0, 137075.0, 196051.0, 200958.0, 202243.0, 222236.0, 283349.0, 285362.0, 285753.0, 339488.0, 345643.0, 388512.0, 493829.0 
GO:0046872 MF 4.86e-06 256/2249  2297/29107 D04 metal ion binding                        31.0, 91.0, 92.0, 102.0, 107.0, 114.0, 176.0, 249.0, 280.0, 330.0, 411.0, 414.0, 443.0, 781.0, 1124.0, 1297.0, 1301.0, 1302.0, 1466.0, 1534.0, 1663.0, 1798.0, 1806.0, 1815.0, 2021.0, 2110.0, 2132.0, 2778.0, 2799.0, 3486.0, 3655.0, 3669.0, 3688.0, 3702.0, 3792.0, 3978.0, 4494.0, 4495.0, 4521.0, 4671.0, 4752.0, 4833.0, 4843.0, 4907.0, 4938.0, 4940.0, 5045.0, 5136.0, 5137.0, 5324.0, 5446.0, 5516.0, 5533.0, 5583.0, 5649.0, 5742.0, 5829.0, 5980.0, 6093.0, 6167.0, 6391.0, 6507.0, 6610.0, 6769.0, 7375.0, 7553.0, 7564.0, 7581.0, 7633.0, 7652.0, 7681.0, 7691.0, 7718.0, 7762.0, 7769.0, 7772.0, 8001.0, 8226.0, 8303.0, 8317.0, 8437.0, 8462.0, 8516.0, 8543.0, 8544.0, 8748.0, 8751.0, 8754.0, 8828.0, 9014.0, 9054.0, 9310.0, 9331.0, 9355.0, 9463.0, 9831.0, 9917.0, 9924.0, 9925.0, 9941.0, 10003.0, 10010.0, 10156.0, 10172.0, 10229.0, 10572.0, 10588.0, 10668.0, 10730.0, 10739.0, 10780.0, 10863.0, 11244.0, 22869.0, 22885.0, 22888.0, 22999.0, 23099.0, 23113.0, 23300.0, 23355.0, 23405.0, 23522.0, 23527.0, 23536.0, 23770.0, 25865.0, 25870.0, 26145.0, 26147.0, 26152.0, 27107.0, 27295.0, 29116.0, 29940.0, 29954.0, 51167.0, 51317.0, 51668.0, 54511.0, 54807.0, 54925.0, 54981.0, 54988.0, 55124.0, 55316.0, 55503.0, 55552.0, 55644.0, 55646.0, 55748.0, 55753.0, 55781.0, 55786.0, 55790.0, 56302.0, 56922.0, 56931.0, 56978.0, 57546.0, 57593.0, 57615.0, 57616.0, 57820.0, 60528.0, 64780.0, 64789.0, 64854.0, 65251.0, 65986.0, 79149.0, 79175.0, 79258.0, 79364.0, 79673.0, 79778.0, 79817.0, 79882.0, 79901.0, 79943.0, 79947.0, 80144.0, 80224.0, 80777.0, 81035.0, 83440.0, 83444.0, 84100.0, 84268.0, 84527.0, 84622.0, 84671.0, 84735.0, 84874.0, 84954.0, 89846.0, 90338.0, 91419.0, 93134.0, 93589.0, 94121.0, 94122.0, 113835.0, 115209.0, 115560.0, 116225.0, 116983.0, 116985.0, 116987.0, 121274.0, 125893.0, 126375.0, 136051.0, 137872.0, 139735.0, 140803.0, 144402.0, 146050.0, 147687.0, 148206.0, 151313.0, 151742.0, 153642.0, 158326.0, 161823.0, 162966.0, 162968.0, 168391.0, 168544.0, 169841.0, 196883.0, 199221.0, 199777.0, 200035.0, 201164.0, 220002.0, 221687.0, 222696.0, 253639.0, 254295.0, 282890.0, 283209.0, 283337.0, 284106.0, 285268.0, 341350.0, 341640.0, 342132.0, 342908.0, 359948.0, 388512.0, 388523.0, 388536.0, 390928.0, 654254.0, 100293516.0 
GO:0003723 MF 5.35e-06 159/2249  1388/29107 D04 RNA binding                              190.0, 689.0, 821.0, 831.0, 1029.0, 1399.0, 1495.0, 1728.0, 1729.0, 1964.0, 1981.0, 1982.0, 2665.0, 2885.0, 2935.0, 2962.0, 3006.0, 3069.0, 3146.0, 3148.0, 3428.0, 3838.0, 4329.0, 4673.0, 4731.0, 4736.0, 5393.0, 5822.0, 6122.0, 6130.0, 6132.0, 6133.0, 6134.0, 6150.0, 6155.0, 6158.0, 6167.0, 6188.0, 6191.0, 6201.0, 6203.0, 6207.0, 6208.0, 6218.0, 6222.0, 6223.0, 6231.0, 6234.0, 6520.0, 6606.0, 6631.0, 6632.0, 6838.0, 7019.0, 7295.0, 7332.0, 7520.0, 7681.0, 7812.0, 7818.0, 8165.0, 8175.0, 8359.0, 8363.0, 8365.0, 8366.0, 8367.0, 8449.0, 8621.0, 8638.0, 8664.0, 8672.0, 8996.0, 9045.0, 9130.0, 9410.0, 9785.0, 9811.0, 10102.0, 10131.0, 10247.0, 10360.0, 10361.0, 10412.0, 10607.0, 10749.0, 10898.0, 11171.0, 22916.0, 22999.0, 23020.0, 23283.0, 23318.0, 23405.0, 23521.0, 23536.0, 23567.0, 25917.0, 26136.0, 26156.0, 26986.0, 26995.0, 27000.0, 27044.0, 27341.0, 27349.0, 29093.0, 51070.0, 51081.0, 51096.0, 51154.0, 51535.0, 51634.0, 54039.0, 54913.0, 55110.0, 55127.0, 55149.0, 55646.0, 55760.0, 55833.0, 56931.0, 57535.0, 57602.0, 57805.0, 60528.0, 64778.0, 64848.0, 65109.0, 65110.0, 79026.0, 79810.0, 79868.0, 79882.0, 80336.0, 81550.0, 83640.0, 84128.0, 84284.0, 84549.0, 84881.0, 84950.0, 85313.0, 85865.0, 91351.0, 93587.0, 113251.0, 115752.0, 117246.0, 118460.0, 126789.0, 140576.0, 144983.0, 148423.0, 201299.0, 317781.0, 400506.0, 100132406.0, 102724159.0 
GO:0005515 MF 9.93e-06 1357/2249 12417/29107 D02 protein binding                          31.0, 40.0, 58.0, 91.0, 92.0, 100.0, 102.0, 146.0, 147.0, 148.0, 150.0, 157.0, 176.0, 177.0, 190.0, 191.0, 246.0, 249.0, 258.0, 307.0, 321.0, 330.0, 341.0, 347.0, 353.0, 355.0, 358.0, 362.0, 367.0, 378.0, 443.0, 501.0, 533.0, 537.0, 563.0, 567.0, 571.0, 573.0, 599.0, 613.0, 631.0, 648.0, 650.0, 652.0, 655.0, 689.0, 754.0, 760.0, 767.0, 817.0, 821.0, 824.0, 831.0, 840.0, 842.0, 900.0, 925.0, 944.0, 947.0, 949.0, 958.0, 966.0, 975.0, 976.0, 994.0, 1000.0, 1003.0, 1029.0, 1030.0, 1039.0, 1075.0, 1124.0, 1138.0, 1159.0, 1160.0, 1183.0, 1272.0, 1282.0, 1297.0, 1302.0, 1308.0, 1360.0, 1378.0, 1388.0, 1399.0, 1415.0, 1441.0, 1466.0, 1495.0, 1499.0, 1519.0, 1534.0, 1540.0, 1612.0, 1639.0, 1663.0, 1674.0, 1687.0, 1717.0, 1725.0, 1728.0, 1729.0, 1793.0, 1798.0, 1806.0, 1815.0, 1824.0, 1828.0, 1964.0, 1968.0, 1981.0, 1982.0, 1998.0, 2004.0, 2009.0, 2010.0, 2017.0, 2018.0, 2021.0, 2029.0, 2037.0, 2038.0, 2040.0, 2057.0, 2059.0, 2065.0, 2110.0, 2123.0, 2132.0, 2195.0, 2218.0, 2246.0, 2261.0, 2264.0, 2267.0, 2277.0, 2280.0, 2322.0, 2328.0, 2329.0, 2359.0, 2444.0, 2475.0, 2495.0, 2512.0, 2537.0, 2553.0, 2646.0, 2647.0, 2665.0, 2671.0, 2710.0, 2752.0, 2778.0, 2784.0, 2786.0, 2787.0, 2799.0, 2861.0, 2885.0, 2935.0, 2947.0, 2948.0, 2962.0, 2975.0, 2979.0, 2982.0, 3006.0, 3040.0, 3069.0, 3073.0, 3082.0, 3098.0, 3107.0, 3108.0, 3133.0, 3134.0, 3140.0, 3146.0, 3148.0, 3241.0, 3339.0, 3356.0, 3359.0, 3428.0, 3429.0, 3460.0, 3486.0, 3487.0, 3554.0, 3568.0, 3576.0, 3592.0, 3635.0, 3655.0, 3662.0, 3688.0, 3690.0, 3692.0, 3702.0, 3732.0, 3749.0, 3759.0, 3792.0, 3795.0, 3799.0, 3821.0, 3838.0, 3841.0, 3852.0, 3912.0, 3960.0, 4013.0, 4036.0, 4040.0, 4047.0, 4057.0, 4062.0, 4067.0, 4072.0, 4085.0, 4128.0, 4139.0, 4172.0, 4174.0, 4188.0, 4193.0, 4218.0, 4233.0, 4239.0, 4257.0, 4296.0, 4303.0, 4311.0, 4355.0, 4436.0, 4482.0, 4494.0, 4495.0, 4521.0, 4537.0, 4544.0, 4599.0, 4600.0, 4645.0, 4647.0, 4671.0, 4673.0, 4683.0, 4703.0, 4704.0, 4713.0, 4722.0, 4724.0, 4731.0, 4736.0, 4745.0, 4752.0, 4779.0, 4796.0, 4804.0, 4833.0, 4838.0, 4843.0, 4860.0, 4868.0, 4882.0, 4907.0, 4923.0, 4938.0, 4940.0, 4948.0, 4953.0, 4969.0, 4988.0, 4999.0, 5023.0, 5045.0, 5049.0, 5069.0, 5074.0, 5096.0, 5129.0, 5130.0, 5133.0, 5138.0, 5160.0, 5175.0, 5210.0, 5224.0, 5257.0, 5281.0, 5283.0, 5289.0, 5293.0, 5300.0, 5336.0, 5356.0, 5366.0, 5393.0, 5504.0, 5516.0, 5521.0, 5527.0, 5533.0, 5554.0, 5557.0, 5578.0, 5583.0, 5592.0, 5598.0, 5600.0, 5613.0, 5635.0, 5689.0, 5693.0, 5702.0, 5708.0, 5711.0, 5742.0, 5747.0, 5786.0, 5789.0, 5795.0, 5797.0, 5800.0, 5817.0, 5829.0, 5861.0, 5865.0, 5878.0, 5887.0, 5899.0, 5908.0, 5918.0, 5921.0, 5950.0, 5961.0, 5973.0, 5979.0, 5980.0, 5995.0, 5997.0, 6091.0, 6093.0, 6118.0, 6119.0, 6122.0, 6130.0, 6132.0, 6133.0, 6134.0, 6150.0, 6155.0, 6158.0, 6188.0, 6191.0, 6201.0, 6203.0, 6207.0, 6208.0, 6222.0, 6223.0, 6231.0, 6234.0, 6259.0, 6262.0, 6282.0, 6285.0, 6300.0, 6302.0, 6342.0, 6374.0, 6387.0, 6389.0, 6391.0, 6447.0, 6452.0, 6468.0, 6507.0, 6517.0, 6520.0, 6584.0, 6599.0, 6606.0, 6610.0, 6622.0, 6631.0, 6632.0, 6642.0, 6646.0, 6654.0, 6656.0, 6658.0, 6693.0, 6717.0, 6752.0, 6769.0, 6772.0, 6799.0, 6817.0, 6836.0, 6838.0, 6840.0, 6866.0, 6904.0, 6920.0, 6936.0, 7019.0, 7030.0, 7052.0, 7054.0, 7060.0, 7091.0, 7099.0, 7103.0, 7126.0, 7138.0, 7168.0, 7174.0, 7182.0, 7185.0, 7186.0, 7225.0, 7249.0, 7264.0, 7265.0, 7280.0, 7286.0, 7295.0, 7296.0, 7320.0, 7332.0, 7347.0, 7348.0, 7375.0, 7399.0, 7423.0, 7424.0, 7443.0, 7466.0, 7473.0, 7520.0, 7525.0, 7564.0, 7633.0, 7681.0, 7718.0, 7772.0, 7812.0, 7818.0, 7917.0, 7923.0, 8029.0, 8045.0, 8086.0, 8089.0, 8165.0, 8175.0, 8192.0, 8195.0, 8226.0, 8242.0, 8263.0, 8266.0, 8269.0, 8293.0, 8317.0, 8325.0, 8345.0, 8350.0, 8352.0, 8359.0, 8363.0, 8365.0, 8366.0, 8367.0, 8372.0, 8449.0, 8458.0, 8462.0, 8499.0, 8507.0, 8518.0, 8519.0, 8543.0, 8544.0, 8546.0, 8549.0, 8556.0, 8605.0, 8611.0, 8621.0, 8631.0, 8638.0, 8664.0, 8665.0, 8675.0, 8692.0, 8751.0, 8754.0, 8760.0, 8774.0, 8818.0, 8826.0, 8828.0, 8840.0, 8856.0, 8857.0, 8878.0, 8888.0, 8911.0, 8986.0, 8992.0, 8995.0, 8996.0, 9014.0, 9015.0, 9025.0, 9045.0, 9051.0, 9054.0, 9071.0, 9077.0, 9091.0, 9098.0, 9117.0, 9130.0, 9135.0, 9140.0, 9202.0, 9232.0, 9289.0, 9296.0, 9325.0, 9332.0, 9355.0, 9362.0, 9364.0, 9401.0, 9403.0, 9410.0, 9425.0, 9443.0, 9463.0, 9478.0, 9559.0, 9585.0, 9618.0, 9631.0, 9637.0, 9652.0, 9683.0, 9696.0, 9701.0, 9717.0, 9731.0, 9741.0, 9748.0, 9785.0, 9792.0, 9801.0, 9804.0, 9806.0, 9811.0, 9812.0, 9827.0, 9831.0, 9852.0, 9858.0, 9863.0, 9868.0, 9878.0, 9894.0, 9902.0, 9906.0, 9917.0, 9924.0, 9925.0, 9927.0, 9935.0, 9997.0, 10000.0, 10003.0, 10008.0, 10010.0, 10015.0, 10036.0, 10038.0, 10073.0, 10095.0, 10102.0, 10109.0, 10130.0, 10131.0, 10161.0, 10171.0, 10172.0, 10175.0, 10220.0, 10229.0, 10247.0, 10309.0, 10314.0, 10333.0, 10360.0, 10361.0, 10385.0, 10410.0, 10439.0, 10457.0, 10459.0, 10464.0, 10466.0, 10483.0, 10486.0, 10490.0, 10526.0, 10527.0, 10558.0, 10561.0, 10572.0, 10607.0, 10613.0, 10627.0, 10640.0, 10666.0, 10667.0, 10668.0, 10690.0, 10730.0, 10741.0, 10749.0, 10776.0, 10791.0, 10806.0, 10827.0, 10841.0, 10863.0, 10898.0, 10951.0, 10956.0, 10981.0, 11031.0, 11059.0, 11060.0, 11098.0, 11101.0, 11118.0, 11119.0, 11140.0, 11147.0, 11165.0, 11167.0, 11170.0, 11171.0, 11185.0, 11190.0, 11197.0, 11234.0, 11244.0, 11261.0, 11272.0, 22796.0, 22808.0, 22829.0, 22844.0, 22861.0, 22874.0, 22885.0, 22888.0, 22909.0, 22911.0, 22915.0, 22916.0, 22918.0, 22931.0, 22949.0, 22950.0, 22955.0, 22977.0, 22999.0, 23020.0, 23047.0, 23075.0, 23099.0, 23113.0, 23170.0, 23189.0, 23194.0, 23204.0, 23214.0, 23216.0, 23221.0, 23234.0, 23256.0, 23283.0, 23300.0, 23318.0, 23326.0, 23332.0, 23339.0, 23355.0, 23392.0, 23405.0, 23416.0, 23421.0, 23433.0, 23463.0, 23522.0, 23531.0, 23549.0, 23567.0, 23582.0, 23583.0, 23585.0, 23592.0, 23593.0, 23603.0, 23604.0, 23643.0, 23770.0, 23786.0, 23788.0, 25759.0, 25791.0, 25796.0, 25797.0, 25814.0, 25825.0, 25839.0, 25847.0, 25849.0, 25865.0, 25870.0, 25876.0, 25885.0, 25896.0, 25917.0, 25941.0, 25959.0, 25989.0, 26002.0, 26045.0, 26092.0, 26094.0, 26136.0, 26145.0, 26147.0, 26150.0, 26152.0, 26153.0, 26235.0, 26270.0, 26272.0, 26273.0, 26469.0, 26504.0, 26511.0, 26517.0, 26585.0, 26986.0, 26994.0, 26996.0, 27000.0, 27044.0, 27143.0, 27229.0, 27230.0, 27249.0, 27295.0, 27297.0, 27341.0, 27348.0, 28952.0, 28970.0, 28996.0, 29028.0, 29103.0, 29109.0, 29116.0, 29800.0, 29843.0, 29855.0, 29894.0, 29899.0, 29919.0, 29925.0, 29927.0, 29979.0, 29990.0, 30817.0, 30849.0, 50628.0, 50808.0, 50839.0, 50863.0, 50944.0, 51002.0, 51016.0, 51025.0, 51030.0, 51070.0, 51074.0, 51075.0, 51088.0, 51110.0, 51148.0, 51149.0, 51154.0, 51171.0, 51181.0, 51192.0, 51199.0, 51231.0, 51246.0, 51257.0, 51259.0, 51285.0, 51295.0, 51312.0, 51317.0, 51324.0, 51367.0, 51375.0, 51390.0, 51460.0, 51465.0, 51477.0, 51522.0, 51530.0, 51531.0, 51535.0, 51548.0, 51562.0, 51606.0, 51634.0, 51657.0, 51668.0, 51703.0, 51741.0, 51759.0, 51762.0, 51778.0, 53339.0, 53826.0, 53904.0, 53905.0, 53938.0, 54103.0, 54221.0, 54434.0, 54496.0, 54499.0, 54532.0, 54543.0, 54550.0, 54587.0, 54800.0, 54815.0, 54825.0, 54838.0, 54842.0, 54878.0, 54885.0, 54887.0, 54903.0, 54913.0, 54914.0, 54918.0, 54925.0, 54930.0, 54941.0, 54957.0, 54974.0, 54981.0, 54982.0, 54998.0, 55007.0, 55051.0, 55055.0, 55062.0, 55076.0, 55109.0, 55110.0, 55124.0, 55127.0, 55138.0, 55149.0, 55170.0, 55191.0, 55208.0, 55210.0, 55222.0, 55224.0, 55244.0, 55251.0, 55256.0, 55276.0, 55280.0, 55282.0, 55296.0, 55315.0, 55325.0, 55336.0, 55340.0, 55349.0, 55353.0, 55357.0, 55471.0, 55502.0, 55503.0, 55515.0, 55540.0, 55558.0, 55607.0, 55613.0, 55620.0, 55622.0, 55636.0, 55644.0, 55646.0, 55681.0, 55690.0, 55715.0, 55740.0, 55742.0, 55753.0, 55759.0, 55760.0, 55764.0, 55775.0, 55781.0, 55786.0, 55805.0, 55812.0, 55831.0, 55833.0, 55835.0, 55848.0, 55857.0, 55863.0, 55901.0, 56005.0, 56155.0, 56181.0, 56246.0, 56262.0, 56302.0, 56605.0, 56672.0, 56704.0, 56851.0, 56884.0, 56892.0, 56893.0, 56922.0, 56931.0, 56942.0, 56978.0, 57007.0, 57110.0, 57128.0, 57176.0, 57179.0, 57222.0, 57402.0, 57407.0, 57447.0, 57463.0, 57505.0, 57528.0, 57531.0, 57536.0, 57562.0, 57602.0, 57616.0, 57654.0, 57655.0, 57718.0, 57721.0, 57761.0, 57805.0, 57820.0, 57826.0, 57834.0, 58488.0, 58490.0, 58494.0, 58504.0, 59307.0, 59344.0, 60437.0, 60481.0, 60491.0, 60685.0, 63826.0, 63933.0, 63940.0, 63973.0, 63979.0, 64072.0, 64090.0, 64121.0, 64127.0, 64231.0, 64285.0, 64333.0, 64343.0, 64518.0, 64714.0, 64750.0, 64755.0, 64780.0, 64848.0, 64854.0, 64978.0, 65082.0, 65109.0, 65110.0, 65251.0, 65258.0, 65986.0, 78989.0, 79003.0, 79022.0, 79026.0, 79036.0, 79053.0, 79054.0, 79058.0, 79095.0, 79109.0, 79137.0, 79149.0, 79157.0, 79175.0, 79364.0, 79446.0, 79585.0, 79591.0, 79611.0, 79658.0, 79673.0, 79745.0, 79778.0, 79800.0, 79810.0, 79817.0, 79834.0, 79839.0, 79844.0, 79882.0, 79901.0, 79902.0, 79932.0, 79943.0, 79947.0, 79979.0, 79993.0, 80013.0, 80142.0, 80143.0, 80222.0, 80224.0, 80262.0, 80274.0, 80321.0, 80328.0, 80342.0, 80705.0, 80777.0, 80851.0, 81544.0, 81550.0, 81617.0, 81671.0, 83444.0, 83463.0, 83547.0, 83640.0, 83714.0, 83872.0, 83877.0, 83888.0, 83892.0, 83988.0, 83992.0, 84063.0, 84071.0, 84074.0, 84100.0, 84101.0, 84105.0, 84106.0, 84221.0, 84232.0, 84268.0, 84269.0, 84274.0, 84283.0, 84303.0, 84332.0, 84340.0, 84418.0, 84433.0, 84456.0, 84498.0, 84525.0, 84527.0, 84548.0, 84549.0, 84617.0, 84628.0, 84674.0, 84680.0, 84689.0, 84690.0, 84705.0, 84707.0, 84727.0, 84733.0, 84790.0, 84807.0, 84830.0, 84881.0, 84897.0, 84898.0, 84923.0, 84950.0, 84952.0, 84954.0, 84976.0, 84996.0, 85007.0, 85015.0, 85021.0, 85313.0, 85363.0, 85376.0, 85865.0, 87769.0, 89765.0, 89891.0, 89927.0, 90416.0, 90417.0, 90624.0, 91133.0, 91283.0, 91369.0, 91419.0, 91544.0, 91875.0, 92689.0, 92960.0, 93099.0, 93380.0, 93426.0, 93487.0, 93587.0, 93974.0, 94005.0, 94097.0, 94101.0, 94121.0, 94122.0, 112483.0, 112609.0, 112752.0, 113246.0, 113251.0, 113451.0, 113510.0, 114757.0, 114792.0, 114798.0, 114971.0, 115106.0, 115560.0, 115703.0, 115752.0, 115817.0, 116028.0, 116138.0, 116225.0, 116841.0, 116985.0, 116987.0, 117155.0, 117178.0, 117246.0, 118426.0, 119391.0, 123606.0, 123803.0, 124936.0, 126129.0, 126375.0, 126433.0, 126526.0, 127253.0, 127255.0, 128710.0, 128866.0, 129401.0, 130916.0, 131566.0, 131965.0, 132001.0, 134728.0, 136051.0, 137075.0, 140461.0, 140576.0, 140803.0, 144245.0, 144402.0, 144811.0, 145389.0, 146057.0, 146279.0, 146433.0, 146664.0, 146850.0, 147138.0, 147372.0, 147687.0, 148398.0, 150094.0, 151393.0, 152015.0, 152206.0, 153339.0, 155368.0, 157807.0, 158326.0, 158427.0, 161253.0, 161291.0, 162681.0, 162966.0, 162968.0, 167555.0, 167838.0, 168544.0, 169166.0, 169841.0, 169981.0, 195814.0, 196051.0, 196264.0, 196883.0, 197258.0, 199221.0, 200634.0, 201163.0, 201164.0, 201254.0, 201299.0, 201456.0, 201780.0, 201973.0, 202243.0, 202559.0, 204219.0, 206358.0, 219402.0, 219738.0, 220002.0, 221458.0, 221477.0, 221687.0, 222166.0, 222696.0, 253558.0, 253639.0, 253714.0, 253769.0, 254295.0, 255275.0, 256076.0, 256309.0, 259294.0, 283229.0, 283337.0, 283349.0, 283459.0, 283807.0, 284040.0, 284058.0, 284076.0, 284111.0, 284129.0, 284338.0, 284348.0, 285025.0, 285315.0, 285489.0, 285590.0, 285753.0, 286077.0, 286204.0, 286257.0, 286343.0, 339390.0, 339416.0, 340277.0, 341640.0, 342132.0, 342372.0, 342908.0, 345274.0, 345643.0, 348180.0, 348235.0, 373156.0, 374403.0, 375057.0, 375790.0, 378708.0, 387103.0, 387496.0, 387849.0, 388121.0, 388325.0, 388512.0, 388552.0, 388677.0, 400506.0, 400961.0, 401494.0, 401541.0, 401994.0, 403313.0, 404672.0, 408050.0, 440097.0, 440145.0, 440295.0, 493829.0, 497661.0, 541466.0, 548644.0, 613212.0, 642273.0, 644815.0, 653247.0, 653784.0, 768211.0, 100048912.0, 100128731.0, 100131997.0, 100287932.0, 100507436.0, 101059938.0, 102724023.0 
GO:0017124 MF 1.62e-05 25/2249   129/29107 D04 SH3 domain binding                       102.0, 842.0, 1793.0, 1815.0, 2885.0, 3635.0, 4036.0, 4067.0, 6451.0, 6452.0, 6654.0, 8631.0, 8751.0, 8754.0, 9232.0, 10314.0, 50944.0, 55740.0, 57514.0, 57706.0, 64780.0, 83992.0, 85021.0, 201176.0, 202559.0 
GO:0003924 MF 3.83e-05 47/2249   327/29107 D07 GTPase activity                          378.0, 1968.0, 2778.0, 2784.0, 2787.0, 2909.0, 2935.0, 4218.0, 4599.0, 4600.0, 5861.0, 5865.0, 5878.0, 5899.0, 5908.0, 5921.0, 5997.0, 5999.0, 6000.0, 7280.0, 8787.0, 9077.0, 9364.0, 9927.0, 10981.0, 11031.0, 11159.0, 22808.0, 22931.0, 23221.0, 23433.0, 23551.0, 27175.0, 51285.0, 51762.0, 57826.0, 64121.0, 84100.0, 84340.0, 84617.0, 84705.0, 84790.0, 85865.0, 116987.0, 161253.0, 196968.0, 282808.0 
GO:0043295 MF 6.95e-05  6/2249    11/29107 D05 glutathione binding                      2944.0, 2947.0, 2948.0, 4257.0, 10314.0, 80142.0 
GO:0050661 MF 7.42e-05 11/2249    37/29107 D05 NADP binding                             1717.0, 1806.0, 2327.0, 2328.0, 2329.0, 4843.0, 5226.0, 6697.0, 23530.0, 53905.0, 554235.0 
GO:0005509 MF 7.70e-05 84/2249   704/29107 D05 calcium ion binding                      307.0, 794.0, 821.0, 824.0, 976.0, 1000.0, 1003.0, 1824.0, 1828.0, 2009.0, 2195.0, 2979.0, 3241.0, 3339.0, 4036.0, 4745.0, 5097.0, 5979.0, 6262.0, 6282.0, 6285.0, 6622.0, 6717.0, 7052.0, 7060.0, 7062.0, 8029.0, 8605.0, 8826.0, 8996.0, 9362.0, 9478.0, 9806.0, 10235.0, 10627.0, 11167.0, 11261.0, 22915.0, 22918.0, 23007.0, 23075.0, 25891.0, 27328.0, 28513.0, 30817.0, 50856.0, 50859.0, 51199.0, 53905.0, 54550.0, 54798.0, 54825.0, 54885.0, 56102.0, 56109.0, 56128.0, 56147.0, 56171.0, 56624.0, 56884.0, 57402.0, 60437.0, 63826.0, 64072.0, 64800.0, 78989.0, 79180.0, 80274.0, 83872.0, 83988.0, 84288.0, 84455.0, 85021.0, 123745.0, 140576.0, 147372.0, 255189.0, 255743.0, 283229.0, 283748.0, 286204.0, 375790.0, 388677.0, 440279.0 
GO:0003735 MF 8.14e-05 28/2249   163/29107 D02 structural constituent of ribosome       4736.0, 6122.0, 6130.0, 6132.0, 6133.0, 6134.0, 6150.0, 6155.0, 6158.0, 6167.0, 6188.0, 6191.0, 6201.0, 6203.0, 6207.0, 6208.0, 6218.0, 6222.0, 6223.0, 6231.0, 6234.0, 7818.0, 9045.0, 9801.0, 23521.0, 29093.0, 51081.0, 57129.0 
GO:0008970 MF 9.98e-05  7/2249    16/29107 D06 phospholipase A1 activity                8605.0, 9388.0, 51365.0, 57110.0, 123745.0, 255189.0, 283748.0 
GO:0016491 MF 1.23e-04 21/2249   112/29107 D02 oxidoreductase activity                  1534.0, 2110.0, 2232.0, 4843.0, 6622.0, 9403.0, 9843.0, 51741.0, 55256.0, 55349.0, 56605.0, 57179.0, 79901.0, 81577.0, 83592.0, 115817.0, 119391.0, 220002.0, 285362.0, 317749.0, 399671.0 
GO:0004000 MF 1.67e-04  4/2249     5/29107 D05 adenosine deaminase activity             100.0, 51816.0, 144811.0, 161823.0 
GO:1903231 MF 1.16e-06  0/2249   253/29107 D06 mRNA binding involved in posttranscriptional gene silencing  
GO:0004984 MF 1.63e-06  3/2249   399/29107 D04 olfactory receptor activity              138799.0, 343171.0, 401994.0 
