GO:0061157 BP 9.71e-07   4/143    16/29107 D10 mRNA destabilization                     9698.0, 10658.0, 54915.0, 79068.0 
GO:0016441 BP 6.39e-06   3/143     8/29107 D08 posttranscriptional gene silencing       7073.0, 9698.0, 10658.0 
GO:1990904 CC 9.46e-07   8/143   153/29107 D02 ribonucleoprotein complex                3184.0, 3189.0, 7073.0, 10658.0, 10659.0, 23468.0, 26986.0, 220988.0 
GO:0005654 CC 1.12e-06  51/143  3805/29107 D02 nucleoplasm                              2932.0, 2957.0, 3184.0, 3189.0, 5094.0, 5469.0, 5496.0, 5534.0, 5537.0, 6294.0, 6601.0, 6612.0, 6774.0, 7073.0, 8882.0, 9100.0, 9221.0, 9282.0, 9320.0, 9329.0, 9698.0, 9939.0, 10250.0, 10291.0, 10425.0, 10658.0, 10659.0, 10725.0, 10933.0, 10949.0, 11017.0, 23248.0, 23468.0, 25942.0, 27125.0, 51729.0, 54890.0, 55122.0, 55209.0, 55810.0, 57459.0, 59343.0, 79068.0, 80232.0, 81609.0, 93621.0, 134111.0, 152006.0, 220988.0, 221092.0, 253430.0 
GO:0005634 CC 1.16e-06  66/143  5368/29107 D05 nucleus                                  673.0, 1106.0, 2495.0, 2909.0, 2932.0, 3093.0, 3184.0, 3189.0, 5062.0, 5094.0, 5306.0, 5326.0, 5469.0, 5496.0, 5516.0, 5604.0, 6294.0, 6612.0, 6774.0, 7073.0, 7328.0, 8073.0, 8882.0, 9100.0, 9282.0, 9320.0, 9878.0, 9887.0, 9939.0, 10097.0, 10209.0, 10250.0, 10291.0, 10425.0, 10658.0, 10659.0, 10725.0, 10949.0, 11165.0, 22887.0, 23019.0, 23468.0, 25942.0, 26986.0, 26994.0, 27351.0, 51729.0, 54890.0, 55122.0, 55209.0, 55810.0, 57496.0, 57609.0, 58497.0, 59343.0, 79068.0, 79745.0, 80232.0, 84259.0, 134111.0, 152006.0, 220988.0, 221092.0, 253430.0, 340554.0, 378938.0 
GO:0005737 CC 1.74e-06  49/143  4681/29107 D02 cytoplasm                                164.0, 378.0, 1600.0, 2495.0, 2782.0, 2932.0, 4644.0, 5062.0, 5094.0, 5306.0, 5496.0, 5879.0, 6612.0, 6774.0, 7073.0, 7763.0, 8073.0, 8455.0, 8882.0, 9100.0, 9221.0, 9698.0, 9829.0, 9887.0, 9939.0, 10097.0, 10209.0, 10425.0, 10658.0, 10659.0, 11165.0, 23760.0, 25830.0, 26986.0, 51271.0, 54915.0, 57609.0, 58497.0, 79068.0, 79720.0, 79745.0, 80232.0, 84251.0, 84259.0, 85464.0, 166336.0, 220988.0, 222658.0, 253430.0 
GO:0005829 CC 1.82e-06  62/143  5295/29107 D02 cytosol                                  164.0, 378.0, 526.0, 673.0, 1600.0, 2495.0, 2782.0, 2909.0, 2932.0, 2957.0, 3093.0, 3184.0, 4131.0, 4644.0, 5048.0, 5062.0, 5094.0, 5306.0, 5516.0, 5534.0, 5537.0, 5604.0, 5879.0, 6272.0, 6774.0, 7328.0, 7532.0, 7879.0, 8073.0, 9100.0, 9320.0, 9371.0, 9698.0, 9829.0, 9887.0, 9939.0, 10097.0, 10250.0, 10725.0, 10802.0, 11165.0, 23019.0, 23608.0, 25830.0, 26005.0, 26986.0, 27351.0, 51271.0, 51729.0, 54890.0, 54926.0, 55466.0, 55845.0, 58497.0, 59343.0, 79068.0, 80232.0, 81609.0, 81631.0, 81929.0, 84251.0, 84961.0 
GO:0016020 CC 1.29e-05  26/143  2120/29107 D02 membrane                                 164.0, 378.0, 476.0, 488.0, 1600.0, 2782.0, 4644.0, 5094.0, 5469.0, 5496.0, 5786.0, 5879.0, 7532.0, 8760.0, 9282.0, 9371.0, 10097.0, 10658.0, 10989.0, 11231.0, 23019.0, 23621.0, 26986.0, 55466.0, 57609.0, 221092.0 
GO:0014069 CC 3.19e-05   8/143   247/29107 D04 postsynaptic density                     476.0, 1600.0, 4131.0, 5062.0, 6774.0, 9829.0, 10097.0, 220988.0 
GO:0010494 CC 3.72e-05   5/143    76/29107 D07 cytoplasmic stress granule               7073.0, 9698.0, 10658.0, 26986.0, 54915.0 
GO:0005769 CC 5.66e-05   8/143   268/29107 D08 early endosome                           4644.0, 5604.0, 6272.0, 8073.0, 9100.0, 23621.0, 26994.0, 81609.0 
GO:0071013 CC 6.38e-05   5/143    85/29107 D04 catalytic step 2 spliceosome             9939.0, 10250.0, 10291.0, 26986.0, 220988.0 
GO:0042470 CC 1.38e-04   5/143   100/29107 D08 melanosome                               476.0, 526.0, 4644.0, 5879.0, 10972.0 
GO:0030424 CC 1.84e-04   8/143   318/29107 D05 axon                                     476.0, 2932.0, 4131.0, 8882.0, 23095.0, 23621.0, 57609.0, 130074.0 
GO:0016607 CC 2.06e-04   9/143   411/29107 D03 nuclear speck                            6651.0, 9320.0, 9939.0, 10250.0, 10291.0, 10933.0, 54890.0, 57459.0, 79068.0 
GO:0000151 CC 2.07e-04   5/143   109/29107 D04 ubiquitin ligase complex                 5469.0, 10425.0, 26994.0, 80232.0, 84259.0 
GO:0005925 CC 2.34e-04   9/143   418/29107 D05 focal adhesion                           5094.0, 5604.0, 5786.0, 5879.0, 7532.0, 10097.0, 26986.0, 58497.0, 129804.0 
GO:0030425 CC 2.51e-04   9/143   422/29107 D05 dendrite                                 2782.0, 2932.0, 4131.0, 6272.0, 9371.0, 9939.0, 23095.0, 23621.0, 57609.0 
GO:0003729 MF 9.16e-07   9/143   207/29107 D05 mRNA binding                             5094.0, 9698.0, 9939.0, 10658.0, 10659.0, 10949.0, 54915.0, 220988.0, 340554.0 
GO:0003723 MF 1.20e-06  30/143  1388/29107 D04 RNA binding                              1106.0, 3184.0, 3189.0, 4644.0, 5094.0, 6294.0, 6651.0, 7073.0, 7532.0, 9100.0, 9221.0, 9698.0, 9939.0, 10209.0, 10250.0, 10291.0, 10658.0, 10659.0, 10949.0, 10989.0, 11231.0, 23019.0, 23608.0, 25942.0, 26986.0, 51729.0, 54890.0, 54915.0, 220988.0, 221092.0 
GO:0005515 MF 1.51e-06 120/143 12418/29107 D02 protein binding                          164.0, 378.0, 476.0, 488.0, 513.0, 526.0, 673.0, 1106.0, 1600.0, 2495.0, 2782.0, 2932.0, 2957.0, 3093.0, 3184.0, 3189.0, 4131.0, 4644.0, 5048.0, 5062.0, 5094.0, 5306.0, 5326.0, 5469.0, 5496.0, 5516.0, 5534.0, 5537.0, 5604.0, 5786.0, 5879.0, 6272.0, 6294.0, 6601.0, 6612.0, 6651.0, 6774.0, 7328.0, 7388.0, 7532.0, 7763.0, 7879.0, 8073.0, 8760.0, 8882.0, 9100.0, 9221.0, 9282.0, 9320.0, 9329.0, 9371.0, 9698.0, 9878.0, 9887.0, 9939.0, 10097.0, 10209.0, 10250.0, 10291.0, 10425.0, 10658.0, 10725.0, 10802.0, 10933.0, 10972.0, 10989.0, 11017.0, 11165.0, 11231.0, 11334.0, 22887.0, 23019.0, 23095.0, 23201.0, 23468.0, 23608.0, 23621.0, 23760.0, 25830.0, 25942.0, 26005.0, 26986.0, 26994.0, 27125.0, 27351.0, 29035.0, 51271.0, 51729.0, 54902.0, 54915.0, 54926.0, 55041.0, 55122.0, 55334.0, 55466.0, 55810.0, 55845.0, 55964.0, 55966.0, 56681.0, 57459.0, 57496.0, 58497.0, 59343.0, 79720.0, 79745.0, 80232.0, 81609.0, 81631.0, 81929.0, 84251.0, 84259.0, 84961.0, 93621.0, 134111.0, 152006.0, 160760.0, 164832.0, 220988.0, 253430.0 
GO:1990931 MF 2.40e-05   2/143     2/29107 D05 RNA N6-methyladenosine dioxygenase activity 54890.0, 79068.0 
GO:0061631 MF 2.91e-05   4/143    36/29107 D05 ubiquitin conjugating enzyme activity    3093.0, 7328.0, 54926.0, 134111.0 
GO:0106307 MF 3.06e-05   5/143    73/29107 D08 protein threonine phosphatase activity   5496.0, 5516.0, 5537.0, 85464.0, 160760.0 
GO:0106306 MF 3.06e-05   5/143    73/29107 D08 protein serine phosphatase activity      5496.0, 5516.0, 5537.0, 85464.0, 160760.0 
GO:0005524 MF 3.14e-05  20/143  1458/29107 D08 ATP binding                              476.0, 488.0, 513.0, 526.0, 673.0, 1106.0, 2932.0, 3093.0, 4644.0, 5062.0, 5604.0, 7328.0, 9221.0, 9371.0, 10097.0, 23095.0, 54926.0, 55466.0, 134111.0, 253430.0 
GO:0044877 MF 7.80e-05   9/143   361/29107 D02 protein-containing complex binding       2782.0, 4131.0, 5469.0, 5879.0, 10972.0, 23468.0, 25942.0, 55845.0, 55966.0 
GO:0004722 MF 1.08e-04   4/143    50/29107 D07 protein serine/threonine phosphatase activity 5496.0, 5516.0, 5537.0, 160760.0 
