GO:0070059 BP 8.59e-06   5/249    33/29107 D07 intrinsic apoptotic signaling pathway in response to endoplasmic reticulum stress 1649.0, 7009.0, 54870.0, 58515.0, 79094.0 
GO:0045893 BP 1.09e-05  18/249   637/29107 D10 positive regulation of transcription, DNA-templated 1649.0, 3148.0, 3182.0, 3608.0, 4435.0, 5292.0, 6772.0, 6882.0, 7158.0, 9125.0, 9442.0, 10370.0, 10891.0, 22809.0, 26098.0, 54870.0, 84105.0, 84159.0 
GO:0032469 BP 1.14e-05   4/249    17/29107 D10 endoplasmic reticulum calcium ion homeostasis 817.0, 7009.0, 9709.0, 58515.0 
GO:0016020 CC 8.88e-07  42/249  2120/29107 D02 membrane                                 51.0, 103.0, 540.0, 573.0, 817.0, 1650.0, 1740.0, 2010.0, 2590.0, 3073.0, 3360.0, 3376.0, 3608.0, 4074.0, 4173.0, 4345.0, 4599.0, 4684.0, 5223.0, 5291.0, 5690.0, 6520.0, 6566.0, 6574.0, 6622.0, 7009.0, 9125.0, 9296.0, 9709.0, 9791.0, 9929.0, 10162.0, 10857.0, 10971.0, 22856.0, 23594.0, 26999.0, 51304.0, 51602.0, 57515.0, 79869.0, 375056.0 
GO:0005634 CC 2.22e-06  84/249  5368/29107 D05 nucleus                                  103.0, 573.0, 817.0, 1026.0, 1642.0, 1649.0, 1847.0, 1978.0, 2119.0, 2120.0, 2534.0, 3005.0, 3070.0, 3148.0, 3149.0, 3182.0, 3475.0, 3608.0, 4173.0, 4175.0, 4435.0, 4599.0, 4799.0, 5187.0, 5291.0, 5292.0, 5423.0, 5432.0, 5690.0, 5710.0, 6602.0, 6622.0, 6772.0, 6832.0, 7009.0, 7158.0, 7167.0, 7762.0, 7799.0, 7832.0, 8313.0, 8338.0, 8394.0, 8470.0, 8812.0, 9125.0, 9208.0, 9442.0, 9587.0, 9925.0, 10038.0, 10202.0, 10370.0, 10891.0, 11051.0, 22809.0, 22823.0, 22884.0, 22955.0, 23175.0, 23764.0, 26098.0, 26123.0, 26999.0, 51076.0, 51605.0, 54870.0, 55234.0, 55323.0, 55422.0, 55893.0, 56160.0, 57478.0, 58528.0, 64061.0, 79753.0, 79869.0, 79973.0, 84105.0, 84159.0, 84268.0, 85453.0, 166793.0, 284312.0 
GO:0005654 CC 2.63e-06  76/249  3805/29107 D02 nucleoplasm                              103.0, 817.0, 1026.0, 1525.0, 1642.0, 1847.0, 2010.0, 2067.0, 2119.0, 3005.0, 3148.0, 3182.0, 3376.0, 3608.0, 4084.0, 4173.0, 4175.0, 4435.0, 4552.0, 4799.0, 5187.0, 5291.0, 5292.0, 5423.0, 5432.0, 5690.0, 5710.0, 6520.0, 6602.0, 6772.0, 6882.0, 6917.0, 7158.0, 7799.0, 8394.0, 8812.0, 9435.0, 9442.0, 9587.0, 10038.0, 10202.0, 10370.0, 10618.0, 10891.0, 10980.0, 11051.0, 22809.0, 22823.0, 22936.0, 22955.0, 23008.0, 23175.0, 23177.0, 23594.0, 23764.0, 51076.0, 51602.0, 51605.0, 54870.0, 54876.0, 55114.0, 55239.0, 55274.0, 55893.0, 56160.0, 58528.0, 60468.0, 64061.0, 64769.0, 79753.0, 79869.0, 83892.0, 84159.0, 84268.0, 166793.0, 201931.0 
GO:0005829 CC 3.01e-06  80/249  5295/29107 D02 cytosol                                  51.0, 573.0, 817.0, 1026.0, 1326.0, 1491.0, 1649.0, 1740.0, 1978.0, 2010.0, 2120.0, 2534.0, 2617.0, 2710.0, 3073.0, 3376.0, 3718.0, 4084.0, 4435.0, 4552.0, 4599.0, 4684.0, 4799.0, 5106.0, 5187.0, 5223.0, 5271.0, 5291.0, 5292.0, 5432.0, 5631.0, 5690.0, 5710.0, 6584.0, 6622.0, 6772.0, 7167.0, 7277.0, 7832.0, 8030.0, 8313.0, 8394.0, 8622.0, 8780.0, 9125.0, 9208.0, 9296.0, 9435.0, 9442.0, 9929.0, 9948.0, 10163.0, 10971.0, 10980.0, 22809.0, 23014.0, 23175.0, 23177.0, 23710.0, 26999.0, 27230.0, 27342.0, 51076.0, 51602.0, 54187.0, 55114.0, 55239.0, 55773.0, 55893.0, 58528.0, 60468.0, 79094.0, 79753.0, 83892.0, 90362.0, 91694.0, 135228.0, 166793.0, 388552.0, 643246.0 
GO:0005737 CC 3.35e-06  71/249  4681/29107 D02 cytoplasm                                103.0, 573.0, 817.0, 1491.0, 1525.0, 1642.0, 1649.0, 1847.0, 1978.0, 2010.0, 2067.0, 2617.0, 3148.0, 3149.0, 3182.0, 3360.0, 3376.0, 4435.0, 4599.0, 4705.0, 5187.0, 5223.0, 5271.0, 5291.0, 5292.0, 5423.0, 5631.0, 6584.0, 6622.0, 6695.0, 6772.0, 7009.0, 7158.0, 7277.0, 7832.0, 8313.0, 9208.0, 9587.0, 10202.0, 10971.0, 11051.0, 11183.0, 11238.0, 22823.0, 22884.0, 22891.0, 23008.0, 23175.0, 26999.0, 51076.0, 54187.0, 54870.0, 55148.0, 55234.0, 55239.0, 55323.0, 55893.0, 56062.0, 56160.0, 57179.0, 58528.0, 64061.0, 64744.0, 79094.0, 79869.0, 80830.0, 84268.0, 90826.0, 166793.0, 201191.0, 221477.0 
GO:0005759 CC 2.78e-05  13/249   381/29107 D05 mitochondrial matrix                     622.0, 2108.0, 2617.0, 2806.0, 4705.0, 5106.0, 5163.0, 6622.0, 6648.0, 6832.0, 10202.0, 10797.0, 11238.0 
GO:0005802 CC 1.82e-04   8/249   182/29107 D04 trans-Golgi network                      540.0, 4074.0, 9435.0, 10618.0, 23208.0, 55773.0, 57535.0, 79094.0 
GO:0005515 MF 3.10e-06 183/249 12418/29107 D02 protein binding                          103.0, 540.0, 573.0, 717.0, 817.0, 961.0, 1026.0, 1326.0, 1491.0, 1525.0, 1642.0, 1649.0, 1650.0, 1740.0, 1847.0, 1978.0, 2010.0, 2067.0, 2108.0, 2119.0, 2120.0, 2534.0, 2590.0, 2617.0, 2710.0, 3005.0, 3070.0, 3073.0, 3148.0, 3149.0, 3182.0, 3360.0, 3376.0, 3608.0, 3718.0, 3752.0, 3778.0, 4074.0, 4084.0, 4142.0, 4173.0, 4175.0, 4345.0, 4435.0, 4552.0, 4599.0, 4684.0, 4799.0, 5106.0, 5163.0, 5187.0, 5223.0, 5251.0, 5271.0, 5291.0, 5292.0, 5423.0, 5432.0, 5612.0, 5631.0, 5690.0, 5710.0, 5955.0, 6048.0, 6400.0, 6520.0, 6527.0, 6566.0, 6584.0, 6602.0, 6622.0, 6648.0, 6695.0, 6772.0, 6832.0, 6855.0, 6882.0, 6917.0, 7009.0, 7076.0, 7158.0, 7167.0, 7277.0, 7832.0, 8030.0, 8313.0, 8394.0, 8470.0, 8754.0, 8780.0, 8812.0, 9125.0, 9208.0, 9289.0, 9296.0, 9442.0, 9587.0, 9709.0, 9925.0, 9929.0, 10038.0, 10163.0, 10202.0, 10237.0, 10245.0, 10370.0, 10618.0, 10797.0, 10857.0, 10891.0, 10904.0, 10906.0, 10971.0, 10980.0, 11051.0, 11183.0, 11236.0, 22809.0, 22891.0, 22936.0, 22955.0, 23008.0, 23175.0, 23177.0, 23208.0, 23594.0, 23710.0, 23764.0, 26098.0, 26123.0, 26515.0, 26999.0, 27230.0, 27342.0, 30968.0, 51076.0, 51602.0, 51605.0, 54793.0, 54870.0, 54876.0, 55114.0, 55234.0, 55239.0, 55280.0, 55323.0, 55773.0, 56160.0, 56941.0, 57179.0, 57515.0, 58515.0, 58528.0, 60468.0, 64061.0, 64434.0, 64744.0, 64769.0, 79094.0, 79753.0, 79869.0, 80830.0, 81539.0, 83892.0, 84105.0, 84159.0, 84268.0, 84561.0, 84818.0, 85453.0, 90362.0, 90826.0, 91694.0, 92737.0, 115825.0, 166793.0, 171546.0, 201895.0, 221477.0, 222484.0, 284312.0, 375056.0, 388552.0 
GO:0003677 MF 4.98e-06  23/249   921/29107 D04 DNA binding                              103.0, 1642.0, 1649.0, 2067.0, 2119.0, 3148.0, 3608.0, 5432.0, 5612.0, 6648.0, 6832.0, 6917.0, 8338.0, 9208.0, 10038.0, 10891.0, 22823.0, 23014.0, 23594.0, 27342.0, 54870.0, 55893.0, 84159.0 
