GO:0006511 BP 2.98e-06  15/406   252/29107 D08 ubiquitin-dependent protein catabolic process 5709.0, 8078.0, 8314.0, 9817.0, 10273.0, 10868.0, 23326.0, 26133.0, 27338.0, 55527.0, 55658.0, 55666.0, 65018.0, 84447.0, 124997.0 
GO:0016567 BP 3.57e-06  21/406   471/29107 D09 protein ubiquitination                   7415.0, 8078.0, 9040.0, 9817.0, 10155.0, 10273.0, 10489.0, 23295.0, 26133.0, 51257.0, 55527.0, 57617.0, 65018.0, 79791.0, 80344.0, 84447.0, 90864.0, 93611.0, 116138.0, 140459.0, 253980.0 
GO:0000139 CC 9.72e-07  26/406   587/29107 D05 Golgi membrane                           162.0, 375.0, 682.0, 4122.0, 4245.0, 4248.0, 7355.0, 8943.0, 9609.0, 10652.0, 10960.0, 11041.0, 11070.0, 23646.0, 26056.0, 56894.0, 79147.0, 79586.0, 79932.0, 80142.0, 81876.0, 84364.0, 84752.0, 192683.0, 222865.0, 374378.0 
GO:0005765 CC 1.14e-06  26/406   331/29107 D07 lysosomal membrane                       53.0, 162.0, 527.0, 533.0, 1185.0, 1509.0, 2767.0, 2783.0, 2896.0, 5660.0, 5878.0, 8943.0, 9114.0, 23207.0, 23400.0, 23646.0, 51257.0, 54978.0, 55652.0, 57617.0, 80331.0, 81618.0, 84219.0, 90809.0, 124997.0, 252839.0 
GO:0043231 CC 1.22e-06  32/406   846/29107 D04 intracellular membrane-bounded organelle 162.0, 682.0, 738.0, 1185.0, 1212.0, 5447.0, 5536.0, 5660.0, 5886.0, 7415.0, 9146.0, 9784.0, 9922.0, 10067.0, 10400.0, 10898.0, 23295.0, 26056.0, 29100.0, 54939.0, 54978.0, 54998.0, 55262.0, 56949.0, 79065.0, 80331.0, 80764.0, 84219.0, 112939.0, 118813.0, 252839.0, 261734.0 
GO:0005739 CC 1.39e-06  52/406  1305/29107 D05 mitochondrion                            25.0, 516.0, 572.0, 682.0, 1537.0, 1632.0, 1757.0, 3421.0, 3609.0, 3954.0, 4713.0, 4723.0, 4967.0, 5447.0, 5518.0, 7384.0, 7390.0, 8192.0, 8402.0, 8733.0, 9158.0, 9751.0, 9776.0, 10131.0, 10295.0, 10400.0, 10452.0, 10652.0, 22907.0, 23770.0, 26056.0, 51004.0, 51073.0, 51116.0, 54978.0, 54998.0, 55527.0, 55735.0, 56181.0, 56997.0, 60314.0, 63874.0, 65018.0, 65083.0, 79680.0, 80142.0, 80331.0, 84705.0, 124995.0, 124997.0, 125170.0, 125988.0 
GO:0016020 CC 1.79e-06  73/406  2120/29107 D02 membrane                                 53.0, 160.0, 226.0, 682.0, 738.0, 1209.0, 1537.0, 1759.0, 2193.0, 2783.0, 2821.0, 2870.0, 2896.0, 3054.0, 3609.0, 4245.0, 5195.0, 5447.0, 5518.0, 5709.0, 5834.0, 6141.0, 6209.0, 8733.0, 8943.0, 9114.0, 9158.0, 9409.0, 9513.0, 9567.0, 9784.0, 9922.0, 9993.0, 10025.0, 10131.0, 10300.0, 10489.0, 10567.0, 10755.0, 10856.0, 23154.0, 23295.0, 23509.0, 23511.0, 23644.0, 23770.0, 29985.0, 51428.0, 54884.0, 54978.0, 56052.0, 56413.0, 56894.0, 56926.0, 56949.0, 57104.0, 57410.0, 64755.0, 64840.0, 65018.0, 79039.0, 79065.0, 79784.0, 80331.0, 80789.0, 81037.0, 81502.0, 84317.0, 84447.0, 89801.0, 116236.0, 126133.0, 375323.0 
GO:0005783 CC 2.07e-06  36/406  1040/29107 D05 endoplasmic reticulum                    322.0, 2137.0, 2896.0, 2907.0, 3064.0, 6141.0, 7355.0, 7415.0, 8733.0, 9409.0, 9817.0, 10273.0, 10400.0, 10652.0, 11079.0, 23017.0, 23295.0, 23509.0, 23640.0, 23770.0, 51257.0, 55666.0, 56005.0, 56052.0, 56894.0, 64222.0, 64840.0, 65018.0, 79090.0, 81502.0, 84317.0, 84447.0, 118813.0, 127281.0, 200810.0, 339123.0 
GO:0005794 CC 2.23e-06  37/406   988/29107 D05 Golgi apparatus                          162.0, 381.0, 738.0, 1759.0, 2137.0, 2896.0, 2907.0, 3064.0, 4245.0, 7355.0, 8943.0, 9609.0, 9784.0, 10567.0, 10652.0, 10960.0, 11041.0, 11070.0, 11079.0, 23017.0, 26056.0, 27111.0, 51004.0, 55898.0, 56005.0, 57410.0, 79039.0, 79084.0, 79147.0, 79932.0, 80331.0, 81618.0, 81876.0, 84364.0, 222865.0, 280636.0, 374378.0 
GO:0005654 CC 2.54e-06 101/406  3805/29107 D02 nucleoplasm                              25.0, 322.0, 439.0, 1019.0, 1759.0, 2071.0, 2821.0, 2976.0, 3054.0, 3064.0, 3297.0, 3609.0, 4097.0, 4692.0, 4795.0, 5434.0, 5499.0, 5536.0, 5585.0, 5709.0, 5886.0, 5892.0, 6209.0, 6638.0, 6919.0, 7030.0, 7355.0, 7415.0, 7988.0, 8314.0, 8498.0, 8861.0, 9040.0, 9739.0, 9807.0, 9817.0, 10025.0, 10131.0, 10155.0, 10273.0, 10318.0, 10401.0, 10524.0, 10856.0, 10898.0, 10921.0, 22827.0, 22861.0, 23030.0, 23214.0, 23309.0, 23326.0, 23644.0, 25776.0, 25920.0, 27111.0, 27338.0, 28989.0, 51222.0, 54663.0, 54978.0, 54998.0, 55201.0, 55290.0, 55611.0, 55658.0, 55666.0, 55735.0, 56413.0, 56949.0, 57104.0, 57407.0, 57418.0, 57455.0, 57659.0, 57805.0, 60314.0, 63935.0, 64852.0, 65083.0, 79039.0, 79084.0, 79147.0, 80344.0, 80764.0, 80789.0, 81857.0, 83743.0, 84256.0, 84447.0, 84687.0, 90809.0, 112939.0, 116138.0, 118813.0, 124995.0, 125988.0, 253980.0, 261734.0, 345630.0, 727800.0 
GO:0005634 CC 3.05e-06 118/406  5368/29107 D05 nucleus                                  25.0, 166.0, 191.0, 226.0, 322.0, 1019.0, 1537.0, 2071.0, 3054.0, 3064.0, 3297.0, 3609.0, 4097.0, 4692.0, 4795.0, 4967.0, 5195.0, 5434.0, 5499.0, 5518.0, 5536.0, 5585.0, 5709.0, 5886.0, 5892.0, 6141.0, 6209.0, 7016.0, 7030.0, 7280.0, 7415.0, 7553.0, 8078.0, 8314.0, 8402.0, 8427.0, 8498.0, 8861.0, 9040.0, 9158.0, 9351.0, 9479.0, 9513.0, 9640.0, 9739.0, 9807.0, 10025.0, 10093.0, 10155.0, 10273.0, 10300.0, 10382.0, 10489.0, 10524.0, 10856.0, 10921.0, 11070.0, 11156.0, 22861.0, 22870.0, 23030.0, 23214.0, 23295.0, 23309.0, 23558.0, 23644.0, 25776.0, 25803.0, 25915.0, 27132.0, 27338.0, 28989.0, 29924.0, 51222.0, 51428.0, 54663.0, 54859.0, 54939.0, 54998.0, 55011.0, 55201.0, 55290.0, 55311.0, 55611.0, 55658.0, 55663.0, 55666.0, 56949.0, 56970.0, 57410.0, 57455.0, 57567.0, 57659.0, 57805.0, 58492.0, 58506.0, 58526.0, 60314.0, 63935.0, 64763.0, 65018.0, 65982.0, 79039.0, 79084.0, 79797.0, 79842.0, 80142.0, 80764.0, 80789.0, 83743.0, 84330.0, 89887.0, 90378.0, 92002.0, 112939.0, 116412.0, 125950.0, 339123.0 
GO:0043025 CC 3.07e-06  18/406   355/29107 D03 neuronal cell body                       25.0, 322.0, 547.0, 3054.0, 6861.0, 9513.0, 9751.0, 10300.0, 10382.0, 10652.0, 23154.0, 23400.0, 23542.0, 55201.0, 79791.0, 80975.0, 84687.0, 374291.0 
GO:0005829 CC 3.68e-06 137/406  5295/29107 D02 cytosol                                  14.0, 25.0, 160.0, 162.0, 191.0, 226.0, 375.0, 547.0, 572.0, 738.0, 1019.0, 1155.0, 1212.0, 1857.0, 2193.0, 2783.0, 2821.0, 2987.0, 3064.0, 3297.0, 4524.0, 4692.0, 4723.0, 4795.0, 5119.0, 5195.0, 5434.0, 5447.0, 5499.0, 5518.0, 5536.0, 5575.0, 5585.0, 5709.0, 5886.0, 6141.0, 6209.0, 7016.0, 7030.0, 7390.0, 7415.0, 8078.0, 8314.0, 8733.0, 9040.0, 9146.0, 9409.0, 9479.0, 9513.0, 9567.0, 9776.0, 9784.0, 9807.0, 9817.0, 10005.0, 10093.0, 10121.0, 10273.0, 10300.0, 10318.0, 10382.0, 10400.0, 10452.0, 10489.0, 10652.0, 10755.0, 10856.0, 10868.0, 10869.0, 10921.0, 11135.0, 11313.0, 22861.0, 22870.0, 22907.0, 23154.0, 23214.0, 23295.0, 23511.0, 23644.0, 23770.0, 25776.0, 26063.0, 27111.0, 27338.0, 28989.0, 29924.0, 51257.0, 51428.0, 51517.0, 54859.0, 54939.0, 54978.0, 55072.0, 55201.0, 55527.0, 55611.0, 55643.0, 55658.0, 55666.0, 55700.0, 55898.0, 57104.0, 57407.0, 57410.0, 57655.0, 57659.0, 58526.0, 64852.0, 65018.0, 79084.0, 79090.0, 79147.0, 79586.0, 79784.0, 79791.0, 80028.0, 80142.0, 80148.0, 80331.0, 80789.0, 81876.0, 83743.0, 84219.0, 84256.0, 84364.0, 90864.0, 93611.0, 116138.0, 118813.0, 124997.0, 127281.0, 140459.0, 150726.0, 253980.0, 261734.0, 727800.0 
GO:0005743 CC 4.87e-06  19/406   404/29107 D05 mitochondrial inner membrane             516.0, 1537.0, 3954.0, 4713.0, 4723.0, 7384.0, 8402.0, 10131.0, 10452.0, 25915.0, 51073.0, 51116.0, 54998.0, 65018.0, 79751.0, 81554.0, 84277.0, 124995.0, 125988.0 
GO:0016021 CC 1.58e-05  80/406  3536/29107 D03 integral component of membrane           53.0, 516.0, 527.0, 533.0, 537.0, 738.0, 1141.0, 1185.0, 1952.0, 2137.0, 2907.0, 3954.0, 4122.0, 4245.0, 4248.0, 5195.0, 5447.0, 6567.0, 8303.0, 9399.0, 9751.0, 9766.0, 9993.0, 10067.0, 10400.0, 10452.0, 10567.0, 10869.0, 11070.0, 23017.0, 23065.0, 23400.0, 23646.0, 26470.0, 29100.0, 29985.0, 51222.0, 51257.0, 54328.0, 54978.0, 55362.0, 55652.0, 56052.0, 56894.0, 56926.0, 56997.0, 57104.0, 57655.0, 64755.0, 79065.0, 79137.0, 79147.0, 79586.0, 79751.0, 79932.0, 80142.0, 80148.0, 80789.0, 80975.0, 81037.0, 81618.0, 84065.0, 84277.0, 84752.0, 89801.0, 90809.0, 90956.0, 124935.0, 125170.0, 162427.0, 164091.0, 192683.0, 252839.0, 284361.0, 285093.0, 285973.0, 374378.0, 375323.0, 399909.0, 643988.0 
GO:0000407 CC 2.17e-05   5/406    25/29107 D02 phagophore assembly site                 9776.0, 23130.0, 79065.0, 80262.0, 285973.0 
GO:0005789 CC 3.39e-05  31/406   973/29107 D04 endoplasmic reticulum membrane           537.0, 682.0, 2137.0, 5447.0, 7415.0, 8733.0, 9409.0, 9479.0, 9776.0, 10400.0, 10869.0, 10960.0, 22845.0, 23065.0, 23130.0, 23646.0, 26470.0, 29100.0, 51257.0, 54884.0, 56052.0, 56894.0, 56926.0, 57104.0, 57190.0, 63874.0, 64840.0, 79065.0, 81502.0, 81876.0, 84447.0 
GO:0033179 CC 5.22e-05   3/406     6/29107 D04 proton-transporting V-type ATPase, V0 domain 527.0, 533.0, 9114.0 
GO:0005776 CC 5.49e-05   7/406    70/29107 D06 autophagosome                            3064.0, 4943.0, 23400.0, 57617.0, 57655.0, 79065.0, 285973.0 
GO:0010008 CC 9.12e-05  12/406   227/29107 D06 endosome membrane                        527.0, 533.0, 537.0, 1185.0, 1509.0, 8943.0, 9114.0, 9784.0, 23154.0, 23207.0, 51257.0, 55652.0 
GO:0012505 CC 9.12e-05   9/406   130/29107 D02 endomembrane system                      1209.0, 5119.0, 5878.0, 9158.0, 9351.0, 11135.0, 56894.0, 81037.0, 81876.0 
GO:0048471 CC 1.15e-04  24/406   713/29107 D02 perinuclear region of cytoplasm          25.0, 322.0, 375.0, 381.0, 547.0, 1019.0, 2783.0, 3064.0, 3297.0, 4245.0, 6861.0, 7016.0, 7415.0, 9479.0, 10524.0, 10868.0, 55201.0, 55898.0, 57407.0, 65018.0, 80142.0, 81618.0, 81876.0, 85300.0 
GO:0032991 CC 1.19e-04  22/406   643/29107 D01 protein-containing complex               25.0, 322.0, 375.0, 3054.0, 3064.0, 4692.0, 5195.0, 5536.0, 5585.0, 5886.0, 7415.0, 8861.0, 9784.0, 10155.0, 23065.0, 23214.0, 23542.0, 23770.0, 56926.0, 83743.0, 84134.0, 162427.0 
GO:0036513 CC 1.43e-04   3/406     8/29107 D03 Derlin-1 retrotranslocation complex      7415.0, 81502.0, 84447.0 
GO:0031966 CC 1.69e-04   8/406   111/29107 D04 mitochondrial membrane                   343.0, 4967.0, 9479.0, 9751.0, 10400.0, 23770.0, 81554.0, 85300.0 
GO:0005737 CC 2.23e-04  94/406  4681/29107 D02 cytoplasm                                25.0, 322.0, 375.0, 381.0, 439.0, 1155.0, 1757.0, 1759.0, 1952.0, 2193.0, 2767.0, 2783.0, 2870.0, 3054.0, 3064.0, 3297.0, 3609.0, 3927.0, 5499.0, 5518.0, 5575.0, 5585.0, 5834.0, 5886.0, 5892.0, 6638.0, 7016.0, 7030.0, 7123.0, 7280.0, 7415.0, 8303.0, 8314.0, 8498.0, 9479.0, 9513.0, 9684.0, 9751.0, 9807.0, 9817.0, 10121.0, 10273.0, 10300.0, 10382.0, 10401.0, 10489.0, 10652.0, 10755.0, 10817.0, 10856.0, 10868.0, 10921.0, 11135.0, 11156.0, 11313.0, 22907.0, 23214.0, 23277.0, 23295.0, 23309.0, 23542.0, 23558.0, 23644.0, 25920.0, 27111.0, 27132.0, 28989.0, 51016.0, 54784.0, 54919.0, 54939.0, 55011.0, 55658.0, 57104.0, 57410.0, 57805.0, 60314.0, 65018.0, 65094.0, 79084.0, 80789.0, 84447.0, 84687.0, 84705.0, 85300.0, 90378.0, 93611.0, 112939.0, 116138.0, 125950.0, 127281.0, 128434.0, 199953.0, 339123.0 
GO:0070062 CC 2.63e-04  51/406  2169/29107 D06 extracellular exosome                    53.0, 191.0, 226.0, 375.0, 381.0, 439.0, 527.0, 537.0, 682.0, 1509.0, 1759.0, 2767.0, 2783.0, 2821.0, 2896.0, 4245.0, 5119.0, 5184.0, 5499.0, 5518.0, 5660.0, 5709.0, 5834.0, 5878.0, 6609.0, 7123.0, 7280.0, 7415.0, 9114.0, 9146.0, 9351.0, 10067.0, 10093.0, 10121.0, 10382.0, 10755.0, 10856.0, 10960.0, 11041.0, 11313.0, 23295.0, 23646.0, 27111.0, 27132.0, 54978.0, 55611.0, 64222.0, 79784.0, 81618.0, 81876.0, 127281.0 
GO:0005768 CC 2.86e-04  13/406   295/29107 D07 endosome                                 682.0, 2896.0, 5585.0, 5878.0, 6609.0, 9146.0, 9784.0, 10652.0, 29924.0, 57617.0, 79065.0, 80148.0, 84317.0 
GO:0030137 CC 3.01e-04   3/406    10/29107 D08 COPI-coated vesicle                      375.0, 10121.0, 84317.0 
GO:0072546 CC 3.01e-04   3/406    10/29107 D03 EMC complex                              23065.0, 51016.0, 284361.0 
GO:0015630 CC 4.74e-04   9/406   162/29107 D06 microtubule cytoskeleton                 14.0, 1155.0, 5518.0, 10121.0, 10300.0, 55700.0, 58526.0, 63935.0, 252839.0 
GO:0005764 CC 5.47e-04  12/406   276/29107 D07 lysosome                                 53.0, 1509.0, 2896.0, 5660.0, 6609.0, 8078.0, 9146.0, 23400.0, 57617.0, 81618.0, 84317.0, 252839.0 
GO:0033181 CC 5.77e-04   2/406     3/29107 D05 plasma membrane proton-transporting V-type ATPase complex 537.0, 9114.0 
GO:0005770 CC 7.34e-04   8/406   138/29107 D08 late endosome                            375.0, 2896.0, 3064.0, 5660.0, 23400.0, 57617.0, 79065.0, 252839.0 
GO:0008022 MF 2.82e-06  13/406   189/29107 D03 protein C-terminus binding               25.0, 160.0, 1759.0, 2071.0, 7016.0, 9351.0, 9409.0, 9784.0, 10401.0, 10567.0, 27111.0, 58526.0, 84687.0 
GO:0005515 MF 3.95e-06 316/406 12418/29107 D02 protein binding                          14.0, 25.0, 53.0, 160.0, 162.0, 166.0, 191.0, 226.0, 322.0, 343.0, 375.0, 381.0, 439.0, 516.0, 527.0, 533.0, 537.0, 547.0, 572.0, 682.0, 738.0, 1019.0, 1141.0, 1155.0, 1209.0, 1212.0, 1307.0, 1509.0, 1537.0, 1759.0, 1857.0, 2071.0, 2137.0, 2193.0, 2767.0, 2783.0, 2821.0, 2870.0, 2896.0, 2907.0, 2976.0, 2987.0, 3054.0, 3064.0, 3297.0, 3421.0, 3609.0, 3712.0, 3927.0, 3954.0, 4061.0, 4097.0, 4245.0, 4248.0, 4681.0, 4692.0, 4713.0, 4723.0, 4795.0, 4943.0, 4967.0, 5119.0, 5184.0, 5195.0, 5434.0, 5447.0, 5499.0, 5518.0, 5536.0, 5575.0, 5585.0, 5660.0, 5662.0, 5709.0, 5834.0, 5878.0, 5886.0, 5892.0, 6141.0, 6209.0, 6609.0, 6638.0, 6919.0, 7016.0, 7030.0, 7087.0, 7280.0, 7384.0, 7415.0, 7988.0, 8078.0, 8192.0, 8314.0, 8402.0, 8498.0, 8733.0, 8861.0, 8943.0, 9040.0, 9114.0, 9146.0, 9351.0, 9399.0, 9409.0, 9479.0, 9513.0, 9567.0, 9609.0, 9640.0, 9684.0, 9739.0, 9751.0, 9766.0, 9776.0, 9784.0, 9807.0, 9817.0, 9922.0, 10005.0, 10025.0, 10093.0, 10121.0, 10131.0, 10155.0, 10273.0, 10295.0, 10300.0, 10318.0, 10322.0, 10382.0, 10401.0, 10452.0, 10489.0, 10524.0, 10534.0, 10567.0, 10755.0, 10817.0, 10856.0, 10868.0, 10869.0, 10898.0, 10921.0, 10960.0, 11041.0, 11070.0, 11079.0, 11135.0, 11156.0, 11313.0, 22827.0, 22845.0, 22861.0, 22870.0, 22907.0, 23017.0, 23130.0, 23154.0, 23207.0, 23214.0, 23295.0, 23309.0, 23326.0, 23400.0, 23542.0, 23558.0, 23640.0, 23644.0, 23646.0, 23770.0, 25771.0, 25776.0, 25803.0, 25915.0, 25920.0, 26056.0, 26063.0, 26133.0, 27111.0, 27132.0, 27338.0, 28989.0, 29100.0, 29924.0, 50512.0, 51004.0, 51016.0, 51073.0, 51222.0, 51257.0, 51428.0, 51517.0, 54663.0, 54784.0, 54939.0, 54978.0, 54998.0, 55011.0, 55072.0, 55201.0, 55262.0, 55295.0, 55527.0, 55611.0, 55643.0, 55652.0, 55658.0, 55663.0, 55666.0, 55735.0, 55898.0, 56005.0, 56181.0, 56894.0, 56926.0, 56949.0, 56970.0, 56997.0, 57190.0, 57407.0, 57418.0, 57470.0, 57567.0, 57617.0, 57655.0, 57659.0, 57805.0, 58492.0, 58506.0, 58526.0, 60314.0, 63874.0, 64130.0, 64748.0, 64755.0, 64852.0, 65018.0, 65083.0, 65094.0, 65982.0, 79065.0, 79084.0, 79090.0, 79096.0, 79137.0, 79680.0, 79791.0, 79797.0, 79842.0, 79932.0, 80020.0, 80142.0, 80148.0, 80262.0, 80331.0, 80344.0, 80764.0, 80789.0, 81037.0, 81502.0, 81554.0, 81618.0, 81857.0, 81876.0, 83606.0, 83743.0, 84065.0, 84219.0, 84256.0, 84277.0, 84317.0, 84330.0, 84337.0, 84447.0, 84687.0, 84705.0, 84968.0, 85300.0, 89887.0, 90809.0, 90864.0, 90956.0, 92002.0, 93611.0, 112939.0, 115704.0, 116138.0, 116236.0, 116412.0, 118813.0, 124935.0, 124995.0, 124997.0, 125170.0, 125950.0, 125988.0, 126133.0, 127281.0, 128434.0, 140459.0, 140730.0, 151903.0, 162427.0, 164091.0, 192683.0, 222865.0, 252839.0, 253980.0, 261734.0, 285093.0, 339123.0, 340277.0, 374291.0, 375323.0, 404093.0, 727800.0 
GO:0046872 MF 4.43e-06  60/406  2297/29107 D04 metal ion binding                        439.0, 1537.0, 2137.0, 2767.0, 3927.0, 4122.0, 4723.0, 4884.0, 4967.0, 5499.0, 5536.0, 7016.0, 7384.0, 7553.0, 8303.0, 9146.0, 9640.0, 10322.0, 10524.0, 10869.0, 10960.0, 11041.0, 23030.0, 23295.0, 23770.0, 27132.0, 51222.0, 51428.0, 54784.0, 55072.0, 55290.0, 55311.0, 55658.0, 55663.0, 55666.0, 55778.0, 57567.0, 57617.0, 57659.0, 58492.0, 64763.0, 64852.0, 65094.0, 65982.0, 79033.0, 79586.0, 79797.0, 79842.0, 80764.0, 84256.0, 84330.0, 84337.0, 84364.0, 84447.0, 89887.0, 116412.0, 118813.0, 374291.0, 374378.0, 727800.0 
GO:0031625 MF 2.04e-05  15/406   296/29107 D05 ubiquitin protein ligase binding         322.0, 527.0, 2821.0, 7384.0, 7415.0, 10067.0, 10155.0, 10273.0, 10869.0, 23640.0, 55072.0, 55611.0, 55666.0, 65018.0, 81502.0 
