GO:0048266 BP 2.70e-07  7/1507    11/29107 D02 behavioral response to pain              706.0, 824.0, 5025.0, 6335.0, 7060.0, 7442.0, 644139.0 
GO:0016477 BP 1.25e-06 36/1507   243/29107 D04 cell migration                           390.0, 967.0, 1495.0, 1942.0, 2239.0, 2262.0, 3280.0, 3489.0, 3913.0, 5058.0, 5293.0, 5796.0, 6383.0, 6624.0, 7049.0, 7399.0, 8826.0, 9358.0, 22854.0, 23616.0, 23671.0, 27289.0, 54509.0, 55604.0, 55616.0, 57326.0, 79834.0, 80005.0, 80014.0, 114793.0, 140885.0, 161198.0, 171177.0, 340719.0, 541468.0, 100507588.0 
GO:0035556 BP 2.03e-06 48/1507   402/29107 D05 intracellular signal transduction        111.0, 114.0, 148.0, 640.0, 1607.0, 1608.0, 3059.0, 3084.0, 3488.0, 3656.0, 3702.0, 3716.0, 3925.0, 4215.0, 5058.0, 5563.0, 5595.0, 5597.0, 5663.0, 6464.0, 6610.0, 7049.0, 7286.0, 7857.0, 8491.0, 8550.0, 8787.0, 8835.0, 9231.0, 9261.0, 10019.0, 10207.0, 10392.0, 10497.0, 10603.0, 22821.0, 23371.0, 23678.0, 26027.0, 56924.0, 64283.0, 65125.0, 80851.0, 81617.0, 120892.0, 140458.0, 162989.0, 202374.0 
GO:0007165 BP 2.73e-06 96/1507  1063/29107 D04 signal transduction                      91.0, 93.0, 114.0, 148.0, 308.0, 896.0, 1131.0, 1192.0, 1314.0, 1896.0, 2099.0, 2100.0, 2555.0, 2742.0, 2771.0, 2774.0, 2787.0, 2796.0, 2922.0, 2978.0, 3476.0, 3482.0, 3488.0, 3489.0, 3491.0, 3566.0, 3568.0, 3603.0, 3628.0, 3633.0, 3702.0, 3925.0, 3959.0, 4828.0, 4856.0, 4983.0, 5025.0, 5116.0, 5293.0, 5563.0, 5597.0, 5606.0, 5796.0, 5829.0, 5902.0, 5998.0, 6277.0, 6387.0, 6662.0, 6778.0, 7025.0, 7060.0, 7075.0, 7188.0, 7804.0, 7913.0, 8550.0, 8654.0, 8826.0, 9064.0, 9223.0, 9231.0, 9495.0, 9577.0, 9637.0, 9901.0, 9984.0, 10293.0, 10392.0, 10675.0, 10681.0, 10788.0, 11228.0, 22821.0, 23239.0, 23607.0, 26011.0, 29937.0, 50940.0, 51440.0, 51816.0, 54886.0, 55714.0, 57451.0, 57584.0, 57758.0, 65059.0, 65125.0, 83937.0, 120892.0, 158763.0, 160622.0, 163404.0, 285704.0, 407738.0, 118142757.0 
GO:0007411 BP 5.17e-06 24/1507   166/29107 D04 axon guidance                            1942.0, 1947.0, 2043.0, 2046.0, 2115.0, 2736.0, 3913.0, 4983.0, 5818.0, 6387.0, 7408.0, 7473.0, 8633.0, 9353.0, 9369.0, 9637.0, 10512.0, 27020.0, 57556.0, 57715.0, 137970.0, 152330.0, 284656.0, 374946.0 
GO:0007015 BP 6.63e-06 20/1507   125/29107 D05 actin filament organization              390.0, 1495.0, 1739.0, 4430.0, 4645.0, 7169.0, 7170.0, 7171.0, 9168.0, 10459.0, 11078.0, 23607.0, 23616.0, 27289.0, 54509.0, 55604.0, 55930.0, 64005.0, 133522.0, 283446.0 
GO:0002028 BP 7.44e-06  7/1507    16/29107 D07 regulation of sodium ion transport       4842.0, 5025.0, 5027.0, 7533.0, 65125.0, 79570.0, 286183.0 
GO:0045669 BP 8.30e-06 14/1507    68/29107 D06 positive regulation of osteoblast differentiation 90.0, 93.0, 1192.0, 3082.0, 3491.0, 3611.0, 3727.0, 6664.0, 7480.0, 8626.0, 51374.0, 51430.0, 54361.0, 338557.0 
GO:0098703 BP 1.21e-05  7/1507    17/29107 D14 calcium ion import across plasma membrane 493.0, 6547.0, 7442.0, 25769.0, 27112.0, 51393.0, 123041.0 
GO:0016486 BP 2.39e-05  6/1507    13/29107 D08 peptide hormone processing               5122.0, 5125.0, 5126.0, 6447.0, 9718.0, 25825.0 
GO:0098609 BP 2.91e-05 21/1507   149/29107 D03 cell-cell adhesion                       1008.0, 1310.0, 1495.0, 1739.0, 3987.0, 5314.0, 5663.0, 5818.0, 6464.0, 6662.0, 7070.0, 9231.0, 22862.0, 23607.0, 50848.0, 57451.0, 79633.0, 83604.0, 83660.0, 84033.0, 84623.0 
GO:0045762 BP 3.91e-05  5/1507     9/29107 D06 positive regulation of adenylate cyclase activity 775.0, 776.0, 1816.0, 7077.0, 9495.0 
GO:0007049 BP 5.10e-05 33/1507   296/29107 D02 cell cycle                               1540.0, 1620.0, 2035.0, 2770.0, 2771.0, 5300.0, 5595.0, 5597.0, 5621.0, 5655.0, 6839.0, 8208.0, 8444.0, 8480.0, 11078.0, 11170.0, 11243.0, 23331.0, 23607.0, 29117.0, 29945.0, 55437.0, 55787.0, 57795.0, 64975.0, 81928.0, 83937.0, 84515.0, 85444.0, 117583.0, 157313.0, 201161.0, 388610.0 
GO:0060412 BP 5.42e-05  9/1507    35/29107 D04 ventricular septum morphogenesis         90.0, 187.0, 3280.0, 6664.0, 7049.0, 9353.0, 23462.0, 161882.0, 407975.0 
GO:0032092 BP 6.38e-05 13/1507    71/29107 D05 positive regulation of protein binding   351.0, 640.0, 2035.0, 4242.0, 5300.0, 5663.0, 10266.0, 10769.0, 23129.0, 28996.0, 57669.0, 57761.0, 120892.0 
GO:0050911 BP 2.01e-06  2/1507   401/29107 D05 detection of chemical stimulus involved in sensory perception of smell 123041.0, 442191.0 
GO:0035195 BP 2.51e-06  6/1507   557/29107 D10 gene silencing by miRNA                  57690.0, 407011.0, 407975.0, 693163.0, 693203.0, 106614088.0 
GO:0005912 CC 9.83e-07 26/1507   162/29107 D05 adherens junction                        1001.0, 1008.0, 1495.0, 1656.0, 2043.0, 5796.0, 5818.0, 7414.0, 7422.0, 8773.0, 9223.0, 9231.0, 10580.0, 11155.0, 23150.0, 23580.0, 23616.0, 27289.0, 28316.0, 57669.0, 83604.0, 84966.0, 84978.0, 114800.0, 117583.0, 317762.0 
GO:0030425 CC 1.10e-06 52/1507   422/29107 D05 dendrite                                 114.0, 775.0, 824.0, 1131.0, 1152.0, 1620.0, 2002.0, 2043.0, 2644.0, 2771.0, 2785.0, 2796.0, 2899.0, 3269.0, 3274.0, 3361.0, 4856.0, 4926.0, 4986.0, 5058.0, 5126.0, 5332.0, 5563.0, 5621.0, 5818.0, 6509.0, 6547.0, 7070.0, 7466.0, 7804.0, 8626.0, 8633.0, 9362.0, 10368.0, 10769.0, 10858.0, 23607.0, 25921.0, 27020.0, 27065.0, 28976.0, 51399.0, 51617.0, 54407.0, 54550.0, 57451.0, 57795.0, 66008.0, 79083.0, 84623.0, 94233.0, 120892.0 
GO:0015629 CC 1.50e-06 36/1507   245/29107 D06 actin cytoskeleton                       81.0, 114.0, 395.0, 1495.0, 2316.0, 4430.0, 4645.0, 4983.0, 6624.0, 7169.0, 7170.0, 7408.0, 8826.0, 10456.0, 10788.0, 10801.0, 10886.0, 11078.0, 11170.0, 23075.0, 23499.0, 23580.0, 23607.0, 26037.0, 26166.0, 27145.0, 27147.0, 27289.0, 55930.0, 57584.0, 60312.0, 64005.0, 79834.0, 83660.0, 84448.0, 283446.0 
GO:0005788 CC 1.66e-06 42/1507   306/29107 D05 endoplasmic reticulum lumen              334.0, 336.0, 351.0, 590.0, 710.0, 1282.0, 1284.0, 1293.0, 1310.0, 1435.0, 2519.0, 2923.0, 3309.0, 3488.0, 3491.0, 3913.0, 5033.0, 5034.0, 5155.0, 5595.0, 5954.0, 6383.0, 7466.0, 7473.0, 7857.0, 8974.0, 10491.0, 10956.0, 11096.0, 11098.0, 51246.0, 51280.0, 54361.0, 55033.0, 64175.0, 79188.0, 80310.0, 81567.0, 81619.0, 85301.0, 91522.0, 153642.0 
GO:0005925 CC 1.78e-06 51/1507   418/29107 D05 focal adhesion                           81.0, 308.0, 390.0, 402.0, 824.0, 975.0, 1012.0, 1495.0, 2275.0, 2316.0, 2923.0, 3309.0, 3482.0, 3603.0, 3611.0, 3675.0, 3676.0, 3716.0, 3987.0, 4008.0, 4810.0, 5034.0, 5058.0, 5595.0, 5829.0, 6188.0, 6645.0, 7070.0, 7171.0, 7408.0, 7414.0, 8462.0, 8773.0, 8826.0, 9349.0, 9358.0, 9656.0, 10580.0, 10867.0, 11078.0, 11170.0, 11261.0, 23371.0, 51056.0, 51495.0, 55616.0, 55901.0, 57669.0, 60312.0, 79834.0, 83660.0 
GO:0005783 CC 2.10e-06 97/1507  1040/29107 D05 endoplasmic reticulum                    351.0, 706.0, 824.0, 844.0, 1116.0, 1384.0, 1620.0, 1739.0, 1774.0, 2043.0, 2081.0, 2181.0, 2542.0, 2923.0, 3134.0, 3309.0, 4121.0, 4232.0, 4258.0, 4925.0, 5033.0, 5034.0, 5314.0, 5621.0, 5663.0, 5740.0, 5954.0, 6188.0, 6252.0, 6610.0, 6646.0, 6746.0, 6748.0, 6890.0, 7060.0, 7070.0, 7405.0, 7444.0, 7466.0, 7494.0, 8974.0, 9451.0, 10178.0, 10203.0, 10404.0, 10456.0, 10491.0, 10609.0, 10858.0, 10956.0, 11261.0, 23240.0, 23250.0, 23423.0, 25825.0, 25923.0, 26232.0, 27065.0, 27095.0, 29761.0, 29937.0, 29940.0, 51170.0, 51246.0, 51399.0, 51495.0, 53407.0, 54920.0, 55733.0, 57222.0, 57451.0, 57795.0, 60559.0, 64175.0, 64838.0, 79644.0, 79683.0, 79837.0, 81567.0, 83787.0, 83989.0, 84236.0, 84243.0, 84899.0, 120892.0, 124925.0, 127845.0, 131540.0, 148534.0, 195814.0, 254887.0, 284129.0, 375387.0, 375775.0, 387758.0, 401494.0, 407738.0 
GO:0005911 CC 2.17e-06 26/1507   180/29107 D04 cell-cell junction                       351.0, 360.0, 1495.0, 1739.0, 2316.0, 2885.0, 3611.0, 3702.0, 3987.0, 5058.0, 5796.0, 5829.0, 5908.0, 6624.0, 7414.0, 8825.0, 9223.0, 23284.0, 23607.0, 23705.0, 50848.0, 57216.0, 83604.0, 84033.0, 84623.0, 152404.0 
GO:0005887 CC 3.18e-06 122/1507  1403/29107 D04 integral component of plasma membrane    90.0, 91.0, 93.0, 111.0, 114.0, 148.0, 152.0, 187.0, 351.0, 493.0, 775.0, 921.0, 948.0, 958.0, 967.0, 975.0, 1131.0, 1318.0, 1816.0, 1896.0, 1947.0, 2043.0, 2046.0, 2555.0, 2740.0, 2742.0, 2898.0, 2899.0, 2900.0, 3084.0, 3269.0, 3274.0, 3361.0, 3482.0, 3566.0, 3739.0, 4986.0, 5025.0, 5027.0, 5099.0, 5172.0, 5663.0, 5733.0, 5746.0, 5787.0, 5793.0, 5796.0, 5995.0, 6006.0, 6098.0, 6335.0, 6340.0, 6509.0, 6510.0, 6534.0, 6536.0, 6538.0, 6547.0, 6578.0, 6580.0, 6610.0, 7036.0, 7049.0, 7070.0, 7075.0, 7105.0, 7253.0, 7433.0, 7442.0, 9369.0, 10154.0, 10178.0, 10203.0, 10266.0, 10512.0, 10675.0, 10867.0, 10886.0, 10888.0, 23129.0, 23250.0, 23266.0, 23284.0, 23428.0, 23670.0, 25769.0, 26011.0, 28968.0, 29988.0, 51063.0, 51280.0, 51393.0, 51458.0, 54112.0, 54407.0, 54886.0, 55714.0, 56659.0, 56660.0, 57181.0, 57451.0, 57537.0, 57556.0, 57715.0, 80723.0, 81619.0, 84033.0, 84623.0, 94233.0, 116369.0, 117531.0, 123041.0, 128674.0, 139378.0, 140885.0, 163404.0, 283383.0, 284129.0, 284656.0, 285601.0, 338557.0, 441027.0 
GO:0016020 CC 3.32e-06 172/1507  2120/29107 D02 membrane                                 114.0, 308.0, 334.0, 493.0, 590.0, 865.0, 896.0, 948.0, 955.0, 975.0, 1174.0, 1192.0, 1272.0, 1314.0, 1434.0, 1435.0, 1608.0, 1656.0, 1896.0, 2023.0, 2099.0, 2125.0, 2181.0, 2281.0, 2316.0, 2526.0, 2542.0, 2584.0, 2736.0, 2771.0, 2787.0, 2997.0, 3074.0, 3082.0, 3084.0, 3134.0, 3241.0, 3309.0, 3428.0, 3482.0, 3547.0, 3611.0, 3633.0, 3676.0, 3703.0, 3716.0, 3925.0, 3959.0, 4001.0, 4121.0, 4124.0, 4255.0, 4258.0, 4436.0, 4534.0, 4637.0, 5025.0, 5027.0, 5033.0, 5050.0, 5116.0, 5122.0, 5125.0, 5126.0, 5194.0, 5243.0, 5293.0, 5341.0, 5394.0, 5606.0, 5663.0, 5818.0, 5908.0, 6098.0, 6188.0, 6509.0, 6510.0, 6534.0, 6536.0, 6547.0, 6578.0, 6580.0, 6610.0, 6645.0, 6646.0, 6652.0, 6709.0, 6890.0, 7171.0, 7422.0, 7804.0, 8165.0, 8218.0, 8350.0, 8776.0, 9349.0, 9353.0, 9362.0, 9451.0, 9732.0, 9961.0, 10105.0, 10154.0, 10241.0, 10497.0, 10606.0, 10675.0, 10724.0, 10903.0, 11075.0, 22862.0, 22986.0, 23002.0, 23077.0, 23240.0, 23250.0, 23333.0, 23365.0, 23499.0, 23550.0, 23556.0, 23762.0, 23787.0, 25825.0, 25921.0, 25923.0, 26232.0, 27044.0, 27335.0, 29109.0, 29781.0, 29880.0, 29937.0, 51094.0, 51104.0, 51151.0, 51430.0, 51596.0, 51604.0, 54842.0, 54843.0, 54873.0, 55714.0, 57185.0, 57222.0, 57326.0, 57508.0, 57537.0, 64005.0, 64175.0, 65062.0, 65125.0, 79815.0, 79877.0, 79902.0, 80709.0, 83862.0, 84263.0, 84725.0, 85439.0, 92906.0, 114780.0, 114786.0, 114884.0, 116496.0, 117584.0, 123041.0, 127845.0, 140885.0, 254102.0, 284996.0, 375033.0 
GO:0070062 CC 4.27e-06 202/1507  2169/29107 D06 extracellular exosome                    81.0, 210.0, 217.0, 223.0, 308.0, 317.0, 334.0, 336.0, 351.0, 419.0, 435.0, 644.0, 645.0, 706.0, 710.0, 715.0, 824.0, 958.0, 967.0, 975.0, 1012.0, 1116.0, 1152.0, 1192.0, 1272.0, 1284.0, 1293.0, 1314.0, 1363.0, 1428.0, 1429.0, 1434.0, 1604.0, 1739.0, 1947.0, 2023.0, 2125.0, 2239.0, 2316.0, 2519.0, 2584.0, 2770.0, 2771.0, 2774.0, 2787.0, 2885.0, 2923.0, 2947.0, 2950.0, 3014.0, 3074.0, 3309.0, 3482.0, 3675.0, 3676.0, 3801.0, 3913.0, 3925.0, 3959.0, 4072.0, 4121.0, 4124.0, 4232.0, 4430.0, 4637.0, 4645.0, 4835.0, 4925.0, 4926.0, 5025.0, 5034.0, 5092.0, 5172.0, 5243.0, 5269.0, 5314.0, 5393.0, 5464.0, 5480.0, 5621.0, 5627.0, 5793.0, 5860.0, 5908.0, 5918.0, 5950.0, 6188.0, 6277.0, 6340.0, 6387.0, 6448.0, 6509.0, 6510.0, 6624.0, 6652.0, 6709.0, 6711.0, 6748.0, 7049.0, 7053.0, 7060.0, 7070.0, 7105.0, 7170.0, 7171.0, 7295.0, 7408.0, 7414.0, 7473.0, 7533.0, 7846.0, 8218.0, 8349.0, 8350.0, 8407.0, 8722.0, 8773.0, 8804.0, 8814.0, 8825.0, 8826.0, 9144.0, 9261.0, 9349.0, 9353.0, 9362.0, 9508.0, 9586.0, 9667.0, 9699.0, 9961.0, 10007.0, 10159.0, 10204.0, 10207.0, 10383.0, 10404.0, 10443.0, 10512.0, 10606.0, 10788.0, 10903.0, 10974.0, 11098.0, 11261.0, 23316.0, 23318.0, 23365.0, 23541.0, 23564.0, 23607.0, 23670.0, 23677.0, 26007.0, 26027.0, 27044.0, 29028.0, 50508.0, 50848.0, 51056.0, 51279.0, 51458.0, 51596.0, 51733.0, 54361.0, 54504.0, 54509.0, 55604.0, 55748.0, 55930.0, 56954.0, 57699.0, 64005.0, 64175.0, 78986.0, 79083.0, 79633.0, 79812.0, 79837.0, 81567.0, 81691.0, 84958.0, 85369.0, 113220.0, 116496.0, 119391.0, 120892.0, 120939.0, 128240.0, 134147.0, 140885.0, 144132.0, 146760.0, 160428.0, 203068.0, 222389.0, 245973.0, 258010.0, 259217.0, 284129.0, 375035.0, 100528062.0 
GO:0016021 CC 4.51e-06 268/1507  3536/29107 D03 integral component of membrane           111.0, 334.0, 351.0, 360.0, 460.0, 706.0, 771.0, 775.0, 955.0, 975.0, 1001.0, 1337.0, 1435.0, 1896.0, 2014.0, 2099.0, 2181.0, 2262.0, 2526.0, 2537.0, 2542.0, 2650.0, 2740.0, 3111.0, 3547.0, 3568.0, 3598.0, 3633.0, 3703.0, 3739.0, 3755.0, 3768.0, 4072.0, 4121.0, 4124.0, 4232.0, 4258.0, 4986.0, 5172.0, 5243.0, 5314.0, 5663.0, 5727.0, 5733.0, 5740.0, 5796.0, 5801.0, 5818.0, 5918.0, 6383.0, 6509.0, 6510.0, 6538.0, 6646.0, 6746.0, 6748.0, 6836.0, 6890.0, 6988.0, 7399.0, 7442.0, 7444.0, 7494.0, 7804.0, 7903.0, 8165.0, 8608.0, 8633.0, 8728.0, 8739.0, 8870.0, 9143.0, 9144.0, 9334.0, 9340.0, 9619.0, 9718.0, 9860.0, 10159.0, 10385.0, 10653.0, 10675.0, 10858.0, 11061.0, 11119.0, 11311.0, 22862.0, 22925.0, 22986.0, 22990.0, 23240.0, 23266.0, 23284.0, 23306.0, 23333.0, 23359.0, 23423.0, 23556.0, 23670.0, 23671.0, 23705.0, 23787.0, 24141.0, 25825.0, 25921.0, 25923.0, 25966.0, 26002.0, 26301.0, 27065.0, 27112.0, 28316.0, 28978.0, 29880.0, 29906.0, 29940.0, 50614.0, 50848.0, 51061.0, 51094.0, 51151.0, 51161.0, 51246.0, 51301.0, 51374.0, 51430.0, 51522.0, 51617.0, 53407.0, 54733.0, 54756.0, 54842.0, 54946.0, 55014.0, 55016.0, 55176.0, 55177.0, 55315.0, 55321.0, 55508.0, 55532.0, 55733.0, 55819.0, 55831.0, 55847.0, 55901.0, 56650.0, 57084.0, 57146.0, 57185.0, 57216.0, 57221.0, 57508.0, 57537.0, 57556.0, 57670.0, 57835.0, 60559.0, 63917.0, 64478.0, 64838.0, 65062.0, 79022.0, 79570.0, 79633.0, 79644.0, 79683.0, 79762.0, 79815.0, 79867.0, 79966.0, 80000.0, 80008.0, 80704.0, 80723.0, 81790.0, 81831.0, 83604.0, 83661.0, 83787.0, 83862.0, 83982.0, 84187.0, 84243.0, 84270.0, 84302.0, 84465.0, 84513.0, 84623.0, 84696.0, 84867.0, 84889.0, 84894.0, 84899.0, 84918.0, 84928.0, 84978.0, 89766.0, 90488.0, 90701.0, 91522.0, 91683.0, 92370.0, 92609.0, 93035.0, 93492.0, 94233.0, 113444.0, 114780.0, 114786.0, 116228.0, 118429.0, 118881.0, 120224.0, 120939.0, 121256.0, 123096.0, 124925.0, 127845.0, 131540.0, 137970.0, 139065.0, 139378.0, 147645.0, 148534.0, 148808.0, 149175.0, 149345.0, 152404.0, 154091.0, 157378.0, 161198.0, 195814.0, 196996.0, 199731.0, 202018.0, 221955.0, 254887.0, 255027.0, 256130.0, 260293.0, 283383.0, 283554.0, 283985.0, 284069.0, 284129.0, 284996.0, 285533.0, 286183.0, 286205.0, 342865.0, 347902.0, 374462.0, 374977.0, 375033.0, 375035.0, 375387.0, 375775.0, 387601.0, 388335.0, 388394.0, 440435.0, 442191.0, 644139.0, 768211.0, 100507588.0, 105378803.0, 110806298.0 
GO:0005829 CC 5.83e-06 406/1507  5295/29107 D02 cytosol                                  50.0, 81.0, 91.0, 148.0, 210.0, 223.0, 242.0, 308.0, 317.0, 336.0, 351.0, 395.0, 402.0, 435.0, 475.0, 571.0, 640.0, 644.0, 645.0, 675.0, 706.0, 785.0, 824.0, 894.0, 899.0, 1036.0, 1060.0, 1152.0, 1174.0, 1314.0, 1384.0, 1428.0, 1429.0, 1434.0, 1495.0, 1540.0, 1608.0, 1635.0, 1656.0, 1659.0, 1729.0, 1739.0, 1802.0, 1806.0, 1809.0, 2009.0, 2023.0, 2035.0, 2099.0, 2125.0, 2281.0, 2316.0, 2584.0, 2644.0, 2736.0, 2771.0, 2876.0, 2885.0, 2941.0, 2947.0, 2948.0, 2950.0, 2956.0, 2997.0, 3059.0, 3269.0, 3309.0, 3428.0, 3476.0, 3603.0, 3611.0, 3628.0, 3633.0, 3656.0, 3702.0, 3716.0, 3725.0, 3925.0, 3987.0, 3993.0, 4001.0, 4008.0, 4088.0, 4093.0, 4121.0, 4214.0, 4215.0, 4217.0, 4297.0, 4534.0, 4637.0, 4747.0, 4835.0, 4837.0, 4842.0, 4925.0, 4926.0, 4927.0, 4986.0, 5034.0, 5050.0, 5058.0, 5092.0, 5116.0, 5164.0, 5194.0, 5257.0, 5269.0, 5293.0, 5300.0, 5332.0, 5341.0, 5393.0, 5394.0, 5395.0, 5464.0, 5522.0, 5563.0, 5595.0, 5597.0, 5606.0, 5621.0, 5714.0, 5801.0, 5829.0, 5859.0, 5860.0, 5902.0, 5908.0, 5931.0, 5966.0, 5987.0, 5998.0, 6167.0, 6188.0, 6277.0, 6314.0, 6464.0, 6624.0, 6652.0, 6671.0, 6709.0, 6711.0, 6744.0, 6770.0, 6778.0, 6815.0, 6936.0, 6999.0, 7025.0, 7026.0, 7070.0, 7125.0, 7169.0, 7170.0, 7171.0, 7188.0, 7189.0, 7295.0, 7298.0, 7378.0, 7389.0, 7408.0, 7414.0, 7421.0, 7442.0, 7533.0, 7846.0, 8165.0, 8208.0, 8218.0, 8237.0, 8349.0, 8396.0, 8407.0, 8444.0, 8462.0, 8493.0, 8528.0, 8550.0, 8618.0, 8654.0, 8659.0, 8727.0, 8761.0, 8776.0, 8826.0, 8835.0, 8837.0, 8870.0, 8871.0, 8938.0, 8974.0, 9104.0, 9184.0, 9185.0, 9244.0, 9246.0, 9261.0, 9342.0, 9349.0, 9451.0, 9495.0, 9577.0, 9615.0, 9732.0, 9737.0, 9759.0, 9830.0, 9846.0, 9901.0, 9942.0, 9961.0, 10007.0, 10019.0, 10204.0, 10207.0, 10241.0, 10383.0, 10392.0, 10459.0, 10497.0, 10580.0, 10603.0, 10606.0, 10681.0, 10724.0, 10769.0, 10772.0, 10788.0, 10974.0, 11075.0, 11243.0, 11258.0, 11261.0, 22821.0, 22862.0, 22898.0, 23002.0, 23016.0, 23075.0, 23089.0, 23239.0, 23254.0, 23318.0, 23365.0, 23438.0, 23541.0, 23556.0, 23564.0, 23580.0, 23600.0, 23607.0, 23616.0, 23678.0, 23762.0, 25818.0, 25895.0, 25962.0, 25966.0, 26007.0, 26027.0, 26030.0, 26064.0, 26086.0, 26140.0, 26166.0, 26232.0, 26289.0, 27031.0, 27044.0, 27095.0, 27145.0, 27147.0, 27246.0, 27324.0, 27335.0, 28952.0, 29109.0, 29117.0, 29761.0, 29945.0, 49854.0, 50807.0, 50940.0, 51010.0, 51056.0, 51085.0, 51170.0, 51361.0, 51399.0, 51421.0, 51477.0, 51555.0, 51733.0, 54456.0, 54551.0, 54566.0, 54920.0, 54930.0, 54935.0, 55014.0, 55055.0, 55188.0, 55190.0, 55224.0, 55437.0, 55509.0, 55604.0, 55616.0, 55715.0, 55728.0, 55748.0, 55787.0, 55901.0, 55902.0, 56261.0, 56474.0, 56829.0, 56915.0, 56924.0, 56954.0, 57326.0, 57480.0, 57584.0, 57669.0, 57690.0, 57713.0, 57761.0, 60312.0, 64283.0, 64859.0, 65059.0, 65125.0, 66008.0, 79155.0, 79837.0, 79902.0, 79980.0, 80005.0, 80014.0, 80223.0, 80243.0, 80321.0, 80709.0, 80824.0, 81493.0, 81605.0, 81617.0, 83439.0, 83786.0, 84033.0, 84196.0, 84270.0, 84445.0, 84515.0, 84725.0, 84909.0, 85369.0, 85439.0, 89765.0, 91607.0, 93035.0, 93492.0, 94032.0, 94241.0, 113146.0, 114793.0, 114884.0, 115024.0, 116028.0, 116496.0, 117177.0, 117245.0, 117584.0, 119391.0, 120892.0, 122416.0, 123872.0, 125061.0, 126567.0, 129049.0, 133522.0, 134147.0, 140458.0, 144165.0, 150468.0, 154881.0, 157313.0, 170685.0, 192668.0, 196743.0, 200035.0, 200845.0, 201161.0, 201292.0, 203068.0, 223082.0, 245973.0, 256281.0, 284076.0, 353322.0, 541468.0, 100131187.0, 100528062.0, 100885848.0 
GO:0005886 CC 6.36e-06 364/1507  4487/29107 D03 plasma membrane                          90.0, 91.0, 93.0, 111.0, 114.0, 148.0, 152.0, 187.0, 321.0, 334.0, 351.0, 360.0, 390.0, 419.0, 493.0, 645.0, 771.0, 775.0, 776.0, 779.0, 824.0, 921.0, 948.0, 955.0, 958.0, 967.0, 975.0, 1001.0, 1008.0, 1012.0, 1131.0, 1192.0, 1318.0, 1363.0, 1435.0, 1495.0, 1604.0, 1607.0, 1608.0, 1729.0, 1739.0, 1816.0, 1896.0, 1942.0, 1947.0, 2014.0, 2023.0, 2035.0, 2043.0, 2046.0, 2099.0, 2181.0, 2239.0, 2262.0, 2316.0, 2537.0, 2555.0, 2693.0, 2740.0, 2742.0, 2770.0, 2771.0, 2774.0, 2785.0, 2787.0, 2885.0, 2898.0, 2899.0, 2900.0, 2950.0, 3059.0, 3111.0, 3134.0, 3269.0, 3274.0, 3309.0, 3361.0, 3482.0, 3566.0, 3568.0, 3603.0, 3611.0, 3633.0, 3656.0, 3675.0, 3676.0, 3702.0, 3725.0, 3739.0, 3755.0, 3768.0, 3987.0, 3993.0, 4072.0, 4088.0, 4258.0, 4430.0, 4534.0, 4718.0, 4842.0, 4925.0, 4986.0, 5025.0, 5027.0, 5058.0, 5067.0, 5099.0, 5172.0, 5243.0, 5257.0, 5269.0, 5293.0, 5341.0, 5395.0, 5595.0, 5621.0, 5627.0, 5663.0, 5727.0, 5733.0, 5746.0, 5787.0, 5796.0, 5801.0, 5818.0, 5829.0, 5908.0, 5998.0, 6006.0, 6188.0, 6277.0, 6330.0, 6340.0, 6383.0, 6464.0, 6509.0, 6510.0, 6534.0, 6536.0, 6538.0, 6547.0, 6578.0, 6580.0, 6610.0, 6645.0, 6664.0, 6744.0, 6764.0, 6836.0, 6854.0, 7036.0, 7070.0, 7189.0, 7253.0, 7408.0, 7433.0, 7442.0, 7473.0, 7533.0, 7804.0, 8396.0, 8601.0, 8633.0, 8727.0, 8728.0, 8773.0, 8776.0, 8787.0, 8825.0, 8826.0, 8871.0, 8938.0, 9148.0, 9185.0, 9223.0, 9231.0, 9340.0, 9342.0, 9358.0, 9362.0, 9369.0, 9495.0, 9619.0, 9643.0, 9651.0, 9718.0, 9732.0, 9846.0, 9860.0, 10019.0, 10154.0, 10159.0, 10178.0, 10203.0, 10207.0, 10266.0, 10368.0, 10385.0, 10497.0, 10580.0, 10603.0, 10633.0, 10653.0, 10788.0, 10867.0, 10886.0, 10888.0, 11119.0, 11261.0, 22854.0, 22925.0, 23002.0, 23026.0, 23075.0, 23129.0, 23239.0, 23240.0, 23250.0, 23371.0, 23428.0, 23499.0, 23556.0, 23580.0, 23600.0, 23607.0, 23643.0, 23670.0, 23671.0, 23705.0, 23762.0, 24141.0, 25769.0, 25825.0, 25921.0, 26011.0, 26037.0, 26086.0, 27020.0, 27106.0, 27112.0, 27145.0, 27289.0, 29988.0, 50508.0, 50848.0, 51094.0, 51104.0, 51374.0, 51393.0, 51421.0, 51458.0, 53826.0, 53942.0, 54112.0, 54361.0, 54407.0, 54509.0, 54550.0, 54566.0, 54756.0, 54842.0, 54843.0, 54946.0, 55014.0, 55016.0, 55188.0, 55315.0, 55532.0, 55604.0, 55775.0, 56659.0, 57216.0, 57451.0, 57584.0, 57616.0, 57669.0, 57670.0, 57699.0, 57761.0, 57835.0, 64005.0, 64283.0, 64838.0, 65059.0, 66008.0, 79012.0, 79570.0, 79633.0, 79837.0, 80005.0, 80243.0, 80704.0, 80723.0, 81619.0, 83604.0, 83660.0, 83661.0, 83786.0, 83862.0, 84033.0, 84445.0, 84513.0, 84623.0, 84889.0, 84894.0, 84918.0, 84958.0, 91522.0, 91683.0, 93492.0, 94233.0, 113146.0, 114786.0, 114787.0, 116369.0, 116372.0, 116496.0, 117584.0, 118429.0, 120892.0, 123041.0, 123872.0, 124925.0, 128674.0, 137970.0, 139065.0, 140885.0, 144453.0, 146760.0, 152330.0, 152404.0, 154091.0, 154881.0, 157378.0, 160622.0, 163404.0, 169714.0, 171177.0, 195814.0, 199920.0, 201134.0, 202374.0, 221955.0, 223082.0, 258010.0, 266727.0, 283383.0, 283446.0, 283463.0, 284129.0, 284348.0, 284656.0, 285601.0, 285704.0, 286183.0, 326624.0, 338557.0, 347902.0, 375387.0, 440435.0, 442191.0, 644139.0, 768211.0, 105378803.0 
GO:0005737 CC 6.52e-06 353/1507  4681/29107 D02 cytoplasm                                81.0, 93.0, 148.0, 152.0, 223.0, 308.0, 321.0, 351.0, 360.0, 395.0, 402.0, 435.0, 463.0, 571.0, 775.0, 779.0, 824.0, 894.0, 896.0, 899.0, 948.0, 958.0, 1001.0, 1012.0, 1116.0, 1192.0, 1314.0, 1428.0, 1434.0, 1607.0, 1620.0, 1656.0, 1729.0, 1739.0, 1806.0, 1947.0, 2023.0, 2043.0, 2081.0, 2099.0, 2125.0, 2281.0, 2316.0, 2584.0, 2644.0, 2770.0, 2771.0, 2876.0, 2885.0, 2947.0, 2948.0, 2950.0, 2997.0, 3059.0, 3084.0, 3151.0, 3280.0, 3309.0, 3476.0, 3656.0, 3716.0, 3925.0, 3987.0, 3993.0, 4008.0, 4088.0, 4093.0, 4152.0, 4171.0, 4217.0, 4430.0, 4534.0, 4645.0, 4718.0, 4747.0, 4752.0, 4826.0, 4842.0, 4856.0, 4983.0, 5027.0, 5050.0, 5058.0, 5129.0, 5155.0, 5252.0, 5269.0, 5293.0, 5300.0, 5314.0, 5341.0, 5393.0, 5394.0, 5464.0, 5480.0, 5595.0, 5597.0, 5621.0, 5634.0, 5859.0, 5860.0, 5902.0, 5987.0, 6188.0, 6277.0, 6328.0, 6387.0, 6538.0, 6624.0, 6645.0, 6711.0, 6815.0, 6938.0, 7049.0, 7053.0, 7189.0, 7286.0, 7295.0, 7298.0, 7399.0, 7405.0, 7422.0, 7444.0, 7465.0, 7472.0, 7494.0, 7533.0, 7846.0, 8208.0, 8444.0, 8480.0, 8528.0, 8550.0, 8563.0, 8601.0, 8626.0, 8761.0, 8773.0, 8776.0, 8787.0, 8814.0, 8826.0, 8835.0, 8837.0, 8880.0, 9104.0, 9168.0, 9185.0, 9223.0, 9231.0, 9261.0, 9342.0, 9349.0, 9353.0, 9391.0, 9451.0, 9473.0, 9577.0, 9637.0, 9645.0, 9651.0, 9667.0, 9734.0, 9759.0, 9762.0, 9830.0, 9846.0, 9860.0, 9901.0, 9915.0, 9961.0, 9984.0, 10007.0, 10044.0, 10105.0, 10178.0, 10203.0, 10207.0, 10241.0, 10266.0, 10383.0, 10392.0, 10404.0, 10420.0, 10603.0, 10606.0, 10653.0, 10681.0, 10763.0, 10769.0, 10772.0, 10788.0, 10801.0, 10903.0, 11067.0, 11075.0, 11078.0, 11170.0, 11261.0, 22881.0, 23026.0, 23070.0, 23075.0, 23077.0, 23085.0, 23089.0, 23107.0, 23150.0, 23239.0, 23240.0, 23255.0, 23318.0, 23331.0, 23353.0, 23365.0, 23428.0, 23462.0, 23499.0, 23541.0, 23580.0, 23600.0, 23607.0, 23677.0, 25862.0, 25895.0, 25941.0, 26011.0, 26037.0, 26166.0, 26232.0, 26289.0, 27044.0, 27065.0, 27106.0, 28996.0, 29109.0, 29117.0, 29775.0, 50508.0, 51010.0, 51085.0, 51155.0, 51170.0, 51177.0, 51255.0, 51361.0, 51430.0, 51447.0, 51454.0, 51477.0, 54112.0, 54361.0, 54407.0, 54522.0, 54550.0, 54566.0, 54843.0, 54873.0, 54920.0, 54935.0, 54961.0, 55016.0, 55120.0, 55177.0, 55188.0, 55190.0, 55249.0, 55437.0, 55715.0, 55775.0, 55819.0, 55833.0, 55902.0, 55930.0, 56474.0, 56521.0, 56915.0, 56924.0, 57508.0, 59286.0, 63932.0, 64005.0, 64219.0, 65125.0, 66008.0, 78986.0, 79000.0, 79007.0, 79834.0, 79867.0, 80005.0, 80014.0, 80824.0, 80851.0, 83449.0, 83660.0, 83990.0, 84193.0, 84448.0, 84513.0, 84708.0, 84959.0, 85444.0, 89766.0, 113146.0, 113220.0, 114826.0, 114928.0, 115024.0, 116496.0, 117245.0, 117584.0, 120227.0, 120892.0, 123041.0, 123872.0, 125061.0, 129049.0, 139728.0, 140469.0, 140609.0, 143686.0, 151827.0, 154881.0, 160492.0, 170685.0, 170954.0, 201134.0, 201625.0, 203068.0, 223082.0, 255027.0, 259217.0, 283446.0, 284996.0, 285386.0, 286205.0, 338323.0, 340527.0, 340719.0, 375484.0, 387694.0, 388743.0, 389119.0, 389337.0, 400954.0, 441951.0, 493829.0, 541468.0, 645121.0, 728113.0, 100131187.0, 100528062.0 
GO:0005856 CC 6.66e-06 43/1507   401/29107 D05 cytoskeleton                             390.0, 1608.0, 1896.0, 2035.0, 3716.0, 4842.0, 5034.0, 5595.0, 6624.0, 7170.0, 7171.0, 7414.0, 8407.0, 8444.0, 8727.0, 8871.0, 9168.0, 9762.0, 9961.0, 10178.0, 10241.0, 10383.0, 11155.0, 23150.0, 23254.0, 23255.0, 23499.0, 23580.0, 26064.0, 27289.0, 29109.0, 29114.0, 54509.0, 54566.0, 54961.0, 57669.0, 65059.0, 79867.0, 84978.0, 114884.0, 170954.0, 192668.0, 203068.0 
GO:0005794 CC 7.38e-06 85/1507   988/29107 D05 Golgi apparatus                          351.0, 402.0, 688.0, 824.0, 844.0, 948.0, 955.0, 1174.0, 1363.0, 1739.0, 2043.0, 2099.0, 2181.0, 2526.0, 2885.0, 2956.0, 3361.0, 3482.0, 3489.0, 3633.0, 3801.0, 4121.0, 4810.0, 4925.0, 5125.0, 5314.0, 5563.0, 5595.0, 5621.0, 5663.0, 5727.0, 6645.0, 8728.0, 9334.0, 9619.0, 9732.0, 10178.0, 10404.0, 10497.0, 10675.0, 10897.0, 10947.0, 11075.0, 11243.0, 11311.0, 22862.0, 23423.0, 23499.0, 25825.0, 26298.0, 26301.0, 27095.0, 29940.0, 50614.0, 51280.0, 51617.0, 54756.0, 55081.0, 55315.0, 55508.0, 55532.0, 55733.0, 57451.0, 57584.0, 63917.0, 78986.0, 79188.0, 79683.0, 80723.0, 83452.0, 84243.0, 84725.0, 90410.0, 92370.0, 120892.0, 129049.0, 131540.0, 149175.0, 169714.0, 254887.0, 266727.0, 284129.0, 326624.0, 387758.0, 388743.0 
GO:0043235 CC 1.18e-05 27/1507   209/29107 D02 receptor complex                         90.0, 91.0, 93.0, 351.0, 948.0, 2043.0, 2046.0, 3566.0, 3568.0, 3598.0, 3675.0, 4088.0, 5787.0, 6098.0, 7049.0, 7075.0, 7253.0, 7421.0, 7433.0, 7804.0, 9244.0, 10266.0, 22925.0, 51555.0, 51559.0, 284656.0, 374462.0 
GO:0031594 CC 1.18e-05 14/1507    70/29107 D04 neuromuscular junction                   351.0, 1739.0, 2043.0, 3084.0, 3913.0, 4747.0, 5663.0, 6547.0, 7846.0, 9143.0, 9144.0, 9759.0, 10497.0, 81493.0 
GO:0005654 CC 1.53e-05 255/1507  3805/29107 D02 nucleoplasm                              35.0, 148.0, 360.0, 402.0, 406.0, 463.0, 467.0, 571.0, 645.0, 675.0, 688.0, 865.0, 894.0, 896.0, 967.0, 1060.0, 1434.0, 1659.0, 2002.0, 2099.0, 2100.0, 2104.0, 2644.0, 2649.0, 2736.0, 2771.0, 2885.0, 2956.0, 3014.0, 3084.0, 3280.0, 3428.0, 3566.0, 3611.0, 3725.0, 3727.0, 4001.0, 4004.0, 4013.0, 4088.0, 4093.0, 4152.0, 4171.0, 4255.0, 4297.0, 4436.0, 4664.0, 4835.0, 4842.0, 4926.0, 4927.0, 4986.0, 5058.0, 5092.0, 5126.0, 5164.0, 5243.0, 5252.0, 5300.0, 5393.0, 5394.0, 5395.0, 5563.0, 5595.0, 5597.0, 5606.0, 5663.0, 5714.0, 5931.0, 5966.0, 5985.0, 5987.0, 6118.0, 6188.0, 6314.0, 6340.0, 6595.0, 6645.0, 6662.0, 6664.0, 6671.0, 6744.0, 6778.0, 6815.0, 6839.0, 6936.0, 6938.0, 7003.0, 7004.0, 7025.0, 7026.0, 7068.0, 7295.0, 7374.0, 7378.0, 7389.0, 7403.0, 7421.0, 7465.0, 7494.0, 7913.0, 8208.0, 8237.0, 8349.0, 8350.0, 8396.0, 8444.0, 8462.0, 8480.0, 8493.0, 8550.0, 8563.0, 8626.0, 8773.0, 8814.0, 8880.0, 8974.0, 9128.0, 9184.0, 9223.0, 9246.0, 9261.0, 9342.0, 9349.0, 9577.0, 9643.0, 9656.0, 9667.0, 9734.0, 9759.0, 9830.0, 9866.0, 9915.0, 9984.0, 10204.0, 10293.0, 10420.0, 10459.0, 10656.0, 10739.0, 10772.0, 10865.0, 10974.0, 11102.0, 11243.0, 22976.0, 23016.0, 23026.0, 23070.0, 23077.0, 23089.0, 23254.0, 23462.0, 23464.0, 23541.0, 23678.0, 25862.0, 25895.0, 25962.0, 26064.0, 26298.0, 27324.0, 28952.0, 28992.0, 28996.0, 29028.0, 29109.0, 29115.0, 29117.0, 29781.0, 29841.0, 29945.0, 49854.0, 51010.0, 51056.0, 51085.0, 51155.0, 51447.0, 54475.0, 54756.0, 54780.0, 54815.0, 54886.0, 54935.0, 55120.0, 55249.0, 55509.0, 55604.0, 55616.0, 55651.0, 55683.0, 55748.0, 55775.0, 55902.0, 55924.0, 56672.0, 56849.0, 56915.0, 56924.0, 57222.0, 57480.0, 57508.0, 57616.0, 57669.0, 57690.0, 57713.0, 57761.0, 64005.0, 64425.0, 64859.0, 78986.0, 79042.0, 79155.0, 79837.0, 79902.0, 79980.0, 80709.0, 80824.0, 83439.0, 83786.0, 83990.0, 84193.0, 84196.0, 84324.0, 84515.0, 84725.0, 84867.0, 91607.0, 92609.0, 94032.0, 94241.0, 115708.0, 116028.0, 117584.0, 133383.0, 133522.0, 140609.0, 140733.0, 147645.0, 157313.0, 160428.0, 161882.0, 162989.0, 169714.0, 201161.0, 201292.0, 221955.0, 223082.0, 283383.0, 284129.0, 286205.0, 353322.0, 388585.0, 389524.0, 100528062.0 
GO:0009986 CC 1.60e-05 55/1507   579/29107 D02 cell surface                             91.0, 351.0, 948.0, 955.0, 958.0, 967.0, 1604.0, 2023.0, 2043.0, 2239.0, 2262.0, 2526.0, 2693.0, 2923.0, 3134.0, 3309.0, 3482.0, 3675.0, 3676.0, 4008.0, 4072.0, 5155.0, 5243.0, 5621.0, 5663.0, 5796.0, 6383.0, 6509.0, 7049.0, 7070.0, 7077.0, 7253.0, 7422.0, 7804.0, 8633.0, 9358.0, 10266.0, 10675.0, 10788.0, 22925.0, 27020.0, 51393.0, 54361.0, 56650.0, 57758.0, 81619.0, 89766.0, 93974.0, 118429.0, 137970.0, 140885.0, 146760.0, 340419.0, 375387.0, 100507588.0 
GO:0000139 CC 2.77e-05 55/1507   587/29107 D05 Golgi membrane                           390.0, 955.0, 1174.0, 1314.0, 1604.0, 2526.0, 2650.0, 3134.0, 4121.0, 4124.0, 4926.0, 5155.0, 5627.0, 5663.0, 6252.0, 6836.0, 7903.0, 9334.0, 9342.0, 9619.0, 9718.0, 10675.0, 11261.0, 11311.0, 22862.0, 23085.0, 23423.0, 26086.0, 26301.0, 27095.0, 29906.0, 29940.0, 50614.0, 51301.0, 51399.0, 53407.0, 54756.0, 57584.0, 63917.0, 80310.0, 83452.0, 84243.0, 84302.0, 84725.0, 90410.0, 92370.0, 93492.0, 120892.0, 127845.0, 131540.0, 149175.0, 205428.0, 254887.0, 258010.0, 285533.0 
GO:0098978 CC 2.86e-05 36/1507   332/29107 D04 glutamatergic synapse                    114.0, 148.0, 152.0, 493.0, 1008.0, 1739.0, 2043.0, 2239.0, 2316.0, 2693.0, 2899.0, 2983.0, 3084.0, 4983.0, 5300.0, 5332.0, 6711.0, 6854.0, 8618.0, 8787.0, 10368.0, 10675.0, 22854.0, 22986.0, 23266.0, 23284.0, 27020.0, 27065.0, 51104.0, 53826.0, 79012.0, 80059.0, 120892.0, 139065.0, 147381.0, 160622.0 
GO:0120199 CC 3.43e-05  4/1507     5/29107 D03 cone photoreceptor outer segment         2978.0, 65062.0, 123041.0, 118142757.0 
GO:0043231 CC 3.73e-05 72/1507   846/29107 D04 intracellular membrane-bounded organelle 148.0, 406.0, 493.0, 645.0, 688.0, 706.0, 958.0, 967.0, 1174.0, 1495.0, 1896.0, 2956.0, 3309.0, 3993.0, 4258.0, 4856.0, 5033.0, 5126.0, 5480.0, 5621.0, 5727.0, 5796.0, 5818.0, 6595.0, 6709.0, 6938.0, 8444.0, 8608.0, 8814.0, 8974.0, 9667.0, 10105.0, 10241.0, 10404.0, 10609.0, 10897.0, 11067.0, 11243.0, 22881.0, 23070.0, 23077.0, 23239.0, 23250.0, 23353.0, 23600.0, 23670.0, 23678.0, 23762.0, 27289.0, 29841.0, 51374.0, 54520.0, 55120.0, 55315.0, 55616.0, 55683.0, 55775.0, 55902.0, 57222.0, 57713.0, 79611.0, 80183.0, 80223.0, 80709.0, 81932.0, 114884.0, 120227.0, 120892.0, 223082.0, 255027.0, 284129.0, 541468.0 
GO:0001725 CC 5.47e-05 13/1507    70/29107 D04 stress fiber                             2275.0, 3611.0, 5829.0, 6624.0, 7170.0, 7171.0, 10580.0, 10603.0, 10801.0, 11155.0, 11170.0, 23002.0, 29109.0 
GO:0045121 CC 5.63e-05 28/1507   240/29107 D04 membrane raft                            114.0, 351.0, 493.0, 824.0, 948.0, 1272.0, 1604.0, 1739.0, 1947.0, 2693.0, 2770.0, 2771.0, 4842.0, 5621.0, 5663.0, 6778.0, 7070.0, 7846.0, 8826.0, 8837.0, 8871.0, 9495.0, 10580.0, 120892.0, 146760.0, 199920.0, 203068.0, 285704.0 
GO:0099055 CC 8.12e-05 10/1507    45/29107 D06 integral component of postsynaptic membrane 148.0, 2043.0, 2900.0, 4986.0, 6536.0, 6538.0, 6547.0, 10675.0, 23266.0, 53826.0 
GO:0030286 CC 1.16e-04  7/1507    23/29107 D03 dynein complex                           1768.0, 1769.0, 8701.0, 55567.0, 144132.0, 146754.0, 201625.0 
GO:0005634 CC 1.51e-04 335/1507  5368/29107 D05 nucleus                                  35.0, 81.0, 148.0, 210.0, 334.0, 402.0, 406.0, 463.0, 467.0, 571.0, 675.0, 824.0, 894.0, 896.0, 899.0, 1152.0, 1192.0, 1434.0, 1656.0, 1659.0, 1729.0, 1739.0, 1774.0, 1947.0, 2002.0, 2023.0, 2099.0, 2100.0, 2115.0, 2239.0, 2275.0, 2316.0, 2644.0, 2736.0, 2770.0, 2885.0, 2923.0, 2947.0, 2950.0, 2956.0, 3006.0, 3014.0, 3059.0, 3151.0, 3280.0, 3309.0, 3428.0, 3656.0, 3702.0, 3716.0, 3725.0, 4001.0, 4004.0, 4008.0, 4088.0, 4093.0, 4152.0, 4171.0, 4255.0, 4297.0, 4436.0, 4664.0, 4752.0, 4807.0, 4842.0, 4926.0, 5081.0, 5129.0, 5252.0, 5300.0, 5314.0, 5332.0, 5393.0, 5394.0, 5395.0, 5563.0, 5595.0, 5597.0, 5621.0, 5663.0, 5714.0, 5727.0, 5740.0, 5902.0, 5931.0, 5966.0, 5985.0, 5987.0, 5998.0, 6118.0, 6188.0, 6277.0, 6314.0, 6387.0, 6447.0, 6595.0, 6662.0, 6664.0, 6815.0, 6839.0, 6936.0, 6938.0, 6941.0, 7004.0, 7025.0, 7026.0, 7068.0, 7112.0, 7189.0, 7295.0, 7298.0, 7374.0, 7403.0, 7421.0, 7444.0, 7465.0, 7494.0, 7539.0, 7565.0, 7582.0, 7626.0, 7738.0, 7846.0, 7913.0, 8208.0, 8237.0, 8349.0, 8350.0, 8396.0, 8444.0, 8462.0, 8480.0, 8493.0, 8550.0, 8563.0, 8601.0, 8626.0, 8728.0, 8761.0, 8787.0, 8814.0, 8826.0, 8870.0, 8880.0, 9104.0, 9128.0, 9246.0, 9261.0, 9319.0, 9473.0, 9577.0, 9586.0, 9645.0, 9656.0, 9658.0, 9667.0, 9686.0, 9734.0, 9759.0, 9915.0, 9941.0, 9961.0, 9984.0, 10178.0, 10194.0, 10241.0, 10383.0, 10388.0, 10420.0, 10443.0, 10459.0, 10580.0, 10656.0, 10681.0, 10724.0, 10769.0, 10772.0, 10865.0, 10957.0, 10974.0, 11078.0, 11098.0, 11170.0, 11261.0, 22881.0, 22913.0, 22976.0, 23070.0, 23075.0, 23077.0, 23131.0, 23239.0, 23316.0, 23462.0, 23520.0, 23541.0, 23616.0, 23677.0, 23761.0, 25850.0, 25966.0, 26007.0, 26011.0, 26166.0, 26298.0, 27044.0, 27065.0, 27300.0, 27324.0, 27335.0, 28976.0, 28992.0, 28996.0, 29028.0, 29109.0, 29114.0, 29115.0, 29117.0, 29761.0, 29781.0, 29799.0, 29841.0, 29945.0, 29980.0, 49854.0, 51010.0, 51056.0, 51085.0, 51155.0, 51177.0, 51447.0, 54112.0, 54522.0, 54551.0, 54780.0, 54815.0, 54961.0, 55023.0, 55120.0, 55177.0, 55190.0, 55249.0, 55437.0, 55509.0, 55769.0, 55775.0, 55833.0, 55897.0, 55924.0, 56829.0, 56849.0, 57326.0, 57451.0, 57507.0, 57508.0, 57616.0, 57713.0, 57761.0, 57862.0, 59286.0, 63932.0, 64859.0, 66008.0, 78986.0, 78990.0, 79000.0, 80345.0, 80824.0, 81605.0, 81691.0, 83439.0, 83989.0, 83990.0, 84153.0, 84196.0, 84270.0, 84324.0, 84515.0, 84700.0, 84959.0, 85369.0, 89765.0, 90529.0, 90853.0, 90874.0, 90987.0, 91156.0, 91607.0, 92906.0, 93492.0, 94241.0, 113146.0, 114826.0, 114928.0, 115708.0, 116113.0, 117177.0, 124359.0, 125061.0, 127665.0, 131375.0, 132160.0, 133522.0, 135112.0, 139728.0, 140733.0, 143686.0, 144165.0, 147694.0, 148418.0, 157313.0, 158399.0, 158931.0, 161882.0, 164684.0, 169834.0, 170685.0, 195814.0, 201161.0, 203068.0, 220202.0, 259217.0, 286205.0, 347902.0, 388585.0, 388610.0, 389119.0, 389136.0, 389524.0, 441951.0, 645121.0, 728116.0, 100528062.0, 100885848.0, 101060200.0 
GO:0005793 CC 1.51e-04 13/1507    77/29107 D05 endoplasmic reticulum-Golgi intermediate compartment 3309.0, 3633.0, 4121.0, 4925.0, 5034.0, 6836.0, 10897.0, 11261.0, 23423.0, 55014.0, 57222.0, 285704.0, 326624.0 
GO:0030424 CC 1.69e-04 33/1507   318/29107 D05 axon                                     114.0, 351.0, 2043.0, 2555.0, 2899.0, 3084.0, 3739.0, 4747.0, 4752.0, 4856.0, 5058.0, 5563.0, 6328.0, 6335.0, 6547.0, 7804.0, 8826.0, 9362.0, 9637.0, 10044.0, 10159.0, 23077.0, 23284.0, 23607.0, 27020.0, 54407.0, 54550.0, 55714.0, 57556.0, 84623.0, 94233.0, 120892.0, 152330.0 
GO:0016459 CC 1.75e-04  8/1507    32/29107 D02 myosin complex                           4430.0, 4637.0, 4645.0, 23026.0, 55930.0, 64005.0, 140469.0, 283446.0 
GO:0005576 CC 1.81e-04 132/1507  1854/29107 D02 extracellular region                     81.0, 210.0, 308.0, 317.0, 336.0, 351.0, 419.0, 590.0, 710.0, 715.0, 955.0, 1012.0, 1116.0, 1118.0, 1282.0, 1284.0, 1293.0, 1310.0, 1435.0, 1604.0, 1690.0, 1774.0, 1942.0, 2199.0, 2262.0, 2316.0, 2519.0, 2796.0, 2922.0, 2950.0, 3074.0, 3082.0, 3084.0, 3488.0, 3489.0, 3491.0, 3547.0, 3574.0, 3598.0, 3603.0, 3913.0, 3959.0, 4018.0, 4828.0, 4856.0, 5034.0, 5067.0, 5125.0, 5155.0, 5269.0, 5341.0, 5627.0, 5650.0, 5655.0, 5818.0, 5950.0, 6277.0, 6387.0, 6447.0, 6709.0, 7060.0, 7066.0, 7070.0, 7077.0, 7286.0, 7295.0, 7399.0, 7414.0, 7422.0, 7472.0, 7473.0, 7480.0, 8350.0, 8407.0, 8701.0, 8804.0, 9244.0, 9353.0, 9358.0, 9508.0, 9961.0, 10178.0, 10383.0, 10653.0, 10675.0, 11061.0, 11096.0, 22854.0, 22925.0, 23105.0, 23643.0, 23671.0, 25818.0, 25890.0, 27031.0, 51816.0, 53942.0, 54361.0, 55901.0, 56954.0, 57758.0, 57795.0, 64838.0, 79154.0, 79980.0, 80310.0, 81567.0, 81577.0, 81794.0, 84623.0, 85301.0, 114898.0, 116372.0, 118429.0, 123872.0, 128240.0, 146760.0, 152330.0, 153642.0, 163479.0, 169611.0, 200162.0, 203068.0, 266727.0, 283463.0, 284348.0, 284656.0, 340419.0, 374946.0, 375387.0, 387758.0, 387911.0 
GO:0000176 CC 2.15e-04  5/1507    12/29107 D05 nuclear exosome (RNase complex)          5393.0, 5394.0, 23016.0, 51010.0, 56915.0 
GO:0031012 CC 2.18e-04 27/1507   245/29107 D03 extracellular matrix                     1116.0, 1282.0, 1284.0, 1293.0, 1310.0, 2199.0, 3491.0, 4856.0, 7049.0, 7077.0, 7422.0, 7473.0, 9508.0, 9860.0, 9865.0, 11096.0, 54361.0, 80059.0, 81577.0, 81794.0, 84894.0, 85301.0, 91522.0, 146760.0, 147372.0, 169611.0, 283310.0 
GO:0005874 CC 2.96e-04 31/1507   298/29107 D06 microtubule                              1739.0, 1768.0, 1769.0, 2009.0, 3801.0, 3925.0, 5116.0, 6547.0, 6645.0, 7846.0, 8701.0, 8826.0, 10383.0, 10801.0, 11258.0, 23499.0, 25941.0, 26140.0, 51361.0, 55567.0, 57326.0, 80709.0, 84445.0, 113220.0, 140609.0, 146754.0, 200162.0, 201625.0, 203068.0, 284076.0, 400954.0 
GO:0062023 CC 3.61e-04 36/1507   374/29107 D04 collagen-containing extracellular matrix 308.0, 710.0, 1012.0, 1282.0, 1284.0, 1293.0, 1310.0, 1690.0, 1805.0, 2199.0, 2239.0, 2262.0, 3491.0, 3574.0, 3913.0, 3959.0, 4856.0, 5155.0, 5269.0, 6277.0, 6383.0, 6387.0, 7060.0, 7077.0, 7472.0, 8722.0, 8728.0, 9508.0, 11096.0, 25890.0, 64175.0, 79812.0, 81794.0, 85301.0, 91522.0, 161198.0 
GO:0005615 CC 4.46e-04 120/1507  1693/29107 D02 extracellular space                      81.0, 351.0, 710.0, 715.0, 948.0, 955.0, 967.0, 1012.0, 1116.0, 1118.0, 1152.0, 1192.0, 1282.0, 1284.0, 1293.0, 1310.0, 1314.0, 1363.0, 1435.0, 1805.0, 1809.0, 1896.0, 2023.0, 2262.0, 2519.0, 2650.0, 2796.0, 2922.0, 2923.0, 2950.0, 3082.0, 3084.0, 3134.0, 3151.0, 3488.0, 3489.0, 3566.0, 3568.0, 3574.0, 3598.0, 3603.0, 3959.0, 4242.0, 4925.0, 5122.0, 5125.0, 5126.0, 5155.0, 5269.0, 5627.0, 5650.0, 5740.0, 5801.0, 5918.0, 5950.0, 6652.0, 7049.0, 7060.0, 7066.0, 7077.0, 7127.0, 7422.0, 7472.0, 7473.0, 7480.0, 7804.0, 7857.0, 8349.0, 8646.0, 8722.0, 8804.0, 9244.0, 9353.0, 9508.0, 9860.0, 9865.0, 10404.0, 10491.0, 10512.0, 11096.0, 23150.0, 23255.0, 23318.0, 23643.0, 25818.0, 25890.0, 26002.0, 29937.0, 51279.0, 51280.0, 51816.0, 54361.0, 57556.0, 57715.0, 57758.0, 64838.0, 79812.0, 80059.0, 80310.0, 84894.0, 85301.0, 89766.0, 91522.0, 93035.0, 93099.0, 120892.0, 128240.0, 131375.0, 146760.0, 147372.0, 147381.0, 169714.0, 205428.0, 266727.0, 283310.0, 374977.0, 375567.0, 399967.0, 407738.0, 100507588.0 
GO:0043005 CC 4.71e-04 33/1507   338/29107 D04 neuron projection                        493.0, 1012.0, 1739.0, 2043.0, 2046.0, 2555.0, 2693.0, 2742.0, 3925.0, 4828.0, 4986.0, 5067.0, 5122.0, 5126.0, 5300.0, 5663.0, 5860.0, 6538.0, 6770.0, 8773.0, 8826.0, 10178.0, 11075.0, 11170.0, 23266.0, 26011.0, 55714.0, 57084.0, 57451.0, 57699.0, 85439.0, 120892.0, 284656.0 
GO:0032983 CC 5.33e-04  3/1507     4/29107 D07 kainate selective glutamate receptor complex 2898.0, 2899.0, 2900.0 
GO:0005862 CC 5.33e-04  3/1507     4/29107 D02 muscle thin filament tropomyosin         7169.0, 7170.0, 7171.0 
GO:0005635 CC 5.68e-04 21/1507   182/29107 D04 nuclear envelope                         1192.0, 1434.0, 4001.0, 4008.0, 4258.0, 4925.0, 5595.0, 5733.0, 5902.0, 6277.0, 7112.0, 7444.0, 8480.0, 10456.0, 23306.0, 23353.0, 51374.0, 55120.0, 79902.0, 127845.0, 160492.0 
GO:0042734 CC 7.21e-04 10/1507    58/29107 D05 presynaptic membrane                     2898.0, 2899.0, 2900.0, 9699.0, 9783.0, 10497.0, 23085.0, 27020.0, 84966.0, 223082.0 
GO:0043197 CC 7.71e-04 19/1507   158/29107 D06 dendritic spine                          321.0, 351.0, 2043.0, 3739.0, 4842.0, 4983.0, 5025.0, 6547.0, 9148.0, 9495.0, 9762.0, 26037.0, 26232.0, 50807.0, 51104.0, 54873.0, 57451.0, 57537.0, 124925.0 
GO:0031941 CC 8.63e-04  7/1507    31/29107 D02 filamentous actin                        1809.0, 9645.0, 11155.0, 23607.0, 55604.0, 84700.0, 254102.0 
GO:0000178 CC 9.99e-04  5/1507    16/29107 D04 exosome (RNase complex)                  5393.0, 5394.0, 23016.0, 51010.0, 56915.0 
GO:0030018 CC 1.05e-03 16/1507   129/29107 D02 Z disc                                   148.0, 493.0, 775.0, 776.0, 844.0, 2275.0, 2281.0, 2316.0, 5058.0, 5663.0, 9759.0, 11155.0, 81493.0, 84033.0, 84700.0, 91156.0 
GO:0046658 CC 1.06e-03  7/1507    32/29107 D04 anchored component of plasma membrane    1942.0, 2262.0, 10392.0, 22854.0, 146760.0, 266727.0, 285704.0 
GO:0005641 CC 1.17e-03  4/1507    10/29107 D06 nuclear envelope lumen                   351.0, 590.0, 3482.0, 203068.0 
GO:0099026 CC 1.28e-03  3/1507     5/29107 D06 anchored component of presynaptic membrane 1272.0, 2239.0, 53942.0 
GO:0014069 CC 1.31e-03 25/1507   247/29107 D04 postsynaptic density                     114.0, 775.0, 2035.0, 2785.0, 4842.0, 5025.0, 5332.0, 5621.0, 5727.0, 6188.0, 6536.0, 6547.0, 6711.0, 6854.0, 7804.0, 9148.0, 9231.0, 9349.0, 9495.0, 9762.0, 23362.0, 26037.0, 81831.0, 152404.0, 160622.0 
GO:0030054 CC 1.43e-03 21/1507   192/29107 D02 cell junction                            899.0, 1001.0, 1495.0, 1739.0, 2035.0, 4810.0, 5025.0, 5663.0, 5796.0, 5801.0, 9223.0, 9231.0, 10207.0, 26064.0, 29781.0, 50848.0, 51447.0, 56924.0, 57451.0, 57584.0, 117583.0 
GO:0043195 CC 1.47e-03  9/1507    53/29107 D03 terminal bouton                          645.0, 2899.0, 3611.0, 4983.0, 5025.0, 5621.0, 7399.0, 10497.0, 120892.0 
GO:0008569 MF 1.39e-06  8/1507    18/29107 D03 minus-end-directed microtubule motor activity 1768.0, 1769.0, 3801.0, 8701.0, 55567.0, 144132.0, 146754.0, 201625.0 
GO:0005516 MF 1.87e-06 29/1507   201/29107 D03 calmodulin binding                       114.0, 493.0, 775.0, 779.0, 2035.0, 4430.0, 4645.0, 4842.0, 5116.0, 5257.0, 6547.0, 6645.0, 6709.0, 6711.0, 7442.0, 7466.0, 8550.0, 8826.0, 9261.0, 9495.0, 10497.0, 10788.0, 55930.0, 64005.0, 79012.0, 84033.0, 93974.0, 123041.0, 139728.0 
GO:0045296 MF 2.11e-06 43/1507   315/29107 D04 cadherin binding                         90.0, 1001.0, 1008.0, 1012.0, 1192.0, 1495.0, 1656.0, 1739.0, 2023.0, 2125.0, 2316.0, 3309.0, 4430.0, 5025.0, 5663.0, 5787.0, 5902.0, 6624.0, 6709.0, 6711.0, 7112.0, 7408.0, 7414.0, 8350.0, 8407.0, 8727.0, 8826.0, 10606.0, 10801.0, 23075.0, 23085.0, 23499.0, 23607.0, 23670.0, 27044.0, 28316.0, 50807.0, 50848.0, 55833.0, 56829.0, 56924.0, 114793.0, 151963.0 
GO:0005524 MF 2.64e-06 127/1507  1458/29107 D08 ATP binding                              90.0, 91.0, 93.0, 111.0, 114.0, 317.0, 493.0, 640.0, 1152.0, 1607.0, 1608.0, 1656.0, 1659.0, 1768.0, 1769.0, 2043.0, 2046.0, 2081.0, 2181.0, 2584.0, 2956.0, 3309.0, 3611.0, 3656.0, 3702.0, 3716.0, 3801.0, 4171.0, 4214.0, 4215.0, 4217.0, 4430.0, 4436.0, 4645.0, 4752.0, 5025.0, 5027.0, 5058.0, 5129.0, 5164.0, 5243.0, 5293.0, 5395.0, 5563.0, 5595.0, 5597.0, 5606.0, 5634.0, 5832.0, 5859.0, 5985.0, 6098.0, 6595.0, 6854.0, 6890.0, 7075.0, 7442.0, 7444.0, 7465.0, 8396.0, 8444.0, 8491.0, 8550.0, 8701.0, 8814.0, 9064.0, 9223.0, 9261.0, 9319.0, 9451.0, 9619.0, 9942.0, 10392.0, 10420.0, 10469.0, 10606.0, 10769.0, 23026.0, 23075.0, 23250.0, 23438.0, 23456.0, 23678.0, 26007.0, 26140.0, 26289.0, 28996.0, 29028.0, 51447.0, 54456.0, 55224.0, 55437.0, 55567.0, 55728.0, 55902.0, 55930.0, 56474.0, 56924.0, 57761.0, 64005.0, 65125.0, 79012.0, 79611.0, 79837.0, 79877.0, 83990.0, 84033.0, 84515.0, 84700.0, 91607.0, 113220.0, 115701.0, 120892.0, 139728.0, 140469.0, 140609.0, 144132.0, 146754.0, 201625.0, 202374.0, 256356.0, 259217.0, 283446.0, 284076.0, 284656.0, 338323.0, 341676.0 
GO:0003779 MF 3.03e-06 34/1507   261/29107 D04 actin binding                            81.0, 114.0, 1729.0, 2035.0, 2275.0, 4983.0, 5034.0, 6624.0, 6645.0, 6709.0, 6711.0, 7125.0, 7169.0, 7408.0, 7414.0, 7533.0, 9645.0, 10580.0, 10788.0, 11155.0, 11170.0, 23002.0, 23499.0, 26064.0, 51361.0, 54961.0, 60312.0, 79083.0, 83660.0, 84193.0, 84700.0, 120892.0, 140469.0, 170954.0 
GO:0042803 MF 3.44e-06 67/1507   671/29107 D04 protein homodimerization activity        81.0, 90.0, 114.0, 152.0, 336.0, 467.0, 1012.0, 1428.0, 1435.0, 1806.0, 2023.0, 2081.0, 2316.0, 2649.0, 2941.0, 2947.0, 2948.0, 3280.0, 3656.0, 4088.0, 4124.0, 4217.0, 4297.0, 4436.0, 4835.0, 5050.0, 5155.0, 5164.0, 5341.0, 5634.0, 5818.0, 5987.0, 6277.0, 6890.0, 7026.0, 7169.0, 7171.0, 7295.0, 7298.0, 7422.0, 8396.0, 8776.0, 9353.0, 9619.0, 9830.0, 10178.0, 10241.0, 10392.0, 10404.0, 23255.0, 23456.0, 23705.0, 26011.0, 27324.0, 29841.0, 50848.0, 51166.0, 51361.0, 51733.0, 51816.0, 55714.0, 57451.0, 93974.0, 120227.0, 120892.0, 387758.0, 100528062.0 
GO:0042802 MF 3.46e-06 122/1507  1494/29107 D03 identical protein binding                210.0, 317.0, 321.0, 334.0, 351.0, 360.0, 435.0, 467.0, 590.0, 675.0, 715.0, 844.0, 1060.0, 1429.0, 1435.0, 1495.0, 1635.0, 1659.0, 1809.0, 2043.0, 2081.0, 2099.0, 2885.0, 2923.0, 2941.0, 2947.0, 3074.0, 3082.0, 3482.0, 3489.0, 3725.0, 4088.0, 4217.0, 4258.0, 4297.0, 4747.0, 5019.0, 5025.0, 5027.0, 5033.0, 5050.0, 5092.0, 5122.0, 5155.0, 5252.0, 5595.0, 5621.0, 5634.0, 5793.0, 5818.0, 5832.0, 5860.0, 5987.0, 6383.0, 6580.0, 6652.0, 6671.0, 6778.0, 6854.0, 6999.0, 7169.0, 7171.0, 7188.0, 7189.0, 7378.0, 7399.0, 7422.0, 7442.0, 7494.0, 7533.0, 7846.0, 8608.0, 8626.0, 8659.0, 9319.0, 9353.0, 9451.0, 9667.0, 9759.0, 9961.0, 10007.0, 10204.0, 10293.0, 10392.0, 10603.0, 10606.0, 10656.0, 10865.0, 23002.0, 23077.0, 23371.0, 23438.0, 23607.0, 23677.0, 25923.0, 29109.0, 51078.0, 51094.0, 51361.0, 51458.0, 51538.0, 55847.0, 56474.0, 57820.0, 79188.0, 79834.0, 79837.0, 80321.0, 84708.0, 84959.0, 93974.0, 114824.0, 119391.0, 120892.0, 128240.0, 160622.0, 169611.0, 200845.0, 245973.0, 256281.0, 285704.0, 493829.0 
GO:0005515 MF 7.83e-06 878/1507 12418/29107 D02 protein binding                          81.0, 90.0, 91.0, 93.0, 148.0, 152.0, 187.0, 308.0, 317.0, 321.0, 334.0, 336.0, 351.0, 360.0, 390.0, 402.0, 406.0, 435.0, 463.0, 467.0, 475.0, 493.0, 571.0, 590.0, 593.0, 640.0, 644.0, 645.0, 675.0, 688.0, 706.0, 710.0, 715.0, 740.0, 775.0, 776.0, 779.0, 785.0, 824.0, 844.0, 865.0, 894.0, 896.0, 899.0, 921.0, 948.0, 958.0, 967.0, 975.0, 1012.0, 1039.0, 1060.0, 1116.0, 1131.0, 1152.0, 1192.0, 1272.0, 1282.0, 1284.0, 1314.0, 1318.0, 1337.0, 1363.0, 1428.0, 1434.0, 1435.0, 1495.0, 1540.0, 1604.0, 1620.0, 1635.0, 1656.0, 1659.0, 1690.0, 1729.0, 1739.0, 1774.0, 1802.0, 1805.0, 1806.0, 1809.0, 1816.0, 1896.0, 1942.0, 1947.0, 2002.0, 2009.0, 2014.0, 2023.0, 2035.0, 2043.0, 2081.0, 2099.0, 2100.0, 2104.0, 2115.0, 2181.0, 2199.0, 2239.0, 2262.0, 2275.0, 2281.0, 2316.0, 2519.0, 2537.0, 2542.0, 2584.0, 2644.0, 2650.0, 2736.0, 2740.0, 2770.0, 2771.0, 2774.0, 2785.0, 2787.0, 2885.0, 2922.0, 2923.0, 2941.0, 2947.0, 2948.0, 2950.0, 2956.0, 2978.0, 2983.0, 2997.0, 3006.0, 3014.0, 3059.0, 3074.0, 3082.0, 3111.0, 3134.0, 3151.0, 3241.0, 3280.0, 3309.0, 3428.0, 3476.0, 3482.0, 3488.0, 3489.0, 3491.0, 3547.0, 3566.0, 3568.0, 3574.0, 3598.0, 3611.0, 3628.0, 3633.0, 3656.0, 3675.0, 3676.0, 3702.0, 3703.0, 3716.0, 3725.0, 3727.0, 3739.0, 3768.0, 3801.0, 3913.0, 3925.0, 3959.0, 3987.0, 3993.0, 4001.0, 4004.0, 4013.0, 4018.0, 4072.0, 4088.0, 4093.0, 4152.0, 4171.0, 4214.0, 4215.0, 4217.0, 4232.0, 4258.0, 4297.0, 4430.0, 4436.0, 4534.0, 4637.0, 4645.0, 4747.0, 4752.0, 4807.0, 4828.0, 4835.0, 4842.0, 4856.0, 4925.0, 4926.0, 4927.0, 4986.0, 5025.0, 5027.0, 5033.0, 5034.0, 5050.0, 5058.0, 5092.0, 5116.0, 5125.0, 5126.0, 5129.0, 5155.0, 5164.0, 5194.0, 5243.0, 5252.0, 5257.0, 5293.0, 5300.0, 5314.0, 5332.0, 5341.0, 5393.0, 5394.0, 5395.0, 5480.0, 5522.0, 5563.0, 5595.0, 5597.0, 5606.0, 5621.0, 5627.0, 5634.0, 5663.0, 5714.0, 5727.0, 5740.0, 5746.0, 5787.0, 5793.0, 5796.0, 5801.0, 5818.0, 5829.0, 5832.0, 5859.0, 5902.0, 5908.0, 5918.0, 5931.0, 5950.0, 5954.0, 5966.0, 5985.0, 5987.0, 5995.0, 5998.0, 6098.0, 6118.0, 6188.0, 6252.0, 6277.0, 6314.0, 6330.0, 6340.0, 6383.0, 6387.0, 6447.0, 6464.0, 6510.0, 6580.0, 6595.0, 6610.0, 6624.0, 6645.0, 6646.0, 6662.0, 6671.0, 6709.0, 6711.0, 6746.0, 6764.0, 6770.0, 6778.0, 6815.0, 6836.0, 6839.0, 6890.0, 6936.0, 6938.0, 6941.0, 6988.0, 6999.0, 7003.0, 7004.0, 7025.0, 7026.0, 7036.0, 7049.0, 7060.0, 7068.0, 7070.0, 7075.0, 7077.0, 7105.0, 7112.0, 7125.0, 7127.0, 7170.0, 7171.0, 7188.0, 7189.0, 7253.0, 7286.0, 7295.0, 7374.0, 7389.0, 7399.0, 7403.0, 7405.0, 7408.0, 7414.0, 7421.0, 7422.0, 7433.0, 7442.0, 7444.0, 7465.0, 7466.0, 7472.0, 7473.0, 7480.0, 7494.0, 7533.0, 7565.0, 7582.0, 7804.0, 7846.0, 7857.0, 7913.0, 8165.0, 8208.0, 8218.0, 8237.0, 8349.0, 8350.0, 8396.0, 8407.0, 8462.0, 8480.0, 8491.0, 8493.0, 8528.0, 8550.0, 8563.0, 8601.0, 8618.0, 8626.0, 8633.0, 8646.0, 8654.0, 8659.0, 8727.0, 8728.0, 8739.0, 8761.0, 8773.0, 8825.0, 8826.0, 8835.0, 8837.0, 8870.0, 8871.0, 8880.0, 8938.0, 9128.0, 9143.0, 9144.0, 9168.0, 9172.0, 9184.0, 9185.0, 9223.0, 9231.0, 9244.0, 9246.0, 9261.0, 9319.0, 9342.0, 9349.0, 9353.0, 9362.0, 9391.0, 9451.0, 9473.0, 9495.0, 9508.0, 9577.0, 9586.0, 9619.0, 9637.0, 9643.0, 9645.0, 9656.0, 9667.0, 9686.0, 9699.0, 9732.0, 9734.0, 9737.0, 9759.0, 9783.0, 9830.0, 9846.0, 9860.0, 9901.0, 9915.0, 9961.0, 9984.0, 10007.0, 10019.0, 10044.0, 10105.0, 10154.0, 10159.0, 10203.0, 10204.0, 10207.0, 10241.0, 10266.0, 10293.0, 10383.0, 10385.0, 10392.0, 10420.0, 10443.0, 10449.0, 10456.0, 10459.0, 10469.0, 10491.0, 10497.0, 10580.0, 10603.0, 10606.0, 10656.0, 10675.0, 10681.0, 10763.0, 10769.0, 10772.0, 10801.0, 10865.0, 10897.0, 10956.0, 10957.0, 10974.0, 11075.0, 11096.0, 11098.0, 11102.0, 11119.0, 11155.0, 11170.0, 11177.0, 11243.0, 11258.0, 11261.0, 11311.0, 22854.0, 22913.0, 22976.0, 22986.0, 23002.0, 23016.0, 23026.0, 23075.0, 23077.0, 23085.0, 23089.0, 23107.0, 23129.0, 23131.0, 23239.0, 23250.0, 23254.0, 23284.0, 23318.0, 23353.0, 23365.0, 23371.0, 23428.0, 23438.0, 23456.0, 23462.0, 23499.0, 23564.0, 23580.0, 23607.0, 23616.0, 23643.0, 23671.0, 23677.0, 23678.0, 23705.0, 23762.0, 23787.0, 25818.0, 25825.0, 25850.0, 25862.0, 25895.0, 25921.0, 25923.0, 25941.0, 25962.0, 26002.0, 26007.0, 26011.0, 26037.0, 26064.0, 26086.0, 26232.0, 27020.0, 27031.0, 27044.0, 27065.0, 27095.0, 27106.0, 27165.0, 27246.0, 27289.0, 27300.0, 27324.0, 27335.0, 28952.0, 28976.0, 28978.0, 28992.0, 28996.0, 29028.0, 29109.0, 29115.0, 29117.0, 29761.0, 29775.0, 29781.0, 29841.0, 29906.0, 29937.0, 29945.0, 29980.0, 49854.0, 50508.0, 50807.0, 50848.0, 51010.0, 51056.0, 51061.0, 51078.0, 51094.0, 51155.0, 51170.0, 51177.0, 51246.0, 51255.0, 51280.0, 51361.0, 51374.0, 51375.0, 51399.0, 51421.0, 51440.0, 51447.0, 51458.0, 51477.0, 51495.0, 51522.0, 51538.0, 51596.0, 51604.0, 51617.0, 51660.0, 51668.0, 53407.0, 53826.0, 54407.0, 54520.0, 54550.0, 54551.0, 54704.0, 54707.0, 54780.0, 54815.0, 54842.0, 54843.0, 54873.0, 54886.0, 54920.0, 54930.0, 54935.0, 54946.0, 54961.0, 55005.0, 55014.0, 55023.0, 55033.0, 55055.0, 55081.0, 55090.0, 55108.0, 55120.0, 55177.0, 55190.0, 55224.0, 55249.0, 55315.0, 55437.0, 55508.0, 55509.0, 55532.0, 55604.0, 55608.0, 55616.0, 55651.0, 55715.0, 55728.0, 55733.0, 55769.0, 55775.0, 55831.0, 55833.0, 55897.0, 55901.0, 56474.0, 56521.0, 56650.0, 56672.0, 56829.0, 56915.0, 56924.0, 57146.0, 57184.0, 57185.0, 57216.0, 57222.0, 57326.0, 57508.0, 57536.0, 57556.0, 57584.0, 57616.0, 57669.0, 57690.0, 57713.0, 57715.0, 57758.0, 57761.0, 57820.0, 57862.0, 59286.0, 60559.0, 63875.0, 63932.0, 64175.0, 64219.0, 64425.0, 64859.0, 64975.0, 65059.0, 65062.0, 65125.0, 66008.0, 78986.0, 78990.0, 79000.0, 79022.0, 79083.0, 79155.0, 79188.0, 79611.0, 79633.0, 79726.0, 79812.0, 79834.0, 79837.0, 79902.0, 79980.0, 80005.0, 80019.0, 80183.0, 80321.0, 80345.0, 80704.0, 80709.0, 80723.0, 80824.0, 80851.0, 81493.0, 81567.0, 81605.0, 81617.0, 81619.0, 81790.0, 81794.0, 81888.0, 81932.0, 83452.0, 83604.0, 83660.0, 83786.0, 83862.0, 83937.0, 83989.0, 83990.0, 84033.0, 84153.0, 84193.0, 84196.0, 84217.0, 84236.0, 84310.0, 84324.0, 84332.0, 84445.0, 84465.0, 84513.0, 84515.0, 84623.0, 84696.0, 84708.0, 84816.0, 84867.0, 84889.0, 84894.0, 84958.0, 84959.0, 84978.0, 85369.0, 85439.0, 89765.0, 89876.0, 90141.0, 90410.0, 90701.0, 90874.0, 90987.0, 91156.0, 91522.0, 91523.0, 91607.0, 92370.0, 92609.0, 92906.0, 92960.0, 93099.0, 93974.0, 94233.0, 94241.0, 113146.0, 113444.0, 114800.0, 114824.0, 114826.0, 114884.0, 114898.0, 114928.0, 115024.0, 115708.0, 116028.0, 116113.0, 116228.0, 116369.0, 116496.0, 117177.0, 117583.0, 117584.0, 118429.0, 118881.0, 119391.0, 120224.0, 120892.0, 120939.0, 121256.0, 124359.0, 124925.0, 125061.0, 127255.0, 127665.0, 127845.0, 128240.0, 128674.0, 135112.0, 140609.0, 143686.0, 144165.0, 146212.0, 146760.0, 147372.0, 148534.0, 149345.0, 151963.0, 152404.0, 152940.0, 154881.0, 157378.0, 160428.0, 161198.0, 161502.0, 161882.0, 162989.0, 164684.0, 169834.0, 170685.0, 170954.0, 171177.0, 192668.0, 195814.0, 196996.0, 199920.0, 200845.0, 201161.0, 203068.0, 203111.0, 220108.0, 220202.0, 220965.0, 221421.0, 221955.0, 222234.0, 222389.0, 253314.0, 254887.0, 256281.0, 258010.0, 259217.0, 283165.0, 283310.0, 283383.0, 283985.0, 284076.0, 284129.0, 284348.0, 284656.0, 285386.0, 285533.0, 285704.0, 286205.0, 326624.0, 333926.0, 340419.0, 340527.0, 340719.0, 343263.0, 345079.0, 347902.0, 353322.0, 374946.0, 375033.0, 375035.0, 375484.0, 375567.0, 387496.0, 387911.0, 388335.0, 388403.0, 389119.0, 389524.0, 399665.0, 401494.0, 407738.0, 441250.0, 493829.0, 541468.0, 728116.0, 768211.0, 100528062.0, 118142757.0 
GO:0019901 MF 1.94e-05 47/1507   469/29107 D05 protein kinase binding                   390.0, 493.0, 894.0, 896.0, 1540.0, 1739.0, 2099.0, 2181.0, 2885.0, 2997.0, 3059.0, 3611.0, 3987.0, 4088.0, 4214.0, 4436.0, 5058.0, 5597.0, 5606.0, 5796.0, 5801.0, 5859.0, 5987.0, 6188.0, 6464.0, 7070.0, 7189.0, 7444.0, 8618.0, 8633.0, 8826.0, 9759.0, 9830.0, 9961.0, 27289.0, 51094.0, 54509.0, 55014.0, 55924.0, 57761.0, 65125.0, 79155.0, 84978.0, 85369.0, 94032.0, 117584.0, 389119.0 
GO:0019903 MF 3.25e-05 15/1507    86/29107 D05 protein phosphatase binding              2885.0, 3716.0, 4217.0, 5829.0, 6098.0, 6118.0, 6778.0, 8826.0, 9451.0, 9961.0, 23026.0, 29945.0, 55014.0, 140885.0, 199731.0 
GO:0031267 MF 4.72e-05 30/1507   258/29107 D05 small GTPase binding                     1434.0, 1729.0, 2316.0, 4645.0, 5058.0, 5902.0, 8826.0, 9699.0, 9732.0, 9783.0, 10204.0, 10497.0, 10788.0, 11078.0, 23002.0, 23077.0, 23085.0, 23580.0, 23677.0, 51555.0, 54843.0, 79083.0, 80223.0, 84958.0, 85369.0, 90410.0, 114793.0, 120892.0, 129049.0, 160622.0 
GO:0051015 MF 5.16e-05 26/1507   211/29107 D05 actin filament binding                   81.0, 1495.0, 2316.0, 3059.0, 4430.0, 4645.0, 6624.0, 6744.0, 7125.0, 7169.0, 7170.0, 7171.0, 8727.0, 8826.0, 9172.0, 10788.0, 11078.0, 23026.0, 23499.0, 29109.0, 55930.0, 64005.0, 83660.0, 84448.0, 114793.0, 283446.0 
GO:0005509 MF 9.35e-05 61/1507   704/29107 D05 calcium ion binding                      81.0, 308.0, 715.0, 824.0, 844.0, 1001.0, 1008.0, 1012.0, 1607.0, 1608.0, 2009.0, 2199.0, 2978.0, 3241.0, 3309.0, 4121.0, 4255.0, 4637.0, 4925.0, 5099.0, 5332.0, 5621.0, 5627.0, 5954.0, 6277.0, 6709.0, 7053.0, 7060.0, 7125.0, 7171.0, 7804.0, 8826.0, 8938.0, 9104.0, 9185.0, 9353.0, 9362.0, 9651.0, 10497.0, 11261.0, 23075.0, 23105.0, 23284.0, 23499.0, 23670.0, 28316.0, 51440.0, 54550.0, 55033.0, 57451.0, 57758.0, 79633.0, 89766.0, 90141.0, 91683.0, 114780.0, 147372.0, 340527.0, 388743.0, 728113.0, 118142757.0 
GO:0050839 MF 1.30e-04 12/1507    66/29107 D03 cell adhesion molecule binding           1363.0, 3676.0, 5818.0, 9369.0, 10178.0, 22854.0, 26011.0, 27020.0, 55714.0, 57451.0, 84033.0, 84623.0 
GO:0005178 MF 1.39e-04 19/1507   142/29107 D04 integrin binding                         81.0, 975.0, 3084.0, 3491.0, 3611.0, 3675.0, 3676.0, 3913.0, 4856.0, 5034.0, 6387.0, 7060.0, 7070.0, 7077.0, 9358.0, 11096.0, 50848.0, 83660.0, 84978.0 
GO:0004725 MF 1.92e-04 15/1507   100/29107 D07 protein tyrosine phosphatase activity    4534.0, 5793.0, 5796.0, 5801.0, 8776.0, 23371.0, 54935.0, 54961.0, 78986.0, 80824.0, 84867.0, 84959.0, 92609.0, 93492.0, 374462.0 
GO:0004984 MF 1.97e-06  1/1507   399/29107 D04 olfactory receptor activity              442191.0 
GO:1903231 MF 4.19e-05  1/1507   253/29107 D06 mRNA binding involved in posttranscriptional gene silencing 407975.0 
