GO:0006886 BP 4.87e-06  10/165   280/29107 D06 intracellular protein transport          2054.0, 5861.0, 5870.0, 6103.0, 9874.0, 10228.0, 10427.0, 23637.0, 26958.0, 63908.0 
GO:0007409 BP 5.55e-06   6/165    78/29107 D09 axonogenesis                             5781.0, 7155.0, 8301.0, 8609.0, 8650.0, 51761.0 
GO:0016020 CC 9.59e-07  36/165  2120/29107 D02 membrane                                 481.0, 1108.0, 2332.0, 2804.0, 3843.0, 3845.0, 4437.0, 4763.0, 5007.0, 5495.0, 5573.0, 5718.0, 5870.0, 5885.0, 5903.0, 6144.0, 6311.0, 6780.0, 6801.0, 7095.0, 7529.0, 8239.0, 8301.0, 8898.0, 8925.0, 9099.0, 9583.0, 9879.0, 23052.0, 23200.0, 23392.0, 54708.0, 55907.0, 64225.0, 64397.0, 64746.0 
GO:0005654 CC 1.12e-06  56/165  3805/29107 D02 nucleoplasm                              1108.0, 1263.0, 1316.0, 1859.0, 2332.0, 4205.0, 4331.0, 4437.0, 5007.0, 5422.0, 5500.0, 5596.0, 5601.0, 5718.0, 5781.0, 5885.0, 5903.0, 6599.0, 6733.0, 6873.0, 7155.0, 7270.0, 7342.0, 8609.0, 8731.0, 8932.0, 9031.0, 9099.0, 9874.0, 9879.0, 10048.0, 10116.0, 10228.0, 10541.0, 10762.0, 10771.0, 10813.0, 22828.0, 22927.0, 23253.0, 23301.0, 23392.0, 23414.0, 27336.0, 29966.0, 51761.0, 55197.0, 55907.0, 57466.0, 64326.0, 65986.0, 80013.0, 80314.0, 92597.0, 340533.0, 348654.0 
GO:0005829 CC 1.28e-06  74/165  5295/29107 D02 cytosol                                  829.0, 1316.0, 2332.0, 2744.0, 2804.0, 3845.0, 4205.0, 4591.0, 4763.0, 5007.0, 5110.0, 5422.0, 5495.0, 5500.0, 5573.0, 5596.0, 5601.0, 5718.0, 5781.0, 5861.0, 5870.0, 5885.0, 5903.0, 5906.0, 6144.0, 6311.0, 6733.0, 6780.0, 6801.0, 7155.0, 7172.0, 7270.0, 7342.0, 7529.0, 7812.0, 8239.0, 8287.0, 8301.0, 8439.0, 8609.0, 8883.0, 8898.0, 8925.0, 8932.0, 9372.0, 9736.0, 10048.0, 10116.0, 10144.0, 10152.0, 10221.0, 10228.0, 10260.0, 10427.0, 10813.0, 11127.0, 11171.0, 22927.0, 23052.0, 23253.0, 23301.0, 23637.0, 26958.0, 55854.0, 57162.0, 57718.0, 57826.0, 60684.0, 64326.0, 64397.0, 79657.0, 92597.0, 253943.0, 340533.0 
GO:0005737 CC 1.91e-06  53/165  4681/29107 D02 cytoplasm                                1108.0, 1263.0, 1859.0, 2332.0, 3843.0, 3845.0, 4591.0, 4763.0, 5007.0, 5110.0, 5334.0, 5500.0, 5573.0, 5596.0, 5601.0, 5718.0, 5781.0, 5903.0, 5906.0, 6311.0, 6599.0, 6733.0, 6780.0, 7529.0, 7976.0, 8239.0, 8287.0, 8439.0, 8650.0, 8883.0, 8898.0, 8925.0, 9099.0, 9472.0, 10048.0, 10116.0, 10152.0, 10221.0, 10487.0, 10541.0, 11171.0, 22828.0, 22927.0, 23414.0, 50804.0, 54462.0, 57718.0, 57826.0, 81606.0, 92597.0, 253943.0, 253959.0, 552889.0 
GO:0005634 CC 2.42e-06  62/165  5368/29107 D05 nucleus                                  1263.0, 1316.0, 1859.0, 2332.0, 3419.0, 3843.0, 4205.0, 4437.0, 4763.0, 5422.0, 5495.0, 5500.0, 5596.0, 5601.0, 5781.0, 6599.0, 6733.0, 7155.0, 7270.0, 7342.0, 7529.0, 7699.0, 8239.0, 8287.0, 8301.0, 8609.0, 8650.0, 8731.0, 8898.0, 8932.0, 9736.0, 9874.0, 9879.0, 10048.0, 10116.0, 10152.0, 10221.0, 10260.0, 10463.0, 10541.0, 10771.0, 11171.0, 22828.0, 22927.0, 23392.0, 23414.0, 27336.0, 50804.0, 55132.0, 55854.0, 55907.0, 57162.0, 57466.0, 65986.0, 80314.0, 81606.0, 92597.0, 112942.0, 144348.0, 253959.0, 266812.0, 340533.0 
GO:0010494 CC 4.77e-06   6/165    76/29107 D07 cytoplasmic stress granule               2332.0, 6311.0, 6780.0, 7812.0, 22927.0, 253943.0 
GO:0005794 CC 1.38e-05  18/165   988/29107 D05 Golgi apparatus                          2804.0, 5007.0, 5861.0, 5870.0, 6103.0, 6311.0, 7812.0, 8301.0, 8925.0, 9583.0, 10228.0, 10447.0, 22927.0, 29966.0, 51761.0, 55681.0, 60684.0, 64746.0 
GO:0005730 CC 1.40e-05  20/165  1187/29107 D05 nucleolus                                1263.0, 1316.0, 2332.0, 2483.0, 3843.0, 4763.0, 5007.0, 5422.0, 5495.0, 5500.0, 6733.0, 7155.0, 7270.0, 10541.0, 10813.0, 22927.0, 64397.0, 92597.0, 767590.0, 767592.0 
GO:0005769 CC 2.38e-05   9/165   268/29107 D08 early endosome                           5861.0, 5906.0, 8301.0, 8650.0, 9372.0, 10228.0, 22876.0, 23200.0, 23392.0 
GO:0030425 CC 3.12e-05  11/165   422/29107 D05 dendrite                                 1263.0, 1859.0, 2332.0, 4763.0, 6780.0, 6801.0, 7976.0, 8898.0, 22876.0, 29966.0, 57282.0 
GO:0070381 CC 3.19e-05   2/165     2/29107 D09 endosome to plasma membrane transport vesicle 5870.0, 8301.0 
GO:0043025 CC 3.77e-05  10/165   355/29107 D03 neuronal cell body                       1263.0, 2332.0, 6780.0, 6801.0, 7976.0, 8301.0, 22876.0, 29966.0, 57282.0, 81488.0 
GO:0032433 CC 1.15e-04   3/165    17/29107 D02 filopodium tip                           2332.0, 7976.0, 10152.0 
GO:0005774 CC 1.90e-04   3/165    20/29107 D05 vacuolar membrane                        7529.0, 8898.0, 63908.0 
GO:0090443 CC 1.90e-04   2/165     4/29107 D02 FAR/SIN/STRIPAK complex                  6801.0, 29966.0 
GO:0030136 CC 4.30e-04   4/165    62/29107 D08 clathrin-coated vesicle                  8301.0, 8650.0, 10228.0, 55681.0 
GO:0003723 MF 1.13e-06  24/165  1388/29107 D04 RNA binding                              2332.0, 2483.0, 2804.0, 3843.0, 5903.0, 6103.0, 6144.0, 6311.0, 6733.0, 6780.0, 7812.0, 8731.0, 9879.0, 10813.0, 11171.0, 22828.0, 22927.0, 27336.0, 50804.0, 55132.0, 55854.0, 57466.0, 64397.0, 253943.0 
GO:0005515 MF 2.51e-06 124/165 12418/29107 D02 protein binding                          481.0, 483.0, 829.0, 1108.0, 1263.0, 1316.0, 1859.0, 2054.0, 2332.0, 2483.0, 2744.0, 2804.0, 3419.0, 3487.0, 3843.0, 3845.0, 4205.0, 4293.0, 4331.0, 4437.0, 4591.0, 4716.0, 4724.0, 4763.0, 5007.0, 5110.0, 5422.0, 5495.0, 5500.0, 5573.0, 5596.0, 5601.0, 5718.0, 5781.0, 5861.0, 5870.0, 5885.0, 5898.0, 5903.0, 5906.0, 6103.0, 6144.0, 6311.0, 6599.0, 6733.0, 6780.0, 6801.0, 6873.0, 7172.0, 7270.0, 7342.0, 7529.0, 7699.0, 7812.0, 7976.0, 8239.0, 8301.0, 8439.0, 8650.0, 8731.0, 8883.0, 8898.0, 8932.0, 9031.0, 9099.0, 9372.0, 9472.0, 9736.0, 9874.0, 10048.0, 10116.0, 10152.0, 10221.0, 10228.0, 10260.0, 10427.0, 10447.0, 10487.0, 10541.0, 10762.0, 10771.0, 10813.0, 11127.0, 11171.0, 22828.0, 22876.0, 22927.0, 23052.0, 23200.0, 23392.0, 23414.0, 23637.0, 25831.0, 29966.0, 51101.0, 51761.0, 54708.0, 55132.0, 55197.0, 55681.0, 55854.0, 56204.0, 57162.0, 57718.0, 57826.0, 60684.0, 63908.0, 64225.0, 64326.0, 64746.0, 65986.0, 79657.0, 80013.0, 80314.0, 81606.0, 92597.0, 112942.0, 144348.0, 148789.0, 170384.0, 253943.0, 266812.0, 408263.0, 552889.0 
GO:0003925 MF 2.71e-06   5/165    39/29107 D08 G protein activity                       3845.0, 5861.0, 5898.0, 5906.0, 57826.0 
GO:0031267 MF 1.77e-05   9/165   258/29107 D05 small GTPase binding                     3843.0, 5903.0, 5906.0, 8301.0, 10048.0, 10152.0, 11127.0, 23637.0, 29966.0 
