GO:0042391 BP 3.59e-07 28/1933    98/29107 D03 regulation of membrane potential         40.0, 88.0, 1134.0, 1135.0, 1139.0, 1140.0, 2554.0, 2560.0, 2561.0, 2566.0, 2567.0, 3736.0, 3741.0, 3767.0, 3799.0, 4734.0, 8671.0, 8912.0, 10021.0, 22999.0, 23327.0, 27133.0, 29098.0, 55879.0, 89832.0, 90134.0, 149111.0, 254263.0 
GO:0051056 BP 4.54e-07 26/1933   115/29107 D07 regulation of small GTPase mediated signal transduction 1123.0, 1124.0, 4650.0, 5924.0, 6453.0, 7074.0, 7204.0, 8997.0, 9743.0, 9824.0, 9912.0, 10276.0, 10451.0, 10928.0, 11214.0, 23229.0, 23380.0, 26230.0, 51306.0, 55843.0, 57148.0, 57186.0, 57569.0, 80728.0, 93663.0, 115557.0 
GO:0007417 BP 1.23e-06 26/1933   138/29107 D04 central nervous system development       40.0, 411.0, 686.0, 1404.0, 1462.0, 1821.0, 4520.0, 4808.0, 5071.0, 5455.0, 6092.0, 6457.0, 6789.0, 7204.0, 7915.0, 8690.0, 8745.0, 8892.0, 8997.0, 9201.0, 10787.0, 25806.0, 50674.0, 53358.0, 54221.0, 56034.0 
GO:0071805 BP 1.40e-06 24/1933   122/29107 D08 potassium ion transmembrane transport    3736.0, 3737.0, 3741.0, 3759.0, 3767.0, 3776.0, 3781.0, 3786.0, 3787.0, 6549.0, 6553.0, 6616.0, 7881.0, 9196.0, 9312.0, 10021.0, 10242.0, 10479.0, 27133.0, 51305.0, 56479.0, 57419.0, 90134.0, 219527.0 
GO:0007156 BP 1.56e-06 29/1933   166/29107 D05 homophilic cell adhesion via plasma membrane adhesion molecules 1006.0, 2195.0, 3688.0, 6091.0, 6092.0, 11122.0, 29930.0, 51294.0, 54549.0, 54660.0, 56114.0, 56121.0, 56122.0, 56123.0, 56124.0, 56126.0, 56127.0, 56129.0, 56142.0, 56143.0, 56144.0, 57463.0, 57575.0, 57717.0, 64084.0, 65217.0, 120114.0, 133418.0, 221935.0 
GO:0006468 BP 1.60e-06 63/1933   459/29107 D07 protein phosphorylation                  157.0, 657.0, 814.0, 815.0, 1020.0, 1024.0, 1147.0, 1385.0, 1612.0, 2260.0, 2764.0, 2868.0, 2872.0, 3932.0, 4139.0, 5165.0, 5218.0, 5255.0, 5532.0, 5562.0, 5578.0, 5581.0, 5582.0, 5602.0, 5754.0, 6482.0, 6789.0, 6792.0, 7204.0, 7474.0, 8445.0, 8476.0, 8569.0, 8844.0, 8895.0, 8997.0, 9175.0, 9201.0, 9262.0, 9641.0, 9891.0, 9943.0, 9989.0, 10000.0, 10645.0, 10783.0, 11040.0, 11214.0, 22853.0, 23043.0, 23531.0, 26750.0, 27347.0, 30849.0, 51347.0, 51765.0, 54986.0, 79858.0, 80216.0, 83939.0, 91807.0, 149420.0, 204851.0 
GO:0000226 BP 1.63e-06 24/1933   123/29107 D06 microtubule cytoskeleton organization    585.0, 1020.0, 3796.0, 4134.0, 4139.0, 4281.0, 6760.0, 8851.0, 23093.0, 23116.0, 25809.0, 27185.0, 27436.0, 51143.0, 54986.0, 55779.0, 79739.0, 79929.0, 83987.0, 146057.0, 150465.0, 164395.0, 219899.0, 256364.0 
GO:0007268 BP 1.77e-06 40/1933   245/29107 D07 chemical synaptic transmission           40.0, 273.0, 773.0, 783.0, 1020.0, 1132.0, 1134.0, 1135.0, 1139.0, 1140.0, 1837.0, 2554.0, 2560.0, 2561.0, 2566.0, 2567.0, 2890.0, 2891.0, 2913.0, 3363.0, 3736.0, 3786.0, 4923.0, 5582.0, 5913.0, 6386.0, 6616.0, 9607.0, 9990.0, 10052.0, 22987.0, 55879.0, 56122.0, 56123.0, 56126.0, 56127.0, 57717.0, 89832.0, 341359.0, 440279.0 
GO:0034220 BP 1.88e-06 26/1933   141/29107 D05 ion transmembrane transport              309.0, 1134.0, 1135.0, 1139.0, 1140.0, 1183.0, 1184.0, 2554.0, 2560.0, 2561.0, 2566.0, 2567.0, 2890.0, 2891.0, 2892.0, 2895.0, 5205.0, 10052.0, 23327.0, 27032.0, 55879.0, 57194.0, 57205.0, 79838.0, 79905.0, 89832.0 
GO:0035556 BP 2.32e-06 55/1933   402/29107 D05 intracellular signal transduction        115.0, 323.0, 814.0, 868.0, 1123.0, 1124.0, 1612.0, 2872.0, 2977.0, 3932.0, 4139.0, 5562.0, 5578.0, 5581.0, 5582.0, 5602.0, 5921.0, 6386.0, 6453.0, 6760.0, 6789.0, 8476.0, 8526.0, 8569.0, 8874.0, 8997.0, 9162.0, 9201.0, 9262.0, 9306.0, 9891.0, 9943.0, 10000.0, 10009.0, 10276.0, 10278.0, 10718.0, 11214.0, 23043.0, 23426.0, 27347.0, 51347.0, 51665.0, 53358.0, 55824.0, 55884.0, 56776.0, 79858.0, 139189.0, 151556.0, 160851.0, 200576.0, 341019.0, 342667.0, 440279.0 
GO:0015031 BP 3.05e-06 49/1933   357/29107 D05 protein transport                        585.0, 1063.0, 1069.0, 2060.0, 4036.0, 6453.0, 8658.0, 8724.0, 9135.0, 9515.0, 9873.0, 9980.0, 10254.0, 10267.0, 10268.0, 10565.0, 10807.0, 11015.0, 11336.0, 23041.0, 23299.0, 23317.0, 27252.0, 51534.0, 51652.0, 51808.0, 54497.0, 55153.0, 55212.0, 55297.0, 55435.0, 55763.0, 56648.0, 56776.0, 56907.0, 57182.0, 64689.0, 79023.0, 79719.0, 84971.0, 89853.0, 90355.0, 93343.0, 112574.0, 113402.0, 115201.0, 157680.0, 163486.0, 404636.0 
GO:0006357 BP 4.00e-06 160/1933  1600/29107 D10 regulation of transcription by RNA polymerase II 367.0, 672.0, 1385.0, 1398.0, 1523.0, 1602.0, 1655.0, 1831.0, 1871.0, 1958.0, 2302.0, 3065.0, 3097.0, 3131.0, 3624.0, 3660.0, 4092.0, 4211.0, 4306.0, 4487.0, 4520.0, 4610.0, 4761.0, 4780.0, 4790.0, 4808.0, 4824.0, 5087.0, 5453.0, 5455.0, 5463.0, 5468.0, 5629.0, 5813.0, 5991.0, 5993.0, 6239.0, 6256.0, 6258.0, 6297.0, 6603.0, 6773.0, 6925.0, 6943.0, 7024.0, 7071.0, 7290.0, 7581.0, 7589.0, 7592.0, 7643.0, 7675.0, 7678.0, 7702.0, 7711.0, 7716.0, 7733.0, 7766.0, 7776.0, 8019.0, 8464.0, 8725.0, 9310.0, 9516.0, 9575.0, 9678.0, 9705.0, 9753.0, 9760.0, 9839.0, 10009.0, 10336.0, 10472.0, 10474.0, 10553.0, 10664.0, 10716.0, 10773.0, 11278.0, 22834.0, 22882.0, 23040.0, 23051.0, 23261.0, 25806.0, 26137.0, 26574.0, 27086.0, 27107.0, 27319.0, 29942.0, 30832.0, 50674.0, 51341.0, 51621.0, 53335.0, 54753.0, 55212.0, 55502.0, 55806.0, 55888.0, 56242.0, 56977.0, 57491.0, 57492.0, 57621.0, 57693.0, 58491.0, 63973.0, 63974.0, 64764.0, 64919.0, 79177.0, 79809.0, 79891.0, 79898.0, 80317.0, 80853.0, 81566.0, 84449.0, 84547.0, 84765.0, 90485.0, 90592.0, 90665.0, 91120.0, 92285.0, 121274.0, 122953.0, 126017.0, 127396.0, 128553.0, 140612.0, 146050.0, 147947.0, 147949.0, 148156.0, 148206.0, 155061.0, 162239.0, 163131.0, 168544.0, 169841.0, 199692.0, 199777.0, 201501.0, 220929.0, 253639.0, 254065.0, 283078.0, 284323.0, 284370.0, 285268.0, 339500.0, 342357.0, 342892.0, 359948.0, 388566.0, 442319.0, 642819.0 
GO:0007165 BP 4.05e-06 115/1933  1063/29107 D04 signal transduction                      115.0, 157.0, 214.0, 238.0, 286.0, 367.0, 734.0, 814.0, 868.0, 1040.0, 1114.0, 1132.0, 1134.0, 1135.0, 1139.0, 1140.0, 1385.0, 1398.0, 1796.0, 1837.0, 1839.0, 2065.0, 2200.0, 2254.0, 2554.0, 2560.0, 2561.0, 2566.0, 2567.0, 2764.0, 2868.0, 2890.0, 2891.0, 2977.0, 3612.0, 3631.0, 3705.0, 3708.0, 4306.0, 4354.0, 4660.0, 4900.0, 4922.0, 4935.0, 5136.0, 5140.0, 5142.0, 5152.0, 5468.0, 5532.0, 5562.0, 5581.0, 5602.0, 5754.0, 5915.0, 5921.0, 5923.0, 6457.0, 6789.0, 7187.0, 7434.0, 8027.0, 8440.0, 8829.0, 8844.0, 8862.0, 8874.0, 8997.0, 9135.0, 9308.0, 9462.0, 9575.0, 9607.0, 9630.0, 9824.0, 9863.0, 9912.0, 9943.0, 9989.0, 10000.0, 10010.0, 10254.0, 10276.0, 10486.0, 10527.0, 10602.0, 10846.0, 11122.0, 11197.0, 11216.0, 23380.0, 26060.0, 26207.0, 26750.0, 27347.0, 29126.0, 29967.0, 51306.0, 54874.0, 55379.0, 55824.0, 55843.0, 55879.0, 57446.0, 57569.0, 64399.0, 65009.0, 80728.0, 83478.0, 89832.0, 113828.0, 143872.0, 252995.0, 257068.0, 348094.0 
GO:2000650 BP 6.00e-06  6/1933     9/29107 D10 negative regulation of sodium ion transmembrane transporter activity 4734.0, 5581.0, 23072.0, 23327.0, 27347.0, 57520.0 
GO:0032801 BP 6.77e-06  7/1933    13/29107 D06 receptor catabolic process               1020.0, 4734.0, 5641.0, 30849.0, 51100.0, 57154.0, 93343.0 
GO:0035249 BP 7.06e-06 10/1933    28/29107 D08 synaptic transmission, glutamatergic     1006.0, 1020.0, 1182.0, 2891.0, 2895.0, 5071.0, 57679.0, 149111.0, 254263.0, 440279.0 
GO:0007399 BP 1.46e-05 43/1933   324/29107 D04 nervous system development               324.0, 338.0, 2065.0, 2674.0, 2764.0, 3624.0, 3796.0, 4548.0, 4761.0, 4900.0, 5813.0, 6091.0, 6310.0, 6334.0, 6925.0, 7224.0, 8874.0, 8997.0, 9201.0, 9241.0, 9839.0, 9863.0, 10586.0, 23040.0, 23230.0, 50674.0, 51057.0, 54715.0, 55704.0, 55777.0, 55800.0, 56121.0, 56124.0, 56142.0, 56143.0, 56144.0, 57211.0, 57492.0, 79739.0, 81544.0, 84059.0, 84750.0, 647135.0 
GO:0007155 BP 1.97e-05 58/1933   488/29107 D02 cell adhesion                            88.0, 214.0, 324.0, 667.0, 1006.0, 1291.0, 1404.0, 1462.0, 1948.0, 2195.0, 3680.0, 3688.0, 3908.0, 4240.0, 4628.0, 4978.0, 5420.0, 5578.0, 5581.0, 5754.0, 6091.0, 6094.0, 6324.0, 8038.0, 8745.0, 8828.0, 9486.0, 9750.0, 9891.0, 10278.0, 10669.0, 10686.0, 11122.0, 23037.0, 26032.0, 26047.0, 26574.0, 29930.0, 50863.0, 50937.0, 51294.0, 54660.0, 56114.0, 56121.0, 56122.0, 56123.0, 56124.0, 56126.0, 56127.0, 56129.0, 56142.0, 56143.0, 56144.0, 57575.0, 57717.0, 65217.0, 84929.0, 117178.0 
GO:0050877 BP 2.06e-05 13/1933    51/29107 D03 nervous system process                   1134.0, 1135.0, 1139.0, 1140.0, 2554.0, 2560.0, 2561.0, 2566.0, 2567.0, 3767.0, 55879.0, 84059.0, 89832.0 
GO:0016567 BP 2.27e-05 56/1933   471/29107 D09 protein ubiquitination                   373.0, 672.0, 868.0, 4734.0, 4761.0, 4780.0, 5071.0, 6049.0, 6596.0, 6737.0, 6992.0, 7336.0, 7681.0, 9306.0, 9870.0, 10206.0, 11043.0, 11275.0, 22954.0, 23024.0, 23072.0, 23087.0, 23327.0, 25893.0, 26260.0, 27252.0, 51434.0, 51619.0, 51665.0, 54492.0, 54765.0, 55070.0, 55223.0, 55827.0, 55832.0, 55884.0, 55975.0, 56929.0, 56995.0, 57154.0, 57520.0, 57563.0, 64750.0, 79018.0, 80067.0, 84085.0, 84900.0, 90293.0, 114804.0, 143279.0, 220441.0, 221687.0, 254170.0, 283450.0, 339451.0, 339745.0 
GO:0007420 BP 3.16e-05 34/1933   237/29107 D04 brain development                        107.0, 357.0, 637.0, 2302.0, 3176.0, 3208.0, 4211.0, 5087.0, 5463.0, 5530.0, 5629.0, 5999.0, 6092.0, 6310.0, 6453.0, 6594.0, 7360.0, 7881.0, 8516.0, 8851.0, 8867.0, 10063.0, 10100.0, 10716.0, 10991.0, 23054.0, 26047.0, 51506.0, 55212.0, 57463.0, 65009.0, 83992.0, 166378.0, 339451.0 
GO:0001822 BP 4.50e-05 20/1933   112/29107 D04 kidney development                       445.0, 1063.0, 4036.0, 5471.0, 5629.0, 5754.0, 6943.0, 7474.0, 8100.0, 8516.0, 8772.0, 8854.0, 9510.0, 11174.0, 25976.0, 51057.0, 56603.0, 79659.0, 80114.0, 221322.0 
GO:0060271 BP 4.74e-05 30/1933   204/29107 D07 cilium assembly                          585.0, 2302.0, 5991.0, 8100.0, 8481.0, 10096.0, 22873.0, 27185.0, 28981.0, 51057.0, 54874.0, 55212.0, 55779.0, 57539.0, 57562.0, 79659.0, 80216.0, 80776.0, 84100.0, 85478.0, 90355.0, 91147.0, 117178.0, 125488.0, 127733.0, 132320.0, 146057.0, 146845.0, 200728.0, 257236.0 
GO:0090630 BP 6.63e-05 20/1933   115/29107 D07 activation of GTPase activity            1398.0, 2302.0, 5923.0, 7074.0, 7474.0, 9712.0, 9779.0, 9910.0, 11138.0, 23158.0, 23329.0, 26084.0, 26230.0, 55920.0, 57148.0, 57186.0, 57533.0, 83478.0, 125058.0, 143872.0 
GO:0000122 BP 6.81e-05 90/1933   890/29107 D11 negative regulation of transcription by RNA polymerase II 142.0, 323.0, 367.0, 1523.0, 1602.0, 1655.0, 1958.0, 2302.0, 3065.0, 3516.0, 3660.0, 4092.0, 4487.0, 4790.0, 5071.0, 5463.0, 5465.0, 5468.0, 5602.0, 5629.0, 5771.0, 5813.0, 5828.0, 5915.0, 5993.0, 6239.0, 6256.0, 6310.0, 6386.0, 6498.0, 6656.0, 6943.0, 7071.0, 7091.0, 7321.0, 7678.0, 7733.0, 8535.0, 8725.0, 9139.0, 9219.0, 9241.0, 9839.0, 10009.0, 10468.0, 10472.0, 10614.0, 10664.0, 10773.0, 11107.0, 11278.0, 22849.0, 22882.0, 23040.0, 23405.0, 23429.0, 23528.0, 25806.0, 25855.0, 26137.0, 27086.0, 29997.0, 50674.0, 51341.0, 53335.0, 55079.0, 55502.0, 55729.0, 55841.0, 56940.0, 56950.0, 57621.0, 64324.0, 64412.0, 64750.0, 79648.0, 80317.0, 84174.0, 84312.0, 84524.0, 84934.0, 96459.0, 122953.0, 127396.0, 148156.0, 155061.0, 169841.0, 253639.0, 359948.0, 642819.0 
GO:0045600 BP 8.08e-05 12/1933    50/29107 D06 positive regulation of fat cell differentiation 1040.0, 1385.0, 4023.0, 4041.0, 5468.0, 6789.0, 11197.0, 55252.0, 55885.0, 83643.0, 169200.0, 201501.0 
GO:0048013 BP 8.08e-05 12/1933    50/29107 D08 ephrin receptor signaling pathway        1123.0, 1398.0, 1948.0, 2044.0, 2049.0, 5921.0, 6760.0, 7074.0, 8440.0, 8851.0, 8874.0, 8997.0 
GO:0035610 BP 9.18e-05  4/1933     5/29107 D10 protein side chain deglutamylation       23287.0, 84871.0, 123624.0, 340351.0 
GO:0008038 BP 9.18e-05  4/1933     5/29107 D03 neuron recognition                       4978.0, 26047.0, 50863.0, 51294.0 
GO:0072659 BP 1.06e-04 24/1933   154/29107 D06 protein localization to plasma membrane  88.0, 286.0, 783.0, 5865.0, 8631.0, 9312.0, 9847.0, 10267.0, 10268.0, 10484.0, 10627.0, 23043.0, 23136.0, 23555.0, 55800.0, 57154.0, 57512.0, 57628.0, 84668.0, 85409.0, 112609.0, 115548.0, 283576.0, 340348.0 
GO:0046777 BP 1.11e-04 26/1933   176/29107 D08 protein autophosphorylation              238.0, 814.0, 815.0, 1020.0, 1612.0, 2049.0, 2260.0, 2872.0, 5582.0, 6789.0, 6792.0, 8569.0, 9175.0, 9262.0, 9943.0, 10553.0, 10645.0, 10783.0, 11040.0, 22853.0, 23043.0, 27102.0, 27347.0, 51347.0, 51765.0, 57396.0 
GO:0007413 BP 1.39e-04  7/1933    19/29107 D08 axonal fasciculation                     2049.0, 4685.0, 8829.0, 8851.0, 27242.0, 55079.0, 57463.0 
GO:0000209 BP 1.42e-04 24/1933   158/29107 D10 protein polyubiquitination               642.0, 1161.0, 4734.0, 5071.0, 6737.0, 7321.0, 7325.0, 7336.0, 7681.0, 8658.0, 9870.0, 22954.0, 23072.0, 23327.0, 23328.0, 51283.0, 51619.0, 54467.0, 55585.0, 57154.0, 57520.0, 64750.0, 80351.0, 131405.0 
GO:0050911 BP 2.25e-06  2/1933   401/29107 D05 detection of chemical stimulus involved in sensory perception of smell 26693.0, 343171.0 
GO:0035195 BP 2.67e-06  4/1933   557/29107 D10 gene silencing by miRNA                  574444.0, 693127.0, 693154.0, 693166.0 
GO:0006396 BP 1.05e-04 10/1933   423/29107 D07 RNA processing                           104.0, 636.0, 1996.0, 3185.0, 4857.0, 5937.0, 6310.0, 130951.0, 677679.0, 677832.0 
GO:0008076 CC 4.72e-07 19/1933    77/29107 D07 voltage-gated potassium channel complex  801.0, 805.0, 3736.0, 3737.0, 3741.0, 3759.0, 3761.0, 3763.0, 3776.0, 3786.0, 3787.0, 7881.0, 9196.0, 9312.0, 10242.0, 26047.0, 56479.0, 57628.0, 219527.0 
GO:0036064 CC 5.43e-07 30/1933   158/29107 D03 ciliary basal body                       585.0, 1063.0, 1069.0, 6792.0, 8100.0, 8481.0, 10807.0, 22873.0, 23116.0, 23329.0, 25809.0, 27185.0, 28981.0, 51626.0, 55212.0, 55704.0, 57489.0, 57539.0, 80127.0, 80776.0, 84871.0, 85478.0, 92104.0, 92565.0, 117178.0, 128344.0, 146057.0, 150737.0, 164395.0, 257236.0 
GO:0043197 CC 5.43e-07 35/1933   158/29107 D06 dendritic spine                          40.0, 88.0, 793.0, 815.0, 1410.0, 2890.0, 2891.0, 2892.0, 2895.0, 2913.0, 3688.0, 3759.0, 3781.0, 3908.0, 4734.0, 4923.0, 5142.0, 5501.0, 5530.0, 6453.0, 7074.0, 8851.0, 9026.0, 9162.0, 9743.0, 9758.0, 9912.0, 10160.0, 22895.0, 55619.0, 57679.0, 64101.0, 83992.0, 91752.0, 254263.0 
GO:0031901 CC 5.63e-07 31/1933   167/29107 D07 early endosome membrane                  538.0, 1182.0, 1183.0, 2060.0, 2890.0, 3631.0, 6457.0, 6643.0, 6653.0, 8027.0, 8724.0, 9135.0, 9856.0, 9980.0, 10254.0, 10479.0, 23041.0, 23317.0, 26060.0, 29126.0, 55283.0, 55920.0, 56674.0, 56937.0, 64089.0, 79803.0, 81615.0, 114880.0, 123745.0, 134829.0, 200576.0 
GO:0098978 CC 1.06e-06 58/1933   332/29107 D04 glutamatergic synapse                    88.0, 107.0, 793.0, 814.0, 1006.0, 1020.0, 1182.0, 1741.0, 1821.0, 1948.0, 1996.0, 2060.0, 2890.0, 2895.0, 2913.0, 3208.0, 3312.0, 3688.0, 3736.0, 3838.0, 4900.0, 5501.0, 5530.0, 5532.0, 5602.0, 5813.0, 6453.0, 6457.0, 6616.0, 6792.0, 7074.0, 7474.0, 7476.0, 8322.0, 8526.0, 8745.0, 8828.0, 8829.0, 9912.0, 10109.0, 10160.0, 10718.0, 11252.0, 23043.0, 23426.0, 23767.0, 27445.0, 57460.0, 64084.0, 64101.0, 64854.0, 80728.0, 83992.0, 84631.0, 145581.0, 254263.0, 401190.0, 729993.0 
GO:0045202 CC 1.54e-06 58/1933   405/29107 D03 synapse                                  104.0, 323.0, 773.0, 793.0, 1124.0, 1132.0, 1134.0, 1135.0, 1139.0, 1140.0, 1404.0, 1615.0, 1756.0, 1837.0, 1838.0, 2554.0, 2560.0, 2561.0, 2566.0, 2567.0, 2895.0, 3363.0, 3736.0, 3786.0, 6125.0, 6386.0, 6640.0, 7074.0, 8567.0, 9162.0, 9607.0, 9863.0, 9990.0, 10052.0, 10590.0, 22849.0, 22895.0, 26230.0, 27445.0, 30011.0, 54549.0, 55879.0, 56122.0, 56123.0, 56126.0, 56127.0, 57717.0, 65217.0, 84059.0, 89832.0, 130574.0, 132864.0, 133418.0, 149111.0, 221935.0, 254263.0, 341359.0, 729993.0 
GO:0014069 CC 1.88e-06 49/1933   247/29107 D04 postsynaptic density                     538.0, 664.0, 815.0, 832.0, 1020.0, 1410.0, 1821.0, 1838.0, 2890.0, 2891.0, 2913.0, 3631.0, 3708.0, 4900.0, 5071.0, 5142.0, 5582.0, 6128.0, 6129.0, 6169.0, 6175.0, 8440.0, 8516.0, 8661.0, 8851.0, 9026.0, 9162.0, 9201.0, 9478.0, 9743.0, 9863.0, 9912.0, 10486.0, 10611.0, 22849.0, 23229.0, 23380.0, 23426.0, 27185.0, 27445.0, 53335.0, 57554.0, 57679.0, 59283.0, 254263.0, 339451.0, 440829.0, 642938.0, 729993.0 
GO:0005813 CC 2.19e-06 67/1933   528/29107 D03 centrosome                               324.0, 585.0, 636.0, 801.0, 805.0, 1063.0, 1069.0, 1075.0, 1778.0, 3176.0, 3796.0, 4092.0, 4780.0, 4957.0, 5142.0, 5913.0, 6017.0, 6792.0, 8100.0, 8481.0, 8874.0, 9493.0, 9659.0, 10190.0, 10783.0, 10807.0, 22873.0, 22948.0, 23093.0, 23299.0, 27185.0, 28981.0, 29899.0, 50618.0, 51143.0, 51626.0, 51808.0, 54627.0, 54970.0, 55125.0, 55212.0, 55704.0, 56259.0, 57489.0, 57539.0, 57554.0, 57562.0, 57606.0, 57679.0, 64770.0, 64771.0, 79598.0, 79858.0, 80216.0, 80776.0, 80817.0, 83987.0, 84084.0, 84934.0, 91147.0, 93343.0, 93594.0, 132320.0, 163786.0, 204851.0, 219736.0, 440145.0 
GO:0005856 CC 2.25e-06 58/1933   401/29107 D05 cytoskeleton                             88.0, 230.0, 286.0, 357.0, 636.0, 800.0, 832.0, 1756.0, 1996.0, 4139.0, 4660.0, 4771.0, 5493.0, 5501.0, 5774.0, 5784.0, 6386.0, 6616.0, 6640.0, 8445.0, 8476.0, 8934.0, 8936.0, 9026.0, 9478.0, 9750.0, 9758.0, 10160.0, 10602.0, 11252.0, 22844.0, 23043.0, 23136.0, 27347.0, 27445.0, 28951.0, 30011.0, 54212.0, 54221.0, 54874.0, 55075.0, 55779.0, 56907.0, 57639.0, 64097.0, 64098.0, 64431.0, 79805.0, 79809.0, 80728.0, 83478.0, 83861.0, 84288.0, 85458.0, 120526.0, 127003.0, 219899.0, 440730.0 
GO:0043005 CC 2.52e-06 50/1933   338/29107 D04 neuron projection                        286.0, 538.0, 793.0, 815.0, 1020.0, 1134.0, 1135.0, 1139.0, 1140.0, 2044.0, 2049.0, 2554.0, 2560.0, 2561.0, 2566.0, 2567.0, 3065.0, 3176.0, 3781.0, 4134.0, 4685.0, 4771.0, 4987.0, 4988.0, 5071.0, 5602.0, 5923.0, 6558.0, 6616.0, 8772.0, 8829.0, 8851.0, 8874.0, 8912.0, 10109.0, 10590.0, 10645.0, 22849.0, 22895.0, 22987.0, 23426.0, 30011.0, 55212.0, 55879.0, 64919.0, 89832.0, 130574.0, 132204.0, 132864.0, 401190.0 
GO:0048471 CC 2.74e-06 83/1933   713/29107 D02 perinuclear region of cytoplasm          215.0, 309.0, 324.0, 538.0, 636.0, 663.0, 1063.0, 1113.0, 1796.0, 1889.0, 1974.0, 2044.0, 2195.0, 3065.0, 3312.0, 3624.0, 3625.0, 3688.0, 3708.0, 3741.0, 3787.0, 3799.0, 4650.0, 4734.0, 4771.0, 4864.0, 5071.0, 5142.0, 5152.0, 5337.0, 5578.0, 5581.0, 5582.0, 5641.0, 5865.0, 6616.0, 6715.0, 6792.0, 7163.0, 8851.0, 8854.0, 8862.0, 8867.0, 8934.0, 9026.0, 9131.0, 9478.0, 9863.0, 10021.0, 10484.0, 10565.0, 11214.0, 11276.0, 11336.0, 22853.0, 23368.0, 23405.0, 23545.0, 26135.0, 27185.0, 27252.0, 29098.0, 51765.0, 54497.0, 54511.0, 54536.0, 55024.0, 55763.0, 55975.0, 56776.0, 56907.0, 57175.0, 57630.0, 80351.0, 81544.0, 81846.0, 140606.0, 143187.0, 164633.0, 200576.0, 202333.0, 284161.0, 374868.0 
GO:0032281 CC 3.23e-06 10/1933    26/29107 D07 AMPA glutamate receptor complex          1741.0, 2890.0, 2891.0, 2892.0, 26090.0, 59283.0, 149111.0, 254263.0, 440829.0, 729993.0 
GO:0005794 CC 3.39e-06 122/1933   988/29107 D05 Golgi apparatus                          154.0, 323.0, 324.0, 411.0, 538.0, 636.0, 813.0, 847.0, 1075.0, 1182.0, 1183.0, 1184.0, 1410.0, 1523.0, 2530.0, 2674.0, 3741.0, 3759.0, 3763.0, 4036.0, 4734.0, 4780.0, 4864.0, 4893.0, 4923.0, 4935.0, 4988.0, 5071.0, 5140.0, 5152.0, 5205.0, 5337.0, 5581.0, 5738.0, 5744.0, 5865.0, 5913.0, 6397.0, 6653.0, 7267.0, 8295.0, 8624.0, 8658.0, 8934.0, 9331.0, 9388.0, 9486.0, 9516.0, 9659.0, 9665.0, 9743.0, 9779.0, 9832.0, 9910.0, 10329.0, 10565.0, 10721.0, 11227.0, 11276.0, 11336.0, 22853.0, 22895.0, 23230.0, 23299.0, 23327.0, 23531.0, 25849.0, 25912.0, 26047.0, 26290.0, 26574.0, 26985.0, 27032.0, 27072.0, 27252.0, 51006.0, 51324.0, 51626.0, 51741.0, 51765.0, 53838.0, 54432.0, 55146.0, 55297.0, 55343.0, 55435.0, 55676.0, 55704.0, 55832.0, 57509.0, 57533.0, 57630.0, 63967.0, 64409.0, 64689.0, 79109.0, 79659.0, 79823.0, 79895.0, 80031.0, 83700.0, 84084.0, 84174.0, 84669.0, 84750.0, 84871.0, 84910.0, 85315.0, 91543.0, 93343.0, 114883.0, 126792.0, 128338.0, 130026.0, 140606.0, 143187.0, 150786.0, 153339.0, 283576.0, 347734.0, 400451.0, 728661.0 
GO:0005887 CC 3.53e-06 143/1933  1403/29107 D04 integral component of plasma membrane    40.0, 107.0, 115.0, 154.0, 214.0, 238.0, 577.0, 783.0, 1132.0, 1134.0, 1135.0, 1139.0, 1140.0, 1182.0, 1183.0, 1184.0, 1839.0, 1948.0, 2030.0, 2044.0, 2049.0, 2065.0, 2195.0, 2260.0, 2554.0, 2560.0, 2561.0, 2566.0, 2567.0, 2830.0, 2835.0, 2891.0, 2895.0, 2913.0, 3363.0, 3595.0, 3736.0, 3737.0, 3741.0, 3759.0, 3767.0, 3776.0, 3786.0, 4267.0, 4325.0, 4360.0, 4864.0, 4883.0, 4887.0, 4923.0, 4987.0, 4988.0, 5167.0, 5205.0, 5420.0, 5754.0, 6091.0, 6094.0, 6324.0, 6558.0, 6573.0, 6581.0, 6653.0, 7220.0, 7223.0, 7224.0, 7434.0, 8322.0, 8671.0, 8745.0, 8912.0, 9201.0, 9293.0, 9308.0, 9466.0, 9543.0, 9723.0, 9953.0, 9990.0, 10100.0, 10149.0, 10242.0, 10267.0, 10268.0, 10329.0, 10500.0, 10718.0, 10991.0, 11122.0, 22853.0, 23531.0, 23555.0, 23767.0, 27133.0, 27242.0, 29930.0, 29967.0, 50937.0, 51283.0, 51294.0, 51305.0, 54660.0, 55144.0, 55246.0, 55515.0, 55879.0, 56114.0, 56121.0, 56122.0, 56123.0, 56124.0, 56126.0, 56127.0, 56129.0, 56142.0, 56143.0, 56144.0, 56479.0, 57194.0, 57205.0, 57211.0, 57419.0, 57575.0, 57717.0, 64241.0, 64399.0, 65217.0, 79838.0, 79905.0, 80031.0, 83700.0, 84230.0, 84570.0, 89832.0, 90134.0, 91584.0, 114897.0, 133418.0, 144448.0, 147495.0, 219527.0, 340348.0, 353189.0 
GO:0016020 CC 4.46e-06 204/1933  2120/29107 D02 membrane                                 23.0, 142.0, 154.0, 215.0, 309.0, 323.0, 471.0, 498.0, 538.0, 636.0, 637.0, 667.0, 805.0, 813.0, 830.0, 832.0, 847.0, 956.0, 1020.0, 1075.0, 1124.0, 1182.0, 1184.0, 1211.0, 1291.0, 1362.0, 1398.0, 1462.0, 1615.0, 1655.0, 1687.0, 1734.0, 1743.0, 1778.0, 1889.0, 1992.0, 1996.0, 2030.0, 2058.0, 2060.0, 2153.0, 2180.0, 2182.0, 2277.0, 2530.0, 2969.0, 3163.0, 3185.0, 3312.0, 3688.0, 3708.0, 3796.0, 3799.0, 3838.0, 3930.0, 3964.0, 4047.0, 4240.0, 4354.0, 4650.0, 4771.0, 4864.0, 4893.0, 4935.0, 5140.0, 5337.0, 5493.0, 5550.0, 5702.0, 5827.0, 5828.0, 6059.0, 6125.0, 6128.0, 6129.0, 6175.0, 6262.0, 6386.0, 6482.0, 6558.0, 6581.0, 6596.0, 6616.0, 6643.0, 6653.0, 7074.0, 8266.0, 8361.0, 8434.0, 8481.0, 8526.0, 8540.0, 8661.0, 8667.0, 8671.0, 8828.0, 8844.0, 8851.0, 9111.0, 9175.0, 9188.0, 9219.0, 9486.0, 9665.0, 9885.0, 9918.0, 10000.0, 10096.0, 10113.0, 10269.0, 10478.0, 10527.0, 10553.0, 10611.0, 10826.0, 10928.0, 11010.0, 11118.0, 11138.0, 11214.0, 11259.0, 23317.0, 23348.0, 23463.0, 23521.0, 23531.0, 23788.0, 25953.0, 26031.0, 26047.0, 26060.0, 26090.0, 26135.0, 26206.0, 26230.0, 26750.0, 26960.0, 27032.0, 27067.0, 27436.0, 29889.0, 30849.0, 50515.0, 51143.0, 51283.0, 51371.0, 51678.0, 51696.0, 51765.0, 54431.0, 54497.0, 54511.0, 54536.0, 54893.0, 55144.0, 55212.0, 55283.0, 55288.0, 55297.0, 55379.0, 55619.0, 55704.0, 55763.0, 55832.0, 55843.0, 55920.0, 56259.0, 57404.0, 57476.0, 57628.0, 57679.0, 57707.0, 57818.0, 58513.0, 64215.0, 79803.0, 80267.0, 80776.0, 81615.0, 81706.0, 81846.0, 84059.0, 84100.0, 84230.0, 84284.0, 84547.0, 84669.0, 84695.0, 84910.0, 84929.0, 90231.0, 92521.0, 114880.0, 114883.0, 126792.0, 146206.0, 204962.0, 253558.0, 255252.0, 255520.0, 284161.0, 343702.0, 347734.0, 493856.0 
GO:0043025 CC 4.63e-06 48/1933   355/29107 D03 neuronal cell body                       40.0, 214.0, 338.0, 538.0, 657.0, 773.0, 793.0, 1020.0, 1644.0, 1741.0, 2044.0, 2182.0, 2868.0, 2890.0, 2891.0, 3065.0, 3736.0, 3759.0, 3767.0, 3776.0, 3781.0, 4900.0, 5136.0, 5562.0, 5813.0, 6453.0, 6558.0, 6581.0, 6715.0, 7074.0, 7224.0, 7345.0, 8829.0, 8851.0, 8874.0, 9026.0, 9312.0, 9481.0, 9627.0, 22853.0, 26047.0, 51808.0, 57125.0, 57154.0, 57679.0, 91752.0, 143187.0, 339451.0 
GO:0005654 CC 5.44e-06 363/1933  3805/29107 D02 nucleoplasm                              23.0, 104.0, 142.0, 211.0, 324.0, 367.0, 664.0, 667.0, 672.0, 801.0, 814.0, 815.0, 868.0, 1020.0, 1024.0, 1063.0, 1069.0, 1075.0, 1147.0, 1161.0, 1385.0, 1410.0, 1523.0, 1633.0, 1655.0, 1666.0, 1743.0, 1787.0, 1837.0, 1871.0, 1958.0, 2135.0, 2138.0, 2872.0, 2958.0, 2969.0, 2971.0, 3017.0, 3065.0, 3097.0, 3131.0, 3176.0, 3185.0, 3312.0, 3516.0, 3631.0, 3660.0, 3796.0, 3838.0, 3899.0, 4092.0, 4300.0, 4306.0, 4487.0, 4520.0, 4528.0, 4610.0, 4660.0, 4780.0, 4790.0, 4794.0, 4824.0, 4857.0, 4942.0, 5001.0, 5087.0, 5152.0, 5205.0, 5218.0, 5453.0, 5455.0, 5465.0, 5468.0, 5530.0, 5532.0, 5558.0, 5562.0, 5578.0, 5602.0, 5629.0, 5648.0, 5702.0, 5744.0, 5771.0, 5782.0, 5784.0, 5884.0, 5915.0, 5980.0, 6017.0, 6049.0, 6125.0, 6256.0, 6258.0, 6310.0, 6323.0, 6386.0, 6397.0, 6498.0, 6594.0, 6596.0, 6603.0, 6737.0, 6749.0, 6773.0, 6789.0, 6792.0, 6875.0, 6884.0, 7013.0, 7024.0, 7072.0, 7091.0, 7178.0, 7267.0, 7290.0, 7321.0, 7336.0, 7345.0, 7702.0, 7716.0, 7993.0, 8028.0, 8038.0, 8266.0, 8295.0, 8334.0, 8361.0, 8445.0, 8464.0, 8526.0, 8535.0, 8544.0, 8569.0, 8624.0, 8631.0, 8658.0, 8661.0, 8725.0, 8851.0, 8895.0, 8997.0, 9111.0, 9188.0, 9219.0, 9240.0, 9260.0, 9265.0, 9324.0, 9493.0, 9516.0, 9575.0, 9627.0, 9641.0, 9743.0, 9839.0, 9891.0, 9918.0, 10009.0, 10054.0, 10100.0, 10109.0, 10124.0, 10147.0, 10213.0, 10254.0, 10329.0, 10336.0, 10393.0, 10472.0, 10474.0, 10527.0, 10556.0, 10557.0, 10565.0, 10614.0, 10645.0, 10664.0, 10721.0, 10773.0, 10783.0, 11107.0, 11198.0, 11266.0, 11278.0, 22849.0, 22873.0, 22882.0, 22916.0, 23043.0, 23047.0, 23051.0, 23054.0, 23118.0, 23212.0, 23283.0, 23327.0, 23368.0, 23380.0, 23429.0, 23528.0, 23582.0, 25849.0, 25855.0, 26095.0, 26137.0, 26207.0, 26574.0, 27086.0, 27107.0, 27347.0, 28987.0, 29098.0, 29126.0, 29855.0, 29997.0, 30832.0, 51006.0, 51071.0, 51362.0, 51397.0, 51434.0, 51499.0, 51534.0, 51659.0, 51691.0, 51692.0, 51741.0, 51808.0, 53335.0, 53838.0, 54221.0, 54432.0, 54468.0, 54556.0, 54796.0, 54913.0, 54951.0, 54994.0, 55075.0, 55153.0, 55164.0, 55252.0, 55297.0, 55319.0, 55352.0, 55505.0, 55534.0, 55619.0, 55729.0, 55759.0, 55777.0, 55806.0, 55827.0, 55832.0, 55915.0, 55954.0, 55975.0, 56259.0, 56902.0, 56907.0, 56929.0, 56950.0, 57117.0, 57154.0, 57205.0, 57460.0, 57491.0, 57492.0, 57533.0, 57554.0, 57563.0, 57621.0, 57707.0, 57798.0, 63035.0, 63939.0, 63967.0, 64324.0, 64412.0, 64750.0, 64754.0, 64764.0, 64768.0, 64785.0, 79023.0, 79035.0, 79075.0, 79109.0, 79142.0, 79172.0, 79605.0, 79648.0, 79650.0, 79697.0, 79823.0, 79858.0, 79918.0, 80067.0, 80145.0, 80317.0, 80774.0, 80853.0, 81491.0, 83932.0, 83987.0, 84142.0, 84174.0, 84280.0, 84524.0, 84750.0, 84864.0, 84872.0, 84897.0, 84916.0, 84934.0, 84939.0, 84946.0, 84971.0, 85004.0, 85015.0, 85457.0, 88745.0, 90480.0, 90665.0, 91582.0, 92400.0, 92521.0, 92565.0, 92856.0, 93343.0, 93587.0, 116461.0, 121274.0, 123775.0, 129401.0, 131870.0, 134430.0, 134510.0, 140775.0, 140890.0, 143098.0, 147179.0, 149420.0, 150678.0, 151246.0, 155061.0, 161742.0, 200558.0, 204851.0, 219333.0, 219736.0, 220929.0, 221662.0, 252969.0, 254827.0, 283489.0, 283742.0, 284252.0, 345895.0, 359948.0, 388566.0, 388753.0 
GO:0005739 CC 6.33e-06 131/1933  1305/29107 D05 mitochondrion                            22.0, 34.0, 142.0, 211.0, 309.0, 411.0, 498.0, 586.0, 637.0, 664.0, 815.0, 847.0, 1352.0, 1371.0, 1410.0, 1629.0, 1633.0, 1666.0, 1743.0, 2180.0, 2628.0, 2631.0, 2747.0, 2820.0, 3767.0, 4199.0, 4257.0, 4521.0, 4528.0, 4790.0, 4898.0, 4923.0, 4942.0, 5071.0, 5091.0, 5095.0, 5160.0, 5165.0, 5188.0, 5501.0, 5530.0, 5578.0, 5581.0, 5602.0, 5827.0, 5910.0, 6059.0, 6256.0, 7187.0, 7915.0, 7978.0, 8540.0, 8725.0, 8895.0, 8934.0, 9026.0, 9131.0, 9188.0, 9481.0, 9801.0, 9812.0, 10588.0, 10773.0, 10928.0, 11216.0, 11222.0, 23078.0, 23203.0, 23287.0, 23395.0, 23788.0, 25912.0, 25953.0, 27068.0, 27185.0, 29083.0, 29960.0, 51264.0, 51287.0, 51309.0, 51499.0, 51741.0, 54948.0, 54974.0, 54977.0, 55288.0, 55326.0, 55471.0, 55699.0, 55753.0, 56616.0, 56922.0, 57128.0, 57154.0, 57380.0, 57509.0, 58157.0, 60558.0, 63933.0, 64112.0, 64172.0, 64757.0, 64965.0, 65009.0, 65991.0, 79085.0, 79783.0, 80007.0, 80309.0, 84303.0, 84709.0, 84947.0, 84971.0, 85476.0, 90480.0, 91543.0, 93587.0, 123263.0, 125228.0, 131474.0, 132671.0, 139322.0, 166378.0, 192111.0, 192286.0, 200895.0, 246269.0, 254042.0, 339761.0, 388753.0, 644096.0 
GO:0016021 CC 6.45e-06 305/1933  3536/29107 D03 integral component of membrane           22.0, 115.0, 225.0, 538.0, 577.0, 657.0, 667.0, 685.0, 773.0, 956.0, 1006.0, 1040.0, 1135.0, 1139.0, 1182.0, 1352.0, 1362.0, 1687.0, 1734.0, 1889.0, 2030.0, 2052.0, 2135.0, 2180.0, 2182.0, 2260.0, 2530.0, 2619.0, 2709.0, 2849.0, 3601.0, 3708.0, 3736.0, 3737.0, 3741.0, 3781.0, 3786.0, 3787.0, 3930.0, 3953.0, 4036.0, 4041.0, 4257.0, 4685.0, 4864.0, 4935.0, 5140.0, 5167.0, 5738.0, 5791.0, 5827.0, 6092.0, 6334.0, 6482.0, 6489.0, 6549.0, 6553.0, 6653.0, 6715.0, 6747.0, 7485.0, 7905.0, 8038.0, 8291.0, 8321.0, 8526.0, 8567.0, 8707.0, 8828.0, 8912.0, 9069.0, 9312.0, 9331.0, 9381.0, 9398.0, 9420.0, 9481.0, 9486.0, 9671.0, 9725.0, 9856.0, 9911.0, 9951.0, 9990.0, 10003.0, 10052.0, 10090.0, 10100.0, 10149.0, 10166.0, 10206.0, 10479.0, 10686.0, 10699.0, 10787.0, 10826.0, 11010.0, 11015.0, 11118.0, 11122.0, 11227.0, 22853.0, 22987.0, 23023.0, 23251.0, 23418.0, 23463.0, 23484.0, 23545.0, 23704.0, 23788.0, 25849.0, 25912.0, 26032.0, 26033.0, 26047.0, 26090.0, 26290.0, 26693.0, 27032.0, 28962.0, 29091.0, 29126.0, 29928.0, 29967.0, 50515.0, 50838.0, 50840.0, 51006.0, 51136.0, 51309.0, 51363.0, 51768.0, 53838.0, 54432.0, 54549.0, 54805.0, 54914.0, 54965.0, 54977.0, 55061.0, 55144.0, 55146.0, 55283.0, 55326.0, 55343.0, 55359.0, 55379.0, 55530.0, 55676.0, 55751.0, 55800.0, 55824.0, 56122.0, 56123.0, 56126.0, 56127.0, 56479.0, 56548.0, 56674.0, 56937.0, 56967.0, 57125.0, 57156.0, 57194.0, 57205.0, 57211.0, 57380.0, 57404.0, 57463.0, 57476.0, 57493.0, 57512.0, 57583.0, 57678.0, 57717.0, 57818.0, 63905.0, 64215.0, 64409.0, 64420.0, 64757.0, 64764.0, 64781.0, 64866.0, 79085.0, 79157.0, 79772.0, 79794.0, 79895.0, 80003.0, 80067.0, 80146.0, 80731.0, 81035.0, 81491.0, 81544.0, 83539.0, 84059.0, 84168.0, 84216.0, 84336.0, 84570.0, 84620.0, 84641.0, 84750.0, 84898.0, 84900.0, 84910.0, 84929.0, 84947.0, 85027.0, 85315.0, 90161.0, 90231.0, 91147.0, 92126.0, 92293.0, 92691.0, 93109.0, 112609.0, 113189.0, 113402.0, 115650.0, 116150.0, 120114.0, 125228.0, 125704.0, 126792.0, 128338.0, 130951.0, 143187.0, 144110.0, 144195.0, 144245.0, 145407.0, 146223.0, 147670.0, 148641.0, 151556.0, 153339.0, 154790.0, 155066.0, 157506.0, 157753.0, 159371.0, 160418.0, 162494.0, 164633.0, 169200.0, 192111.0, 192286.0, 200728.0, 202052.0, 203547.0, 204962.0, 219738.0, 221687.0, 221710.0, 221935.0, 222553.0, 252995.0, 253558.0, 254827.0, 255928.0, 259290.0, 259293.0, 259294.0, 259295.0, 259296.0, 266722.0, 283450.0, 283576.0, 284161.0, 285613.0, 285761.0, 339977.0, 341359.0, 343171.0, 343702.0, 344838.0, 345757.0, 347734.0, 374868.0, 387509.0, 387597.0, 387775.0, 389177.0, 389203.0, 399947.0, 400451.0, 401097.0, 401612.0, 402778.0, 493856.0, 613212.0, 642968.0, 643155.0, 645191.0, 647087.0, 727936.0, 728661.0, 730130.0, 100288842.0, 100507341.0 
GO:0034451 CC 6.49e-06 21/1933   107/29107 D02 centriolar satellite                     585.0, 1743.0, 3799.0, 4354.0, 5420.0, 8291.0, 8481.0, 9725.0, 9847.0, 10783.0, 22873.0, 23037.0, 26095.0, 29855.0, 54913.0, 57489.0, 64770.0, 79598.0, 117178.0, 163786.0, 284252.0 
GO:0005886 CC 6.66e-06 449/1933  4487/29107 D03 plasma membrane                          40.0, 88.0, 107.0, 115.0, 154.0, 157.0, 238.0, 273.0, 286.0, 324.0, 338.0, 357.0, 367.0, 373.0, 471.0, 498.0, 538.0, 577.0, 657.0, 672.0, 685.0, 773.0, 783.0, 800.0, 801.0, 805.0, 847.0, 868.0, 956.0, 1006.0, 1020.0, 1132.0, 1134.0, 1135.0, 1139.0, 1182.0, 1184.0, 1211.0, 1362.0, 1368.0, 1398.0, 1612.0, 1687.0, 1734.0, 1741.0, 1821.0, 1837.0, 1838.0, 1839.0, 1889.0, 1948.0, 2030.0, 2044.0, 2049.0, 2058.0, 2060.0, 2065.0, 2153.0, 2180.0, 2182.0, 2195.0, 2260.0, 2554.0, 2560.0, 2561.0, 2566.0, 2567.0, 2619.0, 2674.0, 2765.0, 2781.0, 2788.0, 2830.0, 2835.0, 2849.0, 2890.0, 2891.0, 2892.0, 2895.0, 2913.0, 3163.0, 3185.0, 3312.0, 3363.0, 3595.0, 3601.0, 3631.0, 3680.0, 3688.0, 3708.0, 3736.0, 3737.0, 3741.0, 3759.0, 3761.0, 3763.0, 3767.0, 3776.0, 3781.0, 3786.0, 3787.0, 3904.0, 3932.0, 4023.0, 4036.0, 4041.0, 4092.0, 4126.0, 4134.0, 4139.0, 4257.0, 4267.0, 4325.0, 4354.0, 4360.0, 4521.0, 4685.0, 4734.0, 4771.0, 4780.0, 4811.0, 4887.0, 4893.0, 4923.0, 4935.0, 4978.0, 4987.0, 4988.0, 5152.0, 5167.0, 5205.0, 5218.0, 5255.0, 5337.0, 5358.0, 5420.0, 5493.0, 5530.0, 5532.0, 5578.0, 5581.0, 5582.0, 5602.0, 5754.0, 5771.0, 5774.0, 5791.0, 5865.0, 5874.0, 5876.0, 5913.0, 5921.0, 5923.0, 5924.0, 5999.0, 6091.0, 6092.0, 6262.0, 6323.0, 6324.0, 6334.0, 6386.0, 6453.0, 6549.0, 6553.0, 6558.0, 6573.0, 6581.0, 6616.0, 6653.0, 6773.0, 6840.0, 7007.0, 7074.0, 7220.0, 7223.0, 7224.0, 7345.0, 7434.0, 7474.0, 7476.0, 7881.0, 8038.0, 8291.0, 8321.0, 8322.0, 8434.0, 8516.0, 8526.0, 8567.0, 8631.0, 8671.0, 8745.0, 8772.0, 8828.0, 8829.0, 8851.0, 8895.0, 8934.0, 9026.0, 9069.0, 9162.0, 9196.0, 9262.0, 9265.0, 9308.0, 9312.0, 9398.0, 9466.0, 9478.0, 9515.0, 9516.0, 9630.0, 9712.0, 9725.0, 9747.0, 9847.0, 9856.0, 9863.0, 9873.0, 9990.0, 10003.0, 10008.0, 10009.0, 10021.0, 10052.0, 10124.0, 10149.0, 10242.0, 10267.0, 10268.0, 10278.0, 10479.0, 10486.0, 10495.0, 10602.0, 10686.0, 10699.0, 10928.0, 10991.0, 11001.0, 11010.0, 11118.0, 11122.0, 11216.0, 11252.0, 22808.0, 22844.0, 22849.0, 22905.0, 22987.0, 22999.0, 23037.0, 23093.0, 23118.0, 23136.0, 23180.0, 23251.0, 23299.0, 23317.0, 23327.0, 23329.0, 23368.0, 23380.0, 23406.0, 23418.0, 23426.0, 23545.0, 23555.0, 23767.0, 25849.0, 26031.0, 26034.0, 26060.0, 26090.0, 26135.0, 26693.0, 26960.0, 27032.0, 27133.0, 27242.0, 28985.0, 29091.0, 29098.0, 29126.0, 30011.0, 50618.0, 50838.0, 50840.0, 50863.0, 50937.0, 51057.0, 51133.0, 51143.0, 51294.0, 51305.0, 51347.0, 51474.0, 51652.0, 51678.0, 51741.0, 51760.0, 51768.0, 53344.0, 53358.0, 53838.0, 54221.0, 54432.0, 54536.0, 54549.0, 54805.0, 54874.0, 55068.0, 55103.0, 55144.0, 55146.0, 55283.0, 55313.0, 55352.0, 55359.0, 55573.0, 55605.0, 55704.0, 55763.0, 55800.0, 55824.0, 55879.0, 55915.0, 55920.0, 55975.0, 56034.0, 56479.0, 56776.0, 56937.0, 56940.0, 57125.0, 57154.0, 57156.0, 57175.0, 57186.0, 57194.0, 57205.0, 57211.0, 57419.0, 57476.0, 57492.0, 57509.0, 57512.0, 57554.0, 57628.0, 57678.0, 58513.0, 59277.0, 59283.0, 63035.0, 64098.0, 64101.0, 64215.0, 64241.0, 64750.0, 64781.0, 64866.0, 79109.0, 79180.0, 79659.0, 79895.0, 80031.0, 80731.0, 81035.0, 81491.0, 83700.0, 83987.0, 84059.0, 84100.0, 84168.0, 84174.0, 84216.0, 84230.0, 84570.0, 84631.0, 84668.0, 85004.0, 85315.0, 85409.0, 89853.0, 90134.0, 90668.0, 91584.0, 91752.0, 93663.0, 94122.0, 112609.0, 114804.0, 114880.0, 115548.0, 115557.0, 115650.0, 120114.0, 123745.0, 129401.0, 130574.0, 130576.0, 131034.0, 133121.0, 133418.0, 139189.0, 144195.0, 144245.0, 144402.0, 146206.0, 147179.0, 147495.0, 153364.0, 154810.0, 157638.0, 157657.0, 159371.0, 160851.0, 161253.0, 161357.0, 161742.0, 164633.0, 202333.0, 204962.0, 221935.0, 252995.0, 259290.0, 259293.0, 259294.0, 259295.0, 259296.0, 283576.0, 285613.0, 340348.0, 341359.0, 342184.0, 343171.0, 343702.0, 344838.0, 347404.0, 353189.0, 374868.0, 387509.0, 388753.0, 400451.0, 402778.0, 414194.0, 440279.0, 503542.0 
GO:0005634 CC 6.93e-06 503/1933  5368/29107 D05 nucleus                                  34.0, 104.0, 107.0, 142.0, 154.0, 286.0, 323.0, 324.0, 367.0, 373.0, 445.0, 538.0, 585.0, 642.0, 664.0, 667.0, 672.0, 773.0, 793.0, 801.0, 805.0, 814.0, 815.0, 901.0, 1020.0, 1024.0, 1063.0, 1161.0, 1385.0, 1398.0, 1410.0, 1523.0, 1602.0, 1612.0, 1655.0, 1662.0, 1666.0, 1674.0, 1743.0, 1796.0, 1827.0, 1831.0, 1838.0, 1871.0, 1958.0, 2070.0, 2138.0, 2195.0, 2260.0, 2287.0, 2302.0, 2745.0, 2872.0, 2969.0, 2971.0, 3012.0, 3017.0, 3065.0, 3097.0, 3131.0, 3185.0, 3312.0, 3516.0, 3631.0, 3660.0, 3776.0, 3816.0, 3838.0, 3899.0, 3930.0, 4092.0, 4211.0, 4257.0, 4300.0, 4330.0, 4337.0, 4487.0, 4520.0, 4521.0, 4628.0, 4674.0, 4675.0, 4761.0, 4771.0, 4780.0, 4790.0, 4808.0, 4824.0, 4857.0, 4900.0, 4957.0, 5001.0, 5071.0, 5087.0, 5136.0, 5142.0, 5160.0, 5218.0, 5453.0, 5455.0, 5463.0, 5465.0, 5468.0, 5501.0, 5550.0, 5562.0, 5581.0, 5582.0, 5602.0, 5629.0, 5702.0, 5782.0, 5784.0, 5791.0, 5813.0, 5884.0, 5915.0, 5937.0, 5980.0, 5991.0, 5999.0, 6049.0, 6125.0, 6128.0, 6129.0, 6175.0, 6239.0, 6256.0, 6297.0, 6310.0, 6386.0, 6498.0, 6594.0, 6596.0, 6603.0, 6656.0, 6737.0, 6741.0, 6760.0, 6789.0, 6792.0, 6840.0, 6925.0, 6943.0, 6990.0, 6992.0, 7013.0, 7024.0, 7071.0, 7072.0, 7074.0, 7091.0, 7178.0, 7267.0, 7290.0, 7321.0, 7325.0, 7336.0, 7360.0, 7485.0, 7552.0, 7581.0, 7589.0, 7592.0, 7643.0, 7675.0, 7678.0, 7711.0, 7716.0, 7733.0, 7766.0, 7776.0, 7957.0, 8019.0, 8028.0, 8266.0, 8295.0, 8334.0, 8361.0, 8445.0, 8464.0, 8481.0, 8535.0, 8544.0, 8569.0, 8624.0, 8658.0, 8690.0, 8725.0, 8772.0, 8851.0, 8895.0, 8988.0, 9111.0, 9131.0, 9139.0, 9162.0, 9262.0, 9310.0, 9324.0, 9352.0, 9425.0, 9465.0, 9493.0, 9575.0, 9641.0, 9659.0, 9705.0, 9753.0, 9760.0, 9801.0, 9824.0, 9839.0, 9863.0, 9891.0, 9910.0, 9918.0, 10000.0, 10009.0, 10096.0, 10109.0, 10113.0, 10124.0, 10190.0, 10213.0, 10229.0, 10231.0, 10276.0, 10311.0, 10336.0, 10468.0, 10472.0, 10474.0, 10552.0, 10553.0, 10556.0, 10586.0, 10590.0, 10614.0, 10664.0, 10716.0, 10773.0, 10783.0, 10928.0, 10983.0, 11107.0, 11179.0, 11214.0, 11259.0, 11266.0, 11274.0, 22834.0, 22849.0, 22873.0, 22882.0, 22916.0, 22954.0, 23037.0, 23040.0, 23043.0, 23047.0, 23051.0, 23054.0, 23087.0, 23093.0, 23170.0, 23261.0, 23287.0, 23368.0, 23405.0, 23406.0, 23429.0, 23521.0, 23528.0, 23582.0, 23788.0, 25806.0, 25855.0, 25953.0, 25976.0, 26060.0, 26135.0, 26137.0, 26206.0, 26260.0, 26574.0, 27086.0, 27185.0, 27254.0, 27303.0, 27319.0, 27443.0, 28951.0, 29066.0, 29098.0, 29855.0, 29889.0, 29942.0, 30832.0, 50674.0, 51341.0, 51371.0, 51434.0, 51619.0, 51621.0, 51691.0, 51696.0, 51734.0, 51741.0, 51808.0, 53335.0, 54039.0, 54212.0, 54517.0, 54680.0, 54715.0, 54796.0, 54969.0, 54994.0, 55070.0, 55075.0, 55079.0, 55084.0, 55212.0, 55319.0, 55352.0, 55502.0, 55534.0, 55585.0, 55619.0, 55729.0, 55777.0, 55827.0, 55832.0, 55888.0, 55915.0, 56034.0, 56242.0, 56256.0, 56259.0, 56776.0, 56950.0, 56978.0, 57103.0, 57117.0, 57186.0, 57325.0, 57337.0, 57396.0, 57405.0, 57460.0, 57491.0, 57509.0, 57519.0, 57679.0, 57693.0, 57798.0, 58491.0, 58513.0, 63967.0, 63973.0, 63974.0, 64324.0, 64332.0, 64399.0, 64431.0, 64750.0, 64754.0, 64764.0, 64768.0, 64771.0, 64854.0, 64919.0, 65991.0, 78996.0, 79023.0, 79035.0, 79075.0, 79142.0, 79177.0, 79605.0, 79612.0, 79650.0, 79697.0, 79830.0, 79858.0, 79891.0, 79898.0, 79912.0, 79918.0, 80145.0, 80312.0, 80317.0, 80319.0, 80351.0, 80728.0, 80776.0, 80853.0, 81566.0, 83594.0, 83714.0, 83932.0, 84078.0, 84084.0, 84142.0, 84449.0, 84524.0, 84695.0, 84765.0, 84897.0, 84901.0, 84934.0, 84939.0, 84946.0, 85004.0, 85015.0, 85457.0, 89853.0, 90485.0, 90592.0, 90665.0, 91120.0, 91752.0, 92285.0, 92565.0, 93587.0, 114804.0, 117178.0, 118924.0, 121053.0, 121274.0, 122953.0, 123036.0, 126017.0, 127396.0, 128344.0, 128553.0, 131870.0, 132789.0, 132864.0, 134510.0, 134728.0, 138162.0, 138716.0, 140612.0, 140739.0, 140886.0, 144195.0, 146050.0, 146057.0, 147947.0, 147949.0, 148156.0, 148206.0, 149420.0, 150678.0, 152485.0, 153527.0, 155061.0, 157695.0, 162239.0, 162394.0, 163131.0, 168544.0, 169841.0, 199692.0, 199777.0, 200558.0, 201501.0, 202333.0, 204851.0, 219333.0, 219736.0, 220929.0, 221662.0, 253639.0, 254065.0, 256364.0, 256536.0, 257068.0, 282996.0, 283078.0, 283489.0, 283742.0, 284252.0, 284323.0, 284370.0, 285268.0, 339500.0, 339745.0, 339778.0, 342184.0, 342357.0, 342892.0, 359948.0, 388566.0, 401190.0, 442319.0, 503542.0, 642273.0, 642819.0, 644353.0, 729967.0 
GO:0005737 CC 7.06e-06 488/1933  4681/29107 D02 cytoplasm                                104.0, 107.0, 215.0, 309.0, 323.0, 324.0, 338.0, 367.0, 373.0, 445.0, 642.0, 662.0, 663.0, 664.0, 667.0, 672.0, 773.0, 801.0, 805.0, 814.0, 815.0, 847.0, 901.0, 1020.0, 1063.0, 1147.0, 1371.0, 1398.0, 1410.0, 1602.0, 1612.0, 1615.0, 1629.0, 1633.0, 1644.0, 1655.0, 1687.0, 1787.0, 1796.0, 1827.0, 1837.0, 1838.0, 1958.0, 1968.0, 1996.0, 2058.0, 2060.0, 2070.0, 2138.0, 2182.0, 2254.0, 2560.0, 2632.0, 2822.0, 2830.0, 2835.0, 2868.0, 2872.0, 2969.0, 2977.0, 3065.0, 3067.0, 3176.0, 3208.0, 3312.0, 3516.0, 3612.0, 3631.0, 3688.0, 3705.0, 3795.0, 3796.0, 3838.0, 3930.0, 3964.0, 4092.0, 4139.0, 4267.0, 4520.0, 4521.0, 4628.0, 4650.0, 4660.0, 4734.0, 4771.0, 4780.0, 4790.0, 4794.0, 4857.0, 4935.0, 4942.0, 5071.0, 5087.0, 5091.0, 5218.0, 5357.0, 5358.0, 5420.0, 5493.0, 5501.0, 5530.0, 5532.0, 5550.0, 5562.0, 5578.0, 5581.0, 5602.0, 5629.0, 5641.0, 5744.0, 5774.0, 5782.0, 5784.0, 5791.0, 5827.0, 5865.0, 5915.0, 5921.0, 5999.0, 6049.0, 6059.0, 6091.0, 6125.0, 6129.0, 6175.0, 6239.0, 6258.0, 6310.0, 6386.0, 6397.0, 6453.0, 6596.0, 6616.0, 6640.0, 6643.0, 6674.0, 6737.0, 6741.0, 6789.0, 6840.0, 6875.0, 6990.0, 6992.0, 7013.0, 7072.0, 7163.0, 7178.0, 7224.0, 7321.0, 7336.0, 7345.0, 7360.0, 8266.0, 8440.0, 8445.0, 8476.0, 8526.0, 8544.0, 8567.0, 8569.0, 8624.0, 8631.0, 8658.0, 8661.0, 8724.0, 8725.0, 8772.0, 8790.0, 8844.0, 8851.0, 8854.0, 8892.0, 8895.0, 8934.0, 8988.0, 9111.0, 9162.0, 9175.0, 9196.0, 9240.0, 9306.0, 9352.0, 9423.0, 9425.0, 9470.0, 9515.0, 9627.0, 9641.0, 9659.0, 9665.0, 9750.0, 9863.0, 9870.0, 9891.0, 9918.0, 10000.0, 10008.0, 10054.0, 10063.0, 10072.0, 10096.0, 10124.0, 10196.0, 10206.0, 10231.0, 10254.0, 10278.0, 10468.0, 10486.0, 10553.0, 10586.0, 10588.0, 10590.0, 10602.0, 10614.0, 10783.0, 10826.0, 10983.0, 11040.0, 11043.0, 11252.0, 11259.0, 11266.0, 11275.0, 11276.0, 22849.0, 22873.0, 22879.0, 22911.0, 22916.0, 22949.0, 22954.0, 22998.0, 23024.0, 23037.0, 23043.0, 23072.0, 23078.0, 23087.0, 23143.0, 23170.0, 23173.0, 23180.0, 23228.0, 23287.0, 23299.0, 23327.0, 23328.0, 23368.0, 23380.0, 23405.0, 23424.0, 23429.0, 23521.0, 23534.0, 23582.0, 25806.0, 25809.0, 25832.0, 25855.0, 25876.0, 25893.0, 26034.0, 26060.0, 26065.0, 26095.0, 26135.0, 26137.0, 26206.0, 26207.0, 26260.0, 26574.0, 27102.0, 27242.0, 27252.0, 27254.0, 27303.0, 27436.0, 28951.0, 29098.0, 29899.0, 30011.0, 50618.0, 50674.0, 51020.0, 51100.0, 51115.0, 51122.0, 51247.0, 51341.0, 51347.0, 51371.0, 51397.0, 51434.0, 51626.0, 51696.0, 51741.0, 51765.0, 53335.0, 54039.0, 54212.0, 54221.0, 54467.0, 54468.0, 54491.0, 54585.0, 54715.0, 54765.0, 54832.0, 54874.0, 54893.0, 54970.0, 54994.0, 55022.0, 55036.0, 55103.0, 55125.0, 55144.0, 55164.0, 55223.0, 55255.0, 55573.0, 55617.0, 55619.0, 55672.0, 55704.0, 55763.0, 55779.0, 55827.0, 55832.0, 55841.0, 55843.0, 55885.0, 56603.0, 56776.0, 56940.0, 56950.0, 56995.0, 57103.0, 57125.0, 57154.0, 57175.0, 57186.0, 57211.0, 57325.0, 57337.0, 57446.0, 57460.0, 57489.0, 57509.0, 57519.0, 57520.0, 57562.0, 57639.0, 57707.0, 58513.0, 64097.0, 64098.0, 64112.0, 64399.0, 64412.0, 64431.0, 64750.0, 64770.0, 64771.0, 64781.0, 65009.0, 65244.0, 78996.0, 79109.0, 79142.0, 79612.0, 79648.0, 79719.0, 79805.0, 79809.0, 79823.0, 79858.0, 80007.0, 80114.0, 80127.0, 80145.0, 80146.0, 80309.0, 80317.0, 80319.0, 80351.0, 80728.0, 80817.0, 81706.0, 81846.0, 83478.0, 83544.0, 83594.0, 83714.0, 83861.0, 83939.0, 83987.0, 84059.0, 84100.0, 84174.0, 84223.0, 84230.0, 84280.0, 84288.0, 84695.0, 84872.0, 84901.0, 84934.0, 85015.0, 85409.0, 90355.0, 90668.0, 91752.0, 91807.0, 92181.0, 92565.0, 92610.0, 93663.0, 96459.0, 113263.0, 114804.0, 115201.0, 115548.0, 117178.0, 120526.0, 122622.0, 125228.0, 126282.0, 126820.0, 127003.0, 127435.0, 128338.0, 129563.0, 130574.0, 130951.0, 131870.0, 132671.0, 132789.0, 132864.0, 134728.0, 140775.0, 146057.0, 146206.0, 150678.0, 154043.0, 155061.0, 157506.0, 157638.0, 157657.0, 157695.0, 160851.0, 161436.0, 164395.0, 166378.0, 204851.0, 219736.0, 219899.0, 220164.0, 221322.0, 221400.0, 221687.0, 246269.0, 252969.0, 256364.0, 283489.0, 283742.0, 285590.0, 339745.0, 341019.0, 342184.0, 346007.0, 359948.0, 377677.0, 387856.0, 388341.0, 388677.0, 401190.0, 414194.0, 440730.0, 445571.0, 647135.0, 653464.0, 100132406.0, 100288142.0, 100506742.0, 101060226.0, 101060684.0 
GO:0005829 CC 7.11e-06 585/1933  5295/29107 D02 cytosol                                  23.0, 88.0, 104.0, 157.0, 211.0, 215.0, 225.0, 230.0, 273.0, 286.0, 316.0, 324.0, 338.0, 367.0, 445.0, 471.0, 538.0, 585.0, 586.0, 636.0, 637.0, 642.0, 663.0, 667.0, 793.0, 800.0, 801.0, 815.0, 830.0, 832.0, 847.0, 868.0, 1020.0, 1063.0, 1069.0, 1123.0, 1124.0, 1147.0, 1184.0, 1211.0, 1352.0, 1371.0, 1398.0, 1410.0, 1523.0, 1615.0, 1629.0, 1633.0, 1644.0, 1655.0, 1666.0, 1674.0, 1687.0, 1741.0, 1743.0, 1756.0, 1778.0, 1796.0, 1831.0, 1968.0, 1974.0, 1996.0, 2049.0, 2058.0, 2060.0, 2135.0, 2260.0, 2561.0, 2585.0, 2632.0, 2745.0, 2781.0, 2868.0, 3017.0, 3029.0, 3065.0, 3067.0, 3176.0, 3185.0, 3208.0, 3312.0, 3612.0, 3631.0, 3660.0, 3705.0, 3736.0, 3767.0, 3795.0, 3796.0, 3799.0, 3838.0, 3899.0, 3932.0, 3964.0, 4092.0, 4134.0, 4199.0, 4281.0, 4300.0, 4306.0, 4337.0, 4521.0, 4548.0, 4628.0, 4650.0, 4660.0, 4734.0, 4771.0, 4780.0, 4790.0, 4794.0, 4824.0, 4893.0, 4898.0, 4900.0, 4957.0, 5001.0, 5071.0, 5091.0, 5095.0, 5136.0, 5140.0, 5142.0, 5152.0, 5205.0, 5218.0, 5255.0, 5358.0, 5468.0, 5471.0, 5493.0, 5501.0, 5530.0, 5532.0, 5550.0, 5562.0, 5578.0, 5581.0, 5582.0, 5602.0, 5629.0, 5648.0, 5702.0, 5744.0, 5771.0, 5774.0, 5782.0, 5827.0, 5828.0, 5865.0, 5876.0, 5910.0, 5913.0, 5921.0, 5923.0, 5924.0, 5937.0, 5999.0, 6017.0, 6059.0, 6125.0, 6128.0, 6129.0, 6169.0, 6175.0, 6256.0, 6310.0, 6386.0, 6397.0, 6415.0, 6453.0, 6558.0, 6616.0, 6643.0, 6674.0, 6737.0, 6773.0, 6789.0, 6840.0, 7024.0, 7072.0, 7074.0, 7109.0, 7139.0, 7178.0, 7187.0, 7204.0, 7267.0, 7321.0, 7345.0, 7360.0, 7881.0, 8027.0, 8028.0, 8100.0, 8226.0, 8266.0, 8309.0, 8440.0, 8445.0, 8476.0, 8481.0, 8526.0, 8540.0, 8544.0, 8567.0, 8569.0, 8624.0, 8631.0, 8658.0, 8661.0, 8667.0, 8672.0, 8724.0, 8725.0, 8772.0, 8790.0, 8829.0, 8833.0, 8844.0, 8851.0, 8854.0, 8867.0, 8874.0, 8892.0, 8895.0, 8934.0, 8936.0, 8997.0, 9026.0, 9061.0, 9111.0, 9131.0, 9140.0, 9162.0, 9188.0, 9240.0, 9260.0, 9265.0, 9306.0, 9324.0, 9352.0, 9381.0, 9459.0, 9462.0, 9465.0, 9470.0, 9493.0, 9575.0, 9627.0, 9641.0, 9710.0, 9712.0, 9724.0, 9743.0, 9779.0, 9812.0, 9824.0, 9839.0, 9847.0, 9870.0, 9885.0, 9912.0, 9918.0, 9943.0, 9980.0, 10009.0, 10010.0, 10072.0, 10096.0, 10109.0, 10124.0, 10149.0, 10160.0, 10190.0, 10196.0, 10213.0, 10244.0, 10254.0, 10276.0, 10393.0, 10451.0, 10478.0, 10484.0, 10495.0, 10527.0, 10552.0, 10553.0, 10565.0, 10588.0, 10590.0, 10602.0, 10611.0, 10627.0, 10645.0, 10721.0, 10783.0, 10787.0, 10846.0, 10928.0, 11001.0, 11176.0, 11214.0, 11216.0, 11252.0, 11266.0, 11274.0, 11275.0, 11278.0, 11336.0, 22844.0, 22849.0, 22853.0, 22873.0, 22878.0, 22882.0, 22895.0, 22905.0, 22916.0, 22948.0, 22954.0, 22999.0, 23023.0, 23037.0, 23041.0, 23043.0, 23047.0, 23054.0, 23072.0, 23074.0, 23093.0, 23118.0, 23136.0, 23173.0, 23229.0, 23230.0, 23261.0, 23287.0, 23299.0, 23317.0, 23327.0, 23329.0, 23348.0, 23368.0, 23380.0, 23405.0, 23406.0, 23426.0, 23521.0, 23555.0, 23743.0, 23767.0, 25849.0, 26031.0, 26060.0, 26065.0, 26084.0, 26135.0, 26207.0, 26230.0, 26235.0, 26960.0, 27068.0, 27185.0, 27236.0, 27252.0, 27303.0, 27347.0, 27436.0, 28962.0, 28985.0, 28987.0, 29098.0, 29899.0, 29997.0, 30011.0, 30849.0, 51071.0, 51100.0, 51143.0, 51306.0, 51324.0, 51371.0, 51434.0, 51474.0, 51534.0, 51652.0, 51665.0, 51734.0, 51741.0, 51765.0, 51808.0, 53358.0, 54039.0, 54468.0, 54469.0, 54492.0, 54497.0, 54511.0, 54536.0, 54585.0, 54832.0, 54874.0, 54893.0, 54951.0, 54974.0, 54994.0, 55034.0, 55075.0, 55111.0, 55125.0, 55164.0, 55212.0, 55223.0, 55297.0, 55313.0, 55352.0, 55435.0, 55573.0, 55585.0, 55605.0, 55619.0, 55704.0, 55729.0, 55763.0, 55827.0, 55832.0, 55841.0, 55843.0, 55884.0, 55915.0, 55920.0, 55975.0, 56034.0, 56259.0, 56616.0, 56648.0, 56776.0, 56902.0, 56905.0, 56907.0, 56922.0, 56929.0, 56940.0, 56950.0, 56995.0, 57103.0, 57154.0, 57175.0, 57186.0, 57405.0, 57491.0, 57492.0, 57533.0, 57554.0, 57569.0, 57606.0, 57630.0, 57679.0, 57707.0, 58157.0, 58513.0, 63892.0, 63939.0, 64089.0, 64112.0, 64750.0, 64754.0, 64768.0, 64771.0, 64854.0, 65009.0, 65244.0, 79023.0, 79035.0, 79109.0, 79172.0, 79598.0, 79612.0, 79631.0, 79719.0, 79739.0, 79823.0, 79918.0, 80067.0, 80145.0, 80216.0, 80351.0, 80728.0, 80774.0, 80776.0, 81491.0, 81846.0, 83594.0, 83987.0, 83988.0, 84078.0, 84084.0, 84085.0, 84174.0, 84223.0, 84303.0, 84668.0, 84669.0, 84817.0, 84864.0, 84871.0, 84910.0, 84939.0, 84946.0, 85004.0, 85457.0, 85458.0, 89853.0, 90293.0, 91582.0, 91807.0, 92400.0, 92521.0, 92565.0, 92610.0, 93343.0, 93587.0, 93663.0, 96459.0, 112936.0, 114880.0, 114883.0, 115548.0, 115557.0, 121274.0, 122622.0, 123624.0, 123745.0, 123775.0, 125058.0, 129401.0, 131669.0, 132320.0, 132789.0, 134265.0, 136332.0, 140739.0, 140838.0, 140886.0, 143187.0, 143279.0, 146057.0, 147179.0, 150786.0, 151246.0, 154810.0, 155061.0, 157657.0, 157695.0, 161742.0, 163486.0, 163786.0, 200558.0, 200576.0, 200895.0, 202333.0, 204851.0, 219333.0, 219736.0, 220164.0, 220929.0, 221662.0, 253558.0, 255308.0, 261726.0, 283209.0, 283927.0, 284252.0, 340351.0, 342667.0, 348235.0, 352954.0, 374407.0, 375337.0, 377677.0, 440145.0, 503542.0, 644150.0, 729920.0 
GO:0016013 CC 1.94e-05  4/1933     4/29107 D04 syntrophin complex                       1756.0, 6640.0, 54212.0, 54221.0 
GO:0005769 CC 3.24e-05 37/1933   268/29107 D08 early endosome                           154.0, 323.0, 338.0, 1182.0, 1183.0, 1184.0, 1992.0, 4771.0, 6653.0, 8291.0, 8724.0, 8829.0, 8934.0, 9135.0, 9388.0, 9856.0, 9910.0, 10807.0, 11252.0, 22853.0, 23074.0, 23180.0, 25849.0, 26047.0, 26060.0, 26750.0, 27072.0, 51652.0, 54492.0, 55111.0, 55435.0, 57679.0, 64089.0, 89853.0, 112936.0, 114804.0, 125058.0 
GO:0032839 CC 3.67e-05 10/1933    33/29107 D06 dendrite cytoplasm                       3208.0, 3799.0, 4988.0, 5813.0, 6792.0, 7881.0, 8936.0, 9026.0, 26090.0, 339451.0 
GO:0030027 CC 4.05e-05 28/1933   185/29107 D04 lamellipodium                            323.0, 324.0, 832.0, 1020.0, 2195.0, 3688.0, 3737.0, 4628.0, 4771.0, 5420.0, 6453.0, 6643.0, 8476.0, 8874.0, 8936.0, 9459.0, 10096.0, 10109.0, 10787.0, 11275.0, 23380.0, 25876.0, 26230.0, 55704.0, 57175.0, 57630.0, 57679.0, 146206.0 
GO:0045211 CC 4.42e-05 23/1933   139/29107 D05 postsynaptic membrane                    286.0, 1132.0, 1134.0, 1135.0, 1139.0, 1756.0, 2560.0, 2566.0, 2567.0, 2892.0, 2895.0, 3761.0, 4900.0, 6640.0, 22895.0, 23380.0, 23426.0, 55879.0, 64084.0, 149111.0, 254263.0, 440829.0, 729993.0 
GO:0043204 CC 6.41e-05 25/1933   158/29107 D02 perikaryon                               445.0, 538.0, 1020.0, 1410.0, 1821.0, 1996.0, 3208.0, 3736.0, 3737.0, 4923.0, 4988.0, 5152.0, 5602.0, 6324.0, 7881.0, 8516.0, 8851.0, 9312.0, 10008.0, 23426.0, 26047.0, 26230.0, 57463.0, 58157.0, 79739.0 
GO:0030425 CC 6.97e-05 50/1933   422/29107 D05 dendrite                                 115.0, 214.0, 538.0, 657.0, 664.0, 793.0, 1020.0, 1132.0, 1821.0, 1838.0, 1996.0, 2044.0, 2049.0, 2560.0, 2868.0, 2890.0, 2891.0, 3312.0, 3363.0, 3736.0, 3737.0, 4036.0, 4139.0, 4988.0, 5562.0, 5582.0, 6175.0, 7224.0, 8322.0, 8725.0, 8851.0, 9312.0, 9863.0, 9912.0, 10008.0, 10160.0, 10590.0, 22849.0, 23405.0, 23426.0, 26047.0, 27252.0, 55605.0, 57125.0, 57463.0, 57679.0, 64084.0, 79739.0, 149111.0, 254263.0 
GO:0005778 CC 7.60e-05 14/1933    65/29107 D07 peroxisomal membrane                     215.0, 225.0, 847.0, 2180.0, 2182.0, 4257.0, 5827.0, 5828.0, 8540.0, 10478.0, 11001.0, 55711.0, 84188.0, 252995.0 
GO:0000139 CC 1.03e-04 64/1933   587/29107 D05 Golgi membrane                           373.0, 1182.0, 1184.0, 1523.0, 2530.0, 3601.0, 3838.0, 4893.0, 5337.0, 6482.0, 6489.0, 6653.0, 8658.0, 8707.0, 9265.0, 9331.0, 9381.0, 9478.0, 9486.0, 9516.0, 9743.0, 9951.0, 9953.0, 9980.0, 10090.0, 10329.0, 10484.0, 10565.0, 11015.0, 11227.0, 25849.0, 26290.0, 27032.0, 27236.0, 50515.0, 51000.0, 51100.0, 51363.0, 51765.0, 55146.0, 55343.0, 55676.0, 56034.0, 56548.0, 56937.0, 64084.0, 64409.0, 64689.0, 79794.0, 80351.0, 83539.0, 84620.0, 84910.0, 90161.0, 92126.0, 113189.0, 126792.0, 143187.0, 152007.0, 153339.0, 200576.0, 283576.0, 347734.0, 100288842.0 
GO:0010008 CC 1.33e-04 31/1933   227/29107 D06 endosome membrane                        154.0, 338.0, 1182.0, 1183.0, 1184.0, 3688.0, 4360.0, 6643.0, 6653.0, 8724.0, 9743.0, 9779.0, 10244.0, 23118.0, 23230.0, 23317.0, 23545.0, 25849.0, 26060.0, 27072.0, 51324.0, 51534.0, 56937.0, 81846.0, 84168.0, 84174.0, 89853.0, 93343.0, 112574.0, 155066.0, 200576.0 
GO:0015629 CC 1.36e-04 33/1933   245/29107 D06 actin cytoskeleton                       273.0, 800.0, 830.0, 832.0, 1398.0, 1612.0, 4650.0, 6840.0, 8936.0, 8997.0, 9260.0, 9262.0, 9743.0, 10096.0, 10109.0, 10552.0, 10602.0, 10611.0, 10699.0, 11214.0, 11275.0, 27252.0, 29126.0, 51474.0, 51734.0, 54492.0, 56776.0, 64098.0, 91807.0, 93587.0, 146206.0, 160851.0, 339451.0 
GO:0005938 CC 1.67e-04 23/1933   149/29107 D03 cell cortex                              667.0, 1778.0, 2868.0, 4628.0, 4650.0, 4734.0, 8874.0, 9026.0, 9478.0, 9743.0, 9847.0, 11214.0, 22844.0, 29899.0, 51057.0, 54874.0, 56776.0, 56907.0, 83992.0, 143098.0, 219736.0, 285527.0, 642273.0 
GO:0005789 CC 1.77e-04 95/1933   973/29107 D04 endoplasmic reticulum membrane           215.0, 338.0, 662.0, 667.0, 813.0, 1040.0, 1183.0, 2052.0, 2135.0, 2180.0, 2182.0, 2890.0, 2891.0, 3163.0, 3601.0, 3708.0, 3737.0, 3776.0, 3838.0, 3930.0, 4047.0, 4257.0, 4306.0, 4893.0, 5337.0, 5738.0, 5924.0, 6386.0, 6653.0, 6715.0, 6747.0, 7345.0, 7485.0, 8844.0, 9200.0, 9381.0, 9420.0, 9743.0, 9911.0, 10052.0, 10113.0, 10206.0, 10479.0, 10484.0, 10826.0, 11001.0, 11015.0, 23023.0, 23230.0, 23426.0, 23463.0, 23767.0, 26031.0, 26090.0, 51136.0, 54511.0, 54965.0, 55144.0, 55146.0, 55326.0, 55379.0, 56603.0, 56648.0, 56776.0, 57194.0, 57205.0, 57211.0, 57476.0, 57818.0, 64084.0, 64215.0, 64764.0, 65009.0, 79772.0, 84230.0, 91147.0, 91543.0, 112609.0, 114880.0, 116150.0, 125704.0, 143187.0, 149111.0, 153364.0, 157506.0, 159371.0, 202052.0, 203547.0, 253558.0, 254263.0, 283576.0, 284161.0, 342184.0, 387597.0, 493856.0 
GO:0098794 CC 1.81e-04 17/1933    96/29107 D02 postsynapse                              577.0, 814.0, 1139.0, 2030.0, 2060.0, 2554.0, 2566.0, 2567.0, 2891.0, 5813.0, 6175.0, 6616.0, 7474.0, 8874.0, 8936.0, 91752.0, 401190.0 
GO:0005741 CC 2.10e-04 26/1933   180/29107 D06 mitochondrial outer membrane             445.0, 637.0, 664.0, 2180.0, 2182.0, 2631.0, 4257.0, 5071.0, 5501.0, 8936.0, 23230.0, 51100.0, 51309.0, 54832.0, 54974.0, 55288.0, 55326.0, 57103.0, 57678.0, 64112.0, 64757.0, 91543.0, 132671.0, 192111.0, 493856.0, 647087.0 
GO:0030424 CC 2.38e-04 39/1933   318/29107 D05 axon                                     34.0, 115.0, 214.0, 538.0, 793.0, 1020.0, 1385.0, 1410.0, 1644.0, 1837.0, 1996.0, 2044.0, 2566.0, 2913.0, 3208.0, 3737.0, 4036.0, 4134.0, 4685.0, 4900.0, 4988.0, 5562.0, 6049.0, 6091.0, 6323.0, 6334.0, 8567.0, 8828.0, 8829.0, 8851.0, 9162.0, 26047.0, 27242.0, 27252.0, 27445.0, 55605.0, 57154.0, 81846.0, 133418.0 
GO:0005874 CC 2.41e-04 37/1933   298/29107 D06 microtubule                              324.0, 357.0, 1020.0, 1778.0, 3796.0, 3799.0, 4134.0, 4281.0, 4957.0, 7074.0, 8661.0, 8867.0, 9493.0, 10783.0, 11043.0, 22911.0, 22948.0, 23093.0, 23116.0, 25809.0, 25876.0, 26095.0, 27067.0, 27185.0, 27436.0, 51143.0, 55605.0, 55920.0, 57509.0, 79659.0, 79739.0, 79929.0, 83544.0, 161436.0, 164395.0, 341019.0, 642273.0 
GO:0044224 CC 2.44e-04  5/1933    10/29107 D02 juxtaparanode region of axon             3736.0, 3737.0, 7881.0, 23136.0, 26047.0 
GO:0005779 CC 2.53e-04  6/1933    15/29107 D05 integral component of peroxisomal membrane 215.0, 5828.0, 10478.0, 11001.0, 55711.0, 84188.0 
GO:0005765 CC 3.18e-04 40/1933   331/29107 D07 lysosomal membrane                       215.0, 309.0, 373.0, 1182.0, 1183.0, 1184.0, 1291.0, 1889.0, 2822.0, 3312.0, 3799.0, 4036.0, 4864.0, 4935.0, 5167.0, 5337.0, 9516.0, 9725.0, 23230.0, 23317.0, 23531.0, 23545.0, 26985.0, 27072.0, 28962.0, 54468.0, 54834.0, 55255.0, 55283.0, 56674.0, 57707.0, 79803.0, 96459.0, 123745.0, 128338.0, 144577.0, 153129.0, 155066.0, 157753.0, 220441.0 
GO:0005930 CC 4.62e-04 18/1933   113/29107 D02 axoneme                                  1063.0, 4134.0, 25876.0, 30849.0, 51057.0, 51626.0, 55036.0, 55212.0, 55259.0, 57539.0, 79659.0, 84100.0, 85478.0, 144406.0, 146845.0, 257236.0, 345895.0, 374407.0 
GO:0005635 CC 4.92e-04 25/1933   182/29107 D04 nuclear envelope                         23.0, 142.0, 662.0, 663.0, 664.0, 667.0, 1063.0, 1996.0, 2560.0, 2781.0, 3767.0, 3930.0, 4864.0, 6453.0, 10527.0, 10553.0, 23299.0, 23534.0, 54491.0, 55326.0, 55379.0, 64897.0, 79023.0, 80351.0, 129401.0 
GO:0030132 CC 5.77e-04  4/1933     7/29107 D05 clathrin coat of coated pit              1211.0, 2060.0, 8867.0, 58513.0 
GO:0097060 CC 5.83e-04  8/1933    30/29107 D04 synaptic membrane                        1006.0, 1410.0, 2890.0, 5582.0, 8867.0, 9026.0, 9162.0, 23767.0 
GO:0031410 CC 8.23e-04 35/1933   293/29107 D06 cytoplasmic vesicle                      636.0, 667.0, 1182.0, 1211.0, 2260.0, 3736.0, 3964.0, 4987.0, 6334.0, 6737.0, 8291.0, 8829.0, 9510.0, 9712.0, 9856.0, 22878.0, 23299.0, 23426.0, 26060.0, 26985.0, 51100.0, 51652.0, 53344.0, 54874.0, 55704.0, 79109.0, 80319.0, 85409.0, 112574.0, 128344.0, 154810.0, 157753.0, 157769.0, 161742.0, 163351.0 
GO:0030018 CC 1.02e-03 19/1933   129/29107 D02 Z disc                                   88.0, 286.0, 667.0, 1410.0, 1674.0, 1756.0, 3741.0, 3781.0, 4660.0, 5142.0, 5530.0, 5532.0, 6262.0, 6323.0, 6334.0, 9260.0, 10611.0, 10627.0, 55800.0 
GO:0070062 CC 1.05e-03 182/1933  2169/29107 D06 extracellular exosome                    88.0, 107.0, 214.0, 230.0, 238.0, 309.0, 316.0, 338.0, 357.0, 411.0, 445.0, 471.0, 498.0, 642.0, 686.0, 727.0, 793.0, 814.0, 830.0, 832.0, 847.0, 1075.0, 1291.0, 1362.0, 1368.0, 1398.0, 1410.0, 1615.0, 1644.0, 1655.0, 1674.0, 1778.0, 1889.0, 1968.0, 1992.0, 2182.0, 2195.0, 2530.0, 2561.0, 2628.0, 2632.0, 2674.0, 2745.0, 2788.0, 2822.0, 3012.0, 3017.0, 3176.0, 3250.0, 3312.0, 3688.0, 3795.0, 3816.0, 3909.0, 3932.0, 4036.0, 4240.0, 4300.0, 4628.0, 4734.0, 4811.0, 4864.0, 4883.0, 4893.0, 5357.0, 5420.0, 5493.0, 5578.0, 5641.0, 5865.0, 5874.0, 5910.0, 6092.0, 6125.0, 6175.0, 6239.0, 6386.0, 6482.0, 6558.0, 6653.0, 7007.0, 7178.0, 7290.0, 7336.0, 7360.0, 7474.0, 7476.0, 8291.0, 8334.0, 8361.0, 8476.0, 8667.0, 8671.0, 8724.0, 8895.0, 8934.0, 8997.0, 9398.0, 9630.0, 9725.0, 9943.0, 9980.0, 10072.0, 10096.0, 10109.0, 10149.0, 10269.0, 10516.0, 10552.0, 10627.0, 10787.0, 11001.0, 11043.0, 11252.0, 22837.0, 22948.0, 22949.0, 23041.0, 23043.0, 23180.0, 23317.0, 23327.0, 23405.0, 23406.0, 23743.0, 26060.0, 26135.0, 26230.0, 27445.0, 29126.0, 50618.0, 51050.0, 51294.0, 51506.0, 51534.0, 51652.0, 51678.0, 51765.0, 51768.0, 54039.0, 54622.0, 54680.0, 54832.0, 55075.0, 55619.0, 55777.0, 55832.0, 56034.0, 57154.0, 57175.0, 57446.0, 79612.0, 79659.0, 79838.0, 80146.0, 83690.0, 83716.0, 84059.0, 84064.0, 84100.0, 84223.0, 84817.0, 89853.0, 93343.0, 93587.0, 112574.0, 113189.0, 131034.0, 133121.0, 139221.0, 144402.0, 144568.0, 151556.0, 152007.0, 153364.0, 161436.0, 163351.0, 255252.0, 346007.0, 353189.0, 645974.0, 100499483.0 
GO:0043235 CC 1.08e-03 27/1933   209/29107 D02 receptor complex                         154.0, 238.0, 657.0, 2044.0, 2049.0, 2065.0, 2260.0, 2674.0, 3595.0, 3688.0, 3953.0, 4036.0, 4041.0, 4306.0, 5468.0, 6256.0, 7220.0, 8829.0, 9466.0, 10267.0, 10268.0, 22853.0, 55879.0, 57125.0, 64241.0, 81491.0, 84059.0 
GO:0030672 CC 1.09e-03 13/1933    74/29107 D08 synaptic vesicle membrane                273.0, 801.0, 1211.0, 2890.0, 9162.0, 9381.0, 22895.0, 22987.0, 23312.0, 55530.0, 79772.0, 132204.0, 440279.0 
GO:1902711 CC 1.09e-03  6/1933    19/29107 D04 GABA-A receptor complex                  2554.0, 2560.0, 2561.0, 2566.0, 2567.0, 55879.0 
GO:0031234 CC 1.40e-03 12/1933    67/29107 D04 extrinsic component of cytoplasmic side of plasma membrane 1837.0, 3932.0, 6616.0, 7074.0, 7881.0, 9265.0, 9885.0, 10160.0, 55359.0, 112574.0, 146206.0, 342667.0 
GO:0005925 CC 1.43e-03 45/1933   418/29107 D05 focal adhesion                           88.0, 214.0, 309.0, 667.0, 847.0, 1948.0, 2195.0, 3312.0, 3660.0, 3688.0, 4267.0, 4988.0, 5501.0, 5754.0, 5782.0, 6125.0, 6128.0, 6129.0, 6169.0, 6175.0, 6386.0, 6840.0, 8321.0, 8516.0, 8829.0, 8874.0, 8895.0, 8936.0, 9260.0, 9493.0, 10096.0, 10109.0, 10278.0, 10787.0, 11252.0, 23521.0, 23767.0, 30011.0, 51474.0, 54914.0, 55827.0, 57175.0, 64098.0, 83478.0, 85458.0 
GO:0044305 CC 1.47e-03  6/1933    20/29107 D04 calyx of Held                            793.0, 3736.0, 3737.0, 3776.0, 5582.0, 440279.0 
GO:0005249 MF 7.43e-07 16/1933    58/29107 D09 voltage-gated potassium channel activity 3736.0, 3737.0, 3741.0, 3767.0, 3786.0, 3787.0, 6616.0, 7881.0, 9196.0, 9312.0, 10021.0, 27133.0, 51305.0, 56479.0, 90134.0, 219527.0 
GO:0005096 MF 1.47e-06 41/1933   256/29107 D05 GTPase activator activity                577.0, 663.0, 1123.0, 1124.0, 4650.0, 5910.0, 5921.0, 5999.0, 8829.0, 9135.0, 9459.0, 9462.0, 9515.0, 9712.0, 9743.0, 9779.0, 9824.0, 9910.0, 9912.0, 10113.0, 10451.0, 10484.0, 10928.0, 11138.0, 23158.0, 23329.0, 23380.0, 51306.0, 55843.0, 57148.0, 57186.0, 57533.0, 57569.0, 57679.0, 80728.0, 83478.0, 93663.0, 125058.0, 143872.0, 192111.0, 255520.0 
GO:0003779 MF 2.03e-06 40/1933   261/29107 D04 actin binding                            357.0, 667.0, 800.0, 832.0, 1756.0, 2764.0, 3208.0, 3688.0, 4628.0, 4650.0, 4771.0, 5071.0, 6640.0, 7139.0, 7224.0, 8936.0, 9260.0, 10486.0, 10552.0, 10611.0, 11275.0, 22998.0, 23136.0, 23406.0, 25876.0, 26260.0, 27252.0, 51734.0, 54212.0, 54221.0, 55704.0, 56776.0, 56907.0, 64098.0, 79805.0, 83988.0, 85458.0, 147179.0, 342184.0, 644150.0 
GO:0005085 MF 2.07e-06 36/1933   223/29107 D06 guanyl-nucleotide exchange factor activity 5923.0, 5924.0, 6453.0, 7074.0, 7204.0, 8567.0, 8874.0, 8892.0, 8997.0, 9265.0, 9459.0, 10113.0, 10160.0, 10276.0, 10451.0, 10565.0, 11214.0, 23229.0, 23348.0, 26084.0, 26230.0, 29098.0, 50618.0, 54974.0, 55103.0, 55255.0, 55619.0, 55704.0, 55920.0, 57679.0, 81846.0, 96459.0, 115557.0, 140775.0, 163486.0, 404636.0 
GO:0005509 MF 3.49e-06 90/1933   704/29107 D05 calcium ion binding                      88.0, 309.0, 663.0, 667.0, 793.0, 801.0, 805.0, 813.0, 868.0, 1006.0, 1069.0, 1462.0, 2060.0, 2195.0, 2200.0, 2201.0, 2820.0, 3208.0, 3708.0, 4023.0, 4036.0, 4811.0, 5167.0, 5357.0, 5358.0, 5530.0, 5532.0, 5648.0, 6262.0, 6453.0, 7092.0, 7163.0, 7178.0, 8291.0, 8851.0, 9381.0, 9478.0, 9847.0, 10516.0, 10590.0, 10627.0, 10645.0, 10669.0, 22895.0, 23158.0, 23418.0, 27445.0, 29930.0, 50618.0, 51294.0, 51760.0, 54660.0, 54749.0, 55288.0, 56114.0, 56121.0, 56122.0, 56123.0, 56124.0, 56126.0, 56127.0, 56129.0, 56142.0, 56143.0, 56144.0, 57493.0, 57575.0, 57717.0, 58513.0, 64084.0, 64420.0, 65217.0, 79085.0, 79180.0, 79772.0, 80267.0, 83988.0, 84059.0, 84288.0, 84669.0, 84698.0, 85409.0, 120114.0, 123745.0, 162494.0, 164633.0, 341359.0, 346007.0, 388677.0, 440279.0 
GO:0000978 MF 3.81e-06 123/1933  1178/29107 D09 RNA polymerase II cis-regulatory region sequence-specific DNA binding 367.0, 1385.0, 1602.0, 1871.0, 1958.0, 2302.0, 3065.0, 3097.0, 3131.0, 3516.0, 3660.0, 4211.0, 4306.0, 4520.0, 4610.0, 4761.0, 4780.0, 4790.0, 4808.0, 4824.0, 5087.0, 5453.0, 5455.0, 5463.0, 5465.0, 5468.0, 5629.0, 5915.0, 5991.0, 5993.0, 6239.0, 6256.0, 6258.0, 6297.0, 6498.0, 6656.0, 6773.0, 6925.0, 7024.0, 7071.0, 7581.0, 7589.0, 7592.0, 7643.0, 7675.0, 7702.0, 7711.0, 7766.0, 7776.0, 9310.0, 9516.0, 9575.0, 9705.0, 9753.0, 9839.0, 10009.0, 10472.0, 10664.0, 10716.0, 10773.0, 11107.0, 11179.0, 11278.0, 22834.0, 23040.0, 23528.0, 25806.0, 26137.0, 27086.0, 27107.0, 27319.0, 30832.0, 50674.0, 51341.0, 51621.0, 53335.0, 54753.0, 55079.0, 55502.0, 55888.0, 56242.0, 57621.0, 57693.0, 58491.0, 63973.0, 63974.0, 64324.0, 64412.0, 64754.0, 64919.0, 79891.0, 79898.0, 80317.0, 84449.0, 84547.0, 84765.0, 90485.0, 91120.0, 92285.0, 121274.0, 122953.0, 126017.0, 140612.0, 146050.0, 147947.0, 147949.0, 148206.0, 155061.0, 162239.0, 163131.0, 168544.0, 199777.0, 201501.0, 220929.0, 283078.0, 284323.0, 284370.0, 285268.0, 339500.0, 342357.0, 342892.0, 388566.0, 442319.0 
GO:0005524 MF 4.11e-06 159/1933  1458/29107 D08 ATP binding                              22.0, 23.0, 107.0, 115.0, 157.0, 215.0, 225.0, 238.0, 445.0, 498.0, 538.0, 657.0, 814.0, 815.0, 956.0, 1020.0, 1024.0, 1147.0, 1182.0, 1183.0, 1184.0, 1612.0, 1615.0, 1633.0, 1655.0, 1662.0, 1778.0, 1974.0, 2044.0, 2049.0, 2058.0, 2065.0, 2180.0, 2182.0, 2260.0, 2585.0, 2868.0, 2872.0, 3312.0, 3705.0, 3767.0, 3795.0, 3796.0, 3799.0, 3932.0, 4139.0, 4628.0, 4650.0, 5001.0, 5091.0, 5095.0, 5165.0, 5167.0, 5188.0, 5205.0, 5218.0, 5562.0, 5578.0, 5581.0, 5582.0, 5602.0, 5702.0, 5754.0, 5884.0, 6059.0, 6334.0, 6594.0, 6596.0, 6789.0, 6792.0, 7204.0, 7321.0, 7325.0, 8445.0, 8476.0, 8526.0, 8569.0, 8833.0, 8844.0, 8892.0, 8997.0, 9061.0, 9162.0, 9175.0, 9188.0, 9201.0, 9262.0, 9493.0, 9641.0, 9891.0, 9943.0, 10000.0, 10054.0, 10096.0, 10588.0, 10645.0, 10721.0, 10783.0, 10928.0, 11001.0, 11040.0, 22853.0, 22948.0, 23043.0, 23078.0, 23093.0, 23170.0, 23395.0, 23405.0, 25809.0, 26750.0, 27032.0, 27102.0, 27347.0, 30849.0, 51143.0, 51347.0, 51619.0, 51765.0, 54805.0, 54974.0, 54986.0, 55359.0, 55585.0, 55605.0, 55699.0, 55915.0, 56922.0, 57194.0, 57205.0, 57396.0, 57519.0, 64241.0, 64768.0, 64781.0, 79659.0, 79739.0, 79858.0, 79895.0, 80216.0, 84284.0, 90957.0, 91807.0, 92935.0, 136332.0, 139189.0, 140739.0, 146057.0, 149420.0, 150465.0, 160851.0, 162394.0, 164395.0, 166378.0, 200576.0, 204851.0, 246269.0, 374868.0, 445571.0 
GO:0046872 MF 4.30e-06 260/1933  2297/29107 D04 metal ion binding                        104.0, 107.0, 115.0, 411.0, 657.0, 773.0, 815.0, 847.0, 1123.0, 1124.0, 1297.0, 1410.0, 2070.0, 2138.0, 2781.0, 2872.0, 2971.0, 3029.0, 3097.0, 3163.0, 3680.0, 3688.0, 4092.0, 4337.0, 4520.0, 4521.0, 4650.0, 4898.0, 5091.0, 5095.0, 5136.0, 5140.0, 5142.0, 5152.0, 5471.0, 5501.0, 5558.0, 5562.0, 5581.0, 5828.0, 5913.0, 5980.0, 6049.0, 6239.0, 6297.0, 7071.0, 7267.0, 7360.0, 7552.0, 7581.0, 7589.0, 7592.0, 7675.0, 7678.0, 7681.0, 7702.0, 7711.0, 7716.0, 7733.0, 7766.0, 7776.0, 8028.0, 8038.0, 8226.0, 8516.0, 8526.0, 8544.0, 8569.0, 8828.0, 8829.0, 8844.0, 8895.0, 8912.0, 8997.0, 9139.0, 9162.0, 9175.0, 9260.0, 9310.0, 9331.0, 9630.0, 9678.0, 9753.0, 9767.0, 9839.0, 9891.0, 10003.0, 10009.0, 10010.0, 10196.0, 10213.0, 10229.0, 10269.0, 10336.0, 10451.0, 10472.0, 10588.0, 10611.0, 10773.0, 10846.0, 11107.0, 11174.0, 11176.0, 11179.0, 11214.0, 11227.0, 11278.0, 22834.0, 22873.0, 22882.0, 22998.0, 22999.0, 23051.0, 23173.0, 23203.0, 23405.0, 23429.0, 23528.0, 25953.0, 25976.0, 26137.0, 26290.0, 27032.0, 27072.0, 27086.0, 27107.0, 28987.0, 29066.0, 29083.0, 29951.0, 30832.0, 51020.0, 51136.0, 51283.0, 51341.0, 51474.0, 51621.0, 51692.0, 53335.0, 54467.0, 54492.0, 54511.0, 54556.0, 54680.0, 54753.0, 54796.0, 55079.0, 55084.0, 55252.0, 55313.0, 55753.0, 55799.0, 55806.0, 55885.0, 55888.0, 56242.0, 56906.0, 56922.0, 56950.0, 56978.0, 57117.0, 57621.0, 57630.0, 57693.0, 58157.0, 58491.0, 64172.0, 64241.0, 64409.0, 64412.0, 64689.0, 64754.0, 64854.0, 64919.0, 64943.0, 79142.0, 79177.0, 79817.0, 79858.0, 79891.0, 79898.0, 80317.0, 80351.0, 80742.0, 80774.0, 81035.0, 83932.0, 84064.0, 84100.0, 84168.0, 84449.0, 84524.0, 84765.0, 84864.0, 84872.0, 84900.0, 84929.0, 90485.0, 90592.0, 90957.0, 91120.0, 91543.0, 91752.0, 92285.0, 94122.0, 114804.0, 116150.0, 121274.0, 126017.0, 127396.0, 128553.0, 131034.0, 133121.0, 139189.0, 140612.0, 144402.0, 146050.0, 147947.0, 147949.0, 148156.0, 148206.0, 148932.0, 152485.0, 153129.0, 153364.0, 155061.0, 160851.0, 162239.0, 163131.0, 168544.0, 169841.0, 171019.0, 199692.0, 199777.0, 200558.0, 201501.0, 219333.0, 220441.0, 220929.0, 221687.0, 253639.0, 254042.0, 283209.0, 283489.0, 284161.0, 284323.0, 284370.0, 285268.0, 339500.0, 342357.0, 342667.0, 342892.0, 344558.0, 359948.0, 388566.0, 442319.0, 493856.0, 493911.0, 642819.0, 644353.0 
GO:0004674 MF 5.49e-06 43/1933   312/29107 D06 protein serine/threonine kinase activity 657.0, 815.0, 1020.0, 1147.0, 1612.0, 2872.0, 4139.0, 5165.0, 5562.0, 5578.0, 5581.0, 5582.0, 5602.0, 6789.0, 6792.0, 7204.0, 8445.0, 8476.0, 8569.0, 8895.0, 8997.0, 9175.0, 9262.0, 9641.0, 9891.0, 9943.0, 10000.0, 10553.0, 10783.0, 11040.0, 22853.0, 23043.0, 26750.0, 27347.0, 30849.0, 51347.0, 57396.0, 79858.0, 80216.0, 146057.0, 149420.0, 200576.0, 204851.0 
GO:0005515 MF 8.45e-06 1189/1933 12418/29107 D02 protein binding                          22.0, 23.0, 40.0, 88.0, 104.0, 142.0, 154.0, 157.0, 211.0, 214.0, 215.0, 225.0, 230.0, 238.0, 273.0, 286.0, 309.0, 323.0, 324.0, 338.0, 357.0, 367.0, 373.0, 445.0, 498.0, 538.0, 577.0, 585.0, 636.0, 637.0, 642.0, 657.0, 662.0, 663.0, 664.0, 667.0, 672.0, 685.0, 727.0, 744.0, 773.0, 783.0, 793.0, 800.0, 801.0, 805.0, 813.0, 815.0, 830.0, 832.0, 868.0, 956.0, 1020.0, 1024.0, 1040.0, 1063.0, 1069.0, 1075.0, 1114.0, 1123.0, 1124.0, 1139.0, 1140.0, 1147.0, 1161.0, 1182.0, 1183.0, 1184.0, 1211.0, 1297.0, 1385.0, 1398.0, 1410.0, 1462.0, 1602.0, 1612.0, 1615.0, 1644.0, 1655.0, 1674.0, 1687.0, 1741.0, 1743.0, 1756.0, 1778.0, 1796.0, 1827.0, 1831.0, 1837.0, 1838.0, 1839.0, 1871.0, 1889.0, 1948.0, 1958.0, 1968.0, 1974.0, 1992.0, 2006.0, 2049.0, 2052.0, 2058.0, 2060.0, 2065.0, 2070.0, 2135.0, 2138.0, 2153.0, 2195.0, 2200.0, 2201.0, 2260.0, 2277.0, 2287.0, 2302.0, 2530.0, 2566.0, 2619.0, 2628.0, 2631.0, 2632.0, 2709.0, 2745.0, 2781.0, 2788.0, 2872.0, 2890.0, 2891.0, 2895.0, 2958.0, 2969.0, 2977.0, 3012.0, 3017.0, 3029.0, 3065.0, 3067.0, 3131.0, 3163.0, 3185.0, 3208.0, 3312.0, 3363.0, 3516.0, 3601.0, 3612.0, 3624.0, 3625.0, 3631.0, 3660.0, 3688.0, 3708.0, 3736.0, 3737.0, 3741.0, 3759.0, 3761.0, 3763.0, 3767.0, 3781.0, 3786.0, 3787.0, 3795.0, 3796.0, 3799.0, 3838.0, 3904.0, 3930.0, 3932.0, 3953.0, 3964.0, 4023.0, 4036.0, 4041.0, 4047.0, 4092.0, 4134.0, 4139.0, 4211.0, 4257.0, 4267.0, 4281.0, 4299.0, 4300.0, 4306.0, 4330.0, 4354.0, 4360.0, 4487.0, 4520.0, 4521.0, 4548.0, 4628.0, 4650.0, 4660.0, 4674.0, 4675.0, 4734.0, 4771.0, 4780.0, 4790.0, 4794.0, 4808.0, 4824.0, 4857.0, 4864.0, 4883.0, 4887.0, 4893.0, 4898.0, 4922.0, 4923.0, 4935.0, 4942.0, 4957.0, 4978.0, 4987.0, 4988.0, 5001.0, 5071.0, 5087.0, 5091.0, 5095.0, 5140.0, 5152.0, 5160.0, 5165.0, 5167.0, 5188.0, 5205.0, 5218.0, 5337.0, 5420.0, 5463.0, 5465.0, 5468.0, 5493.0, 5501.0, 5530.0, 5532.0, 5550.0, 5554.0, 5558.0, 5562.0, 5578.0, 5581.0, 5582.0, 5602.0, 5629.0, 5648.0, 5702.0, 5738.0, 5744.0, 5754.0, 5771.0, 5774.0, 5782.0, 5784.0, 5791.0, 5806.0, 5813.0, 5827.0, 5828.0, 5865.0, 5874.0, 5876.0, 5884.0, 5910.0, 5921.0, 5937.0, 5980.0, 5991.0, 5993.0, 6017.0, 6049.0, 6059.0, 6091.0, 6092.0, 6094.0, 6125.0, 6128.0, 6129.0, 6169.0, 6175.0, 6256.0, 6258.0, 6262.0, 6297.0, 6310.0, 6324.0, 6334.0, 6386.0, 6397.0, 6453.0, 6457.0, 6489.0, 6498.0, 6558.0, 6581.0, 6594.0, 6596.0, 6603.0, 6616.0, 6640.0, 6643.0, 6653.0, 6656.0, 6737.0, 6741.0, 6747.0, 6749.0, 6760.0, 6773.0, 6785.0, 6789.0, 6792.0, 6840.0, 6884.0, 6925.0, 6943.0, 6990.0, 6992.0, 7013.0, 7024.0, 7071.0, 7072.0, 7074.0, 7091.0, 7109.0, 7139.0, 7163.0, 7178.0, 7187.0, 7204.0, 7220.0, 7223.0, 7224.0, 7267.0, 7290.0, 7321.0, 7325.0, 7336.0, 7345.0, 7360.0, 7474.0, 7476.0, 7485.0, 7552.0, 7589.0, 7592.0, 7675.0, 7678.0, 7681.0, 7702.0, 7711.0, 7716.0, 7733.0, 7766.0, 7776.0, 7905.0, 7957.0, 7978.0, 7993.0, 8019.0, 8027.0, 8028.0, 8038.0, 8100.0, 8226.0, 8266.0, 8291.0, 8295.0, 8309.0, 8321.0, 8322.0, 8334.0, 8361.0, 8434.0, 8440.0, 8445.0, 8476.0, 8481.0, 8535.0, 8540.0, 8544.0, 8567.0, 8569.0, 8624.0, 8631.0, 8658.0, 8661.0, 8667.0, 8671.0, 8724.0, 8725.0, 8745.0, 8772.0, 8828.0, 8829.0, 8844.0, 8851.0, 8874.0, 8892.0, 8895.0, 8912.0, 8934.0, 8936.0, 9026.0, 9069.0, 9111.0, 9131.0, 9135.0, 9139.0, 9140.0, 9162.0, 9175.0, 9188.0, 9196.0, 9200.0, 9219.0, 9240.0, 9241.0, 9260.0, 9265.0, 9293.0, 9306.0, 9308.0, 9324.0, 9423.0, 9425.0, 9459.0, 9462.0, 9465.0, 9466.0, 9470.0, 9478.0, 9493.0, 9510.0, 9515.0, 9516.0, 9575.0, 9607.0, 9627.0, 9630.0, 9641.0, 9659.0, 9665.0, 9678.0, 9710.0, 9717.0, 9723.0, 9724.0, 9725.0, 9743.0, 9747.0, 9750.0, 9753.0, 9758.0, 9760.0, 9767.0, 9779.0, 9801.0, 9812.0, 9832.0, 9839.0, 9856.0, 9863.0, 9870.0, 9873.0, 9885.0, 9891.0, 9911.0, 9912.0, 9918.0, 9943.0, 9980.0, 9989.0, 10000.0, 10003.0, 10008.0, 10009.0, 10010.0, 10052.0, 10054.0, 10063.0, 10069.0, 10072.0, 10096.0, 10100.0, 10109.0, 10113.0, 10124.0, 10160.0, 10190.0, 10196.0, 10206.0, 10208.0, 10213.0, 10229.0, 10242.0, 10244.0, 10254.0, 10267.0, 10268.0, 10269.0, 10276.0, 10278.0, 10311.0, 10329.0, 10336.0, 10451.0, 10468.0, 10472.0, 10474.0, 10478.0, 10484.0, 10486.0, 10516.0, 10527.0, 10553.0, 10556.0, 10557.0, 10565.0, 10586.0, 10590.0, 10602.0, 10611.0, 10614.0, 10627.0, 10664.0, 10686.0, 10699.0, 10716.0, 10721.0, 10773.0, 10783.0, 10787.0, 10807.0, 10826.0, 10928.0, 10983.0, 11010.0, 11040.0, 11107.0, 11118.0, 11122.0, 11138.0, 11176.0, 11197.0, 11198.0, 11214.0, 11216.0, 11252.0, 11266.0, 11272.0, 11274.0, 11275.0, 11276.0, 11278.0, 11336.0, 22808.0, 22834.0, 22844.0, 22849.0, 22853.0, 22873.0, 22878.0, 22879.0, 22882.0, 22895.0, 22905.0, 22911.0, 22916.0, 22948.0, 22949.0, 22954.0, 22987.0, 22999.0, 23023.0, 23041.0, 23043.0, 23047.0, 23051.0, 23054.0, 23072.0, 23074.0, 23078.0, 23118.0, 23136.0, 23143.0, 23158.0, 23170.0, 23173.0, 23203.0, 23212.0, 23228.0, 23229.0, 23230.0, 23251.0, 23283.0, 23299.0, 23317.0, 23327.0, 23328.0, 23348.0, 23368.0, 23380.0, 23405.0, 23406.0, 23418.0, 23424.0, 23426.0, 23429.0, 23463.0, 23484.0, 23528.0, 23531.0, 23534.0, 23545.0, 23548.0, 23555.0, 23582.0, 23704.0, 23767.0, 23788.0, 25763.0, 25806.0, 25849.0, 25855.0, 25876.0, 25953.0, 26031.0, 26034.0, 26047.0, 26060.0, 26065.0, 26135.0, 26206.0, 26207.0, 26235.0, 26574.0, 26750.0, 26985.0, 27067.0, 27072.0, 27086.0, 27102.0, 27185.0, 27236.0, 27242.0, 27252.0, 27254.0, 27291.0, 27347.0, 27436.0, 28951.0, 28955.0, 28962.0, 28981.0, 28985.0, 28987.0, 28990.0, 29083.0, 29094.0, 29126.0, 29855.0, 29899.0, 29928.0, 29967.0, 29997.0, 30011.0, 30849.0, 50618.0, 50674.0, 50863.0, 50937.0, 51020.0, 51030.0, 51071.0, 51100.0, 51122.0, 51143.0, 51247.0, 51264.0, 51283.0, 51309.0, 51324.0, 51341.0, 51347.0, 51362.0, 51363.0, 51371.0, 51373.0, 51389.0, 51397.0, 51474.0, 51499.0, 51506.0, 51534.0, 51619.0, 51621.0, 51626.0, 51652.0, 51659.0, 51665.0, 51678.0, 51691.0, 51692.0, 51734.0, 51741.0, 51760.0, 51765.0, 51808.0, 53358.0, 53838.0, 54103.0, 54212.0, 54221.0, 54431.0, 54432.0, 54463.0, 54467.0, 54468.0, 54469.0, 54491.0, 54492.0, 54497.0, 54536.0, 54549.0, 54585.0, 54622.0, 54680.0, 54715.0, 54749.0, 54765.0, 54796.0, 54819.0, 54834.0, 54874.0, 54913.0, 54914.0, 54951.0, 54969.0, 54974.0, 54994.0, 55022.0, 55024.0, 55030.0, 55034.0, 55068.0, 55070.0, 55075.0, 55086.0, 55103.0, 55111.0, 55125.0, 55144.0, 55146.0, 55164.0, 55212.0, 55223.0, 55246.0, 55255.0, 55259.0, 55288.0, 55319.0, 55326.0, 55352.0, 55359.0, 55379.0, 55471.0, 55502.0, 55505.0, 55515.0, 55530.0, 55585.0, 55592.0, 55603.0, 55605.0, 55619.0, 55668.0, 55672.0, 55704.0, 55729.0, 55753.0, 55759.0, 55763.0, 55779.0, 55800.0, 55806.0, 55824.0, 55827.0, 55832.0, 55879.0, 55885.0, 55888.0, 55915.0, 55920.0, 55954.0, 55975.0, 56034.0, 56122.0, 56124.0, 56144.0, 56256.0, 56259.0, 56479.0, 56603.0, 56616.0, 56648.0, 56674.0, 56675.0, 56902.0, 56906.0, 56907.0, 56922.0, 56929.0, 56937.0, 56950.0, 56978.0, 57103.0, 57117.0, 57125.0, 57128.0, 57148.0, 57154.0, 57175.0, 57182.0, 57194.0, 57205.0, 57325.0, 57337.0, 57396.0, 57405.0, 57460.0, 57463.0, 57491.0, 57492.0, 57493.0, 57520.0, 57533.0, 57539.0, 57554.0, 57562.0, 57606.0, 57621.0, 57630.0, 57639.0, 57678.0, 57679.0, 57693.0, 57707.0, 57827.0, 58157.0, 58491.0, 58513.0, 59277.0, 63892.0, 63905.0, 63933.0, 63939.0, 63967.0, 63973.0, 64098.0, 64101.0, 64112.0, 64215.0, 64241.0, 64324.0, 64332.0, 64399.0, 64431.0, 64689.0, 64750.0, 64754.0, 64757.0, 64768.0, 64770.0, 64771.0, 64781.0, 64785.0, 64854.0, 64866.0, 64897.0, 64919.0, 64965.0, 65008.0, 65009.0, 65991.0, 78996.0, 79020.0, 79023.0, 79035.0, 79047.0, 79075.0, 79085.0, 79109.0, 79142.0, 79157.0, 79165.0, 79172.0, 79177.0, 79598.0, 79607.0, 79612.0, 79648.0, 79650.0, 79659.0, 79697.0, 79719.0, 79794.0, 79803.0, 79805.0, 79809.0, 79817.0, 79858.0, 79895.0, 79898.0, 79912.0, 79918.0, 80007.0, 80067.0, 80145.0, 80216.0, 80309.0, 80317.0, 80351.0, 80742.0, 80774.0, 80776.0, 80817.0, 81544.0, 81566.0, 81846.0, 83478.0, 83544.0, 83594.0, 83700.0, 83714.0, 83851.0, 83861.0, 83932.0, 83939.0, 83987.0, 83988.0, 83992.0, 84059.0, 84064.0, 84071.0, 84078.0, 84084.0, 84100.0, 84142.0, 84168.0, 84174.0, 84188.0, 84230.0, 84262.0, 84267.0, 84280.0, 84303.0, 84312.0, 84336.0, 84524.0, 84547.0, 84549.0, 84641.0, 84668.0, 84669.0, 84695.0, 84709.0, 84817.0, 84864.0, 84869.0, 84872.0, 84897.0, 84898.0, 84916.0, 84929.0, 84934.0, 84939.0, 84946.0, 85015.0, 85027.0, 85315.0, 85409.0, 85457.0, 85458.0, 85476.0, 89832.0, 89853.0, 90231.0, 90293.0, 90355.0, 90480.0, 90485.0, 90665.0, 90957.0, 91147.0, 91543.0, 91582.0, 91775.0, 92181.0, 92565.0, 92610.0, 92856.0, 93343.0, 93587.0, 94122.0, 96459.0, 112574.0, 112609.0, 112869.0, 112936.0, 113402.0, 113828.0, 114880.0, 114883.0, 114897.0, 115201.0, 115548.0, 116143.0, 116150.0, 116461.0, 117178.0, 118924.0, 121053.0, 122953.0, 124411.0, 125058.0, 126282.0, 126820.0, 127733.0, 128344.0, 128553.0, 129401.0, 129563.0, 130026.0, 130574.0, 130951.0, 131034.0, 131405.0, 131474.0, 131583.0, 131669.0, 132204.0, 132671.0, 132789.0, 133121.0, 134265.0, 134510.0, 134728.0, 134829.0, 136332.0, 138162.0, 138716.0, 139322.0, 140606.0, 140739.0, 140775.0, 140876.0, 140886.0, 140890.0, 143098.0, 143187.0, 144110.0, 144245.0, 144402.0, 145581.0, 145773.0, 146057.0, 146223.0, 146845.0, 147179.0, 147463.0, 147495.0, 148156.0, 148932.0, 149111.0, 149420.0, 149986.0, 150678.0, 150737.0, 150864.0, 151246.0, 151449.0, 152485.0, 153129.0, 153339.0, 153364.0, 153527.0, 154043.0, 154810.0, 155061.0, 157506.0, 157638.0, 157657.0, 157753.0, 157769.0, 157773.0, 158405.0, 159371.0, 160418.0, 161253.0, 161742.0, 162239.0, 162681.0, 163786.0, 164633.0, 167555.0, 168544.0, 169841.0, 192111.0, 199692.0, 200558.0, 200576.0, 200728.0, 203547.0, 204851.0, 204962.0, 219333.0, 219736.0, 219738.0, 219899.0, 220164.0, 220441.0, 220929.0, 221322.0, 221662.0, 221687.0, 222553.0, 246269.0, 252969.0, 253558.0, 253639.0, 254170.0, 254263.0, 254427.0, 254827.0, 256364.0, 257236.0, 259294.0, 261726.0, 282996.0, 283450.0, 283489.0, 283576.0, 283742.0, 284252.0, 284323.0, 284402.0, 285527.0, 285590.0, 285613.0, 339451.0, 339745.0, 340348.0, 341019.0, 342667.0, 344558.0, 345757.0, 347734.0, 348235.0, 374407.0, 375287.0, 377677.0, 387856.0, 388677.0, 388753.0, 388969.0, 389203.0, 391356.0, 399947.0, 404550.0, 440145.0, 445571.0, 493856.0, 493911.0, 613212.0, 642273.0, 642597.0, 642938.0, 642968.0, 644096.0, 647087.0, 653247.0, 729852.0, 729967.0, 100129792.0 
GO:0008017 MF 1.03e-05 37/1933   254/29107 D05 microtubule binding                      324.0, 667.0, 1063.0, 1069.0, 1410.0, 3796.0, 3799.0, 4134.0, 4281.0, 7013.0, 7074.0, 9493.0, 9832.0, 11043.0, 23116.0, 25876.0, 26206.0, 27072.0, 27436.0, 51115.0, 54627.0, 55259.0, 55605.0, 55704.0, 55920.0, 57509.0, 57519.0, 79805.0, 79929.0, 80817.0, 84142.0, 161436.0, 252969.0, 256364.0, 341019.0, 342184.0, 348235.0 
GO:0000981 MF 1.48e-05 122/1933  1241/29107 D03 DNA-binding transcription factor activity, RNA polymerase II-specific 367.0, 1385.0, 1523.0, 1602.0, 1871.0, 1958.0, 2302.0, 2969.0, 3097.0, 3131.0, 3516.0, 3660.0, 4211.0, 4306.0, 4487.0, 4520.0, 4610.0, 4761.0, 4780.0, 4790.0, 4808.0, 4824.0, 5087.0, 5453.0, 5455.0, 5463.0, 5465.0, 5468.0, 5629.0, 5813.0, 5915.0, 5991.0, 5993.0, 6256.0, 6258.0, 6297.0, 6498.0, 6656.0, 6773.0, 6925.0, 6943.0, 7024.0, 7071.0, 7091.0, 7589.0, 7592.0, 7643.0, 7675.0, 7678.0, 7702.0, 7711.0, 7716.0, 7733.0, 7766.0, 7776.0, 9310.0, 9575.0, 9705.0, 9753.0, 9839.0, 10009.0, 10472.0, 10716.0, 11278.0, 22834.0, 22882.0, 23040.0, 23051.0, 23528.0, 25806.0, 27086.0, 27107.0, 27319.0, 29942.0, 30832.0, 50674.0, 51341.0, 51621.0, 54753.0, 55502.0, 55888.0, 56242.0, 57491.0, 57693.0, 63973.0, 63974.0, 64412.0, 64764.0, 79177.0, 80317.0, 81566.0, 84449.0, 84547.0, 84765.0, 90592.0, 91120.0, 121274.0, 122953.0, 126017.0, 127396.0, 128553.0, 140612.0, 146050.0, 147947.0, 147949.0, 148156.0, 148206.0, 162239.0, 168544.0, 169841.0, 199692.0, 199777.0, 201501.0, 253639.0, 283078.0, 284323.0, 285268.0, 339500.0, 342357.0, 388566.0, 442319.0, 642819.0 
GO:0005546 MF 1.93e-05 17/1933    81/29107 D07 phosphatidylinositol-4,5-bisphosphate binding 88.0, 1687.0, 3759.0, 4139.0, 6386.0, 6840.0, 9026.0, 9758.0, 9885.0, 22895.0, 29091.0, 51652.0, 55763.0, 79109.0, 112574.0, 115548.0, 123745.0 
GO:0008270 MF 2.23e-05 86/1933   814/29107 D06 zinc ion binding                         142.0, 367.0, 373.0, 672.0, 793.0, 868.0, 1362.0, 1368.0, 1756.0, 1821.0, 1837.0, 1838.0, 1889.0, 1958.0, 2058.0, 4281.0, 4306.0, 4325.0, 4548.0, 5071.0, 5167.0, 5465.0, 5468.0, 5578.0, 5582.0, 5876.0, 5915.0, 6256.0, 6258.0, 6596.0, 6737.0, 7092.0, 7187.0, 7643.0, 8658.0, 9219.0, 9510.0, 9516.0, 9705.0, 10072.0, 10206.0, 10484.0, 10664.0, 11043.0, 11266.0, 22895.0, 22954.0, 23024.0, 23040.0, 23087.0, 23118.0, 23287.0, 23743.0, 25893.0, 51734.0, 54469.0, 54765.0, 54819.0, 54969.0, 55223.0, 55954.0, 57643.0, 57798.0, 64324.0, 64399.0, 79830.0, 80312.0, 80319.0, 80853.0, 81615.0, 83594.0, 84085.0, 84871.0, 85015.0, 93550.0, 112479.0, 120526.0, 123624.0, 131405.0, 153527.0, 200576.0, 252969.0, 282996.0, 340351.0, 377677.0, 440730.0 
GO:0106311 MF 2.35e-05 46/1933   359/29107 D07 protein threonine kinase activity        814.0, 815.0, 1020.0, 1024.0, 1612.0, 2872.0, 4139.0, 5218.0, 5562.0, 5578.0, 5581.0, 5582.0, 5602.0, 6789.0, 6792.0, 7204.0, 8445.0, 8476.0, 8569.0, 8844.0, 8997.0, 9175.0, 9201.0, 9262.0, 9891.0, 9943.0, 10000.0, 10645.0, 10783.0, 11040.0, 22853.0, 23043.0, 26750.0, 27102.0, 27347.0, 30849.0, 51347.0, 51765.0, 54986.0, 57396.0, 79858.0, 80216.0, 146057.0, 149420.0, 200576.0, 204851.0 
GO:0106310 MF 2.35e-05 46/1933   359/29107 D07 protein serine kinase activity           814.0, 815.0, 1020.0, 1024.0, 1612.0, 2872.0, 4139.0, 5218.0, 5562.0, 5578.0, 5581.0, 5582.0, 5602.0, 6789.0, 6792.0, 7204.0, 8445.0, 8476.0, 8569.0, 8844.0, 8997.0, 9175.0, 9201.0, 9262.0, 9891.0, 9943.0, 10000.0, 10645.0, 10783.0, 11040.0, 22853.0, 23043.0, 26750.0, 27102.0, 27347.0, 30849.0, 51347.0, 51765.0, 54986.0, 57396.0, 79858.0, 80216.0, 146057.0, 149420.0, 200576.0, 204851.0 
GO:0031267 MF 2.36e-05 36/1933   258/29107 D05 small GTPase binding                     538.0, 636.0, 4650.0, 5876.0, 6653.0, 6792.0, 8934.0, 8936.0, 9710.0, 9712.0, 9910.0, 9912.0, 10160.0, 10527.0, 10787.0, 10928.0, 11214.0, 22895.0, 22999.0, 23299.0, 23312.0, 23329.0, 23380.0, 23534.0, 26985.0, 29098.0, 54432.0, 55920.0, 57679.0, 79109.0, 79803.0, 94122.0, 128344.0, 163486.0, 220441.0, 404636.0 
GO:0042802 MF 5.97e-05 139/1933  1494/29107 D03 identical protein binding                34.0, 88.0, 142.0, 154.0, 211.0, 214.0, 215.0, 238.0, 309.0, 316.0, 373.0, 445.0, 586.0, 642.0, 664.0, 815.0, 847.0, 1006.0, 1075.0, 1184.0, 1385.0, 1410.0, 1612.0, 1666.0, 1674.0, 2058.0, 2065.0, 2200.0, 2260.0, 2277.0, 3208.0, 3612.0, 3624.0, 3759.0, 3799.0, 3932.0, 4199.0, 4257.0, 4281.0, 4685.0, 4790.0, 4923.0, 4942.0, 5071.0, 5091.0, 5468.0, 5471.0, 5702.0, 5806.0, 6091.0, 6092.0, 6129.0, 6256.0, 6262.0, 6310.0, 6386.0, 6457.0, 6643.0, 6737.0, 6773.0, 6789.0, 6925.0, 6990.0, 7013.0, 7187.0, 7360.0, 7681.0, 7915.0, 8476.0, 8481.0, 8671.0, 8772.0, 8862.0, 9026.0, 9069.0, 9111.0, 9175.0, 9188.0, 9627.0, 9641.0, 9943.0, 10021.0, 10486.0, 10614.0, 10686.0, 11252.0, 11275.0, 22882.0, 22954.0, 23023.0, 23380.0, 23484.0, 23534.0, 26060.0, 27072.0, 27086.0, 29899.0, 29997.0, 51100.0, 51765.0, 54585.0, 54680.0, 54749.0, 54974.0, 55223.0, 55617.0, 55975.0, 56144.0, 57175.0, 57460.0, 57621.0, 57679.0, 64089.0, 64750.0, 79047.0, 79607.0, 79648.0, 80007.0, 80146.0, 81846.0, 84547.0, 84864.0, 85027.0, 112609.0, 114897.0, 115548.0, 122622.0, 126282.0, 129401.0, 130951.0, 131870.0, 132671.0, 132789.0, 147495.0, 151449.0, 154810.0, 221935.0, 283742.0, 284252.0 
GO:0015631 MF 8.82e-05 13/1933    58/29107 D04 tubulin binding                          672.0, 5071.0, 23093.0, 23170.0, 23287.0, 25809.0, 28981.0, 79739.0, 83988.0, 84871.0, 84934.0, 123624.0, 164395.0 
GO:0070679 MF 9.72e-05  6/1933    13/29107 D04 inositol 1,4,5 trisphosphate binding     3708.0, 7220.0, 7223.0, 7224.0, 22895.0, 23228.0 
GO:0001227 MF 1.15e-04 39/1933   308/29107 D04 DNA-binding transcription repressor activity, RNA polymerase II-specific 1602.0, 4487.0, 4790.0, 5463.0, 5465.0, 5468.0, 5629.0, 6498.0, 6943.0, 7678.0, 7733.0, 9839.0, 10009.0, 10472.0, 10664.0, 10773.0, 11107.0, 11278.0, 23040.0, 23528.0, 25806.0, 26137.0, 27086.0, 50674.0, 51341.0, 53335.0, 55079.0, 55502.0, 57621.0, 64412.0, 80317.0, 84524.0, 122953.0, 127396.0, 148156.0, 155061.0, 169841.0, 253639.0, 642819.0 
GO:1904315 MF 1.71e-04  9/1933    32/29107 D10 transmitter-gated ion channel activity involved in regulation of postsynaptic membrane potential 1134.0, 1140.0, 2554.0, 2560.0, 2561.0, 2566.0, 2567.0, 2890.0, 2895.0 
GO:0005516 MF 1.79e-04 28/1933   201/29107 D03 calmodulin binding                       107.0, 800.0, 814.0, 815.0, 1612.0, 1655.0, 2872.0, 3781.0, 3786.0, 4628.0, 4650.0, 4900.0, 5136.0, 5255.0, 5530.0, 5532.0, 5924.0, 5999.0, 6262.0, 6640.0, 8569.0, 10645.0, 27133.0, 56479.0, 79598.0, 79929.0, 84223.0, 440279.0 
GO:0005251 MF 2.21e-04  9/1933    33/29107 D10 delayed rectifier potassium channel activity 3736.0, 3737.0, 3741.0, 3786.0, 3787.0, 9312.0, 10008.0, 23704.0, 56479.0 
GO:0031491 MF 2.64e-04  8/1933    27/29107 D03 nucleosome binding                       6594.0, 6749.0, 7290.0, 8028.0, 11198.0, 57492.0, 64431.0, 84939.0 
GO:0044325 MF 2.89e-04 21/1933   133/29107 D03 transmembrane transporter binding        88.0, 286.0, 801.0, 805.0, 3767.0, 5142.0, 6262.0, 6324.0, 6640.0, 7881.0, 9196.0, 9747.0, 10008.0, 22999.0, 23327.0, 23704.0, 27133.0, 29098.0, 55800.0, 57628.0, 219527.0 
GO:0050692 MF 2.92e-04  3/1933     3/29107 D04 DNA binding domain binding               5468.0, 5629.0, 6256.0 
GO:0015459 MF 3.37e-04 10/1933    42/29107 D04 potassium channel regulator activity     154.0, 3787.0, 7881.0, 9196.0, 10008.0, 10242.0, 23327.0, 23704.0, 57463.0, 57628.0 
GO:0004984 MF 2.16e-06  2/1933   399/29107 D04 olfactory receptor activity              26693.0, 343171.0 
GO:1903231 MF 1.00e-05  2/1933   253/29107 D06 mRNA binding involved in posttranscriptional gene silencing 9665.0, 574444.0 
