GO:0008380 BP 3.42e-07  24/911   168/29107 D08 RNA splicing                             708.0, 1665.0, 4841.0, 5511.0, 5515.0, 6429.0, 6632.0, 6636.0, 9295.0, 9406.0, 9541.0, 9589.0, 9967.0, 10150.0, 10284.0, 10286.0, 10492.0, 10569.0, 11193.0, 23543.0, 51755.0, 54033.0, 58155.0, 58517.0 
GO:0006511 BP 4.30e-07  33/911   252/29107 D08 ubiquitin-dependent protein catabolic process 4193.0, 5682.0, 5684.0, 5701.0, 5717.0, 6477.0, 6872.0, 6921.0, 7322.0, 7326.0, 7334.0, 7337.0, 7398.0, 8452.0, 8533.0, 9604.0, 9958.0, 10600.0, 23358.0, 25793.0, 25820.0, 51132.0, 54602.0, 54778.0, 55230.0, 56254.0, 57448.0, 80204.0, 84132.0, 84640.0, 130507.0, 147339.0, 149041.0 
GO:0006397 BP 5.01e-07  26/911   172/29107 D08 mRNA processing                          708.0, 1665.0, 4841.0, 5511.0, 6426.0, 6429.0, 8683.0, 9295.0, 9406.0, 9541.0, 9589.0, 9967.0, 10150.0, 10284.0, 10285.0, 10657.0, 10946.0, 23543.0, 51755.0, 54033.0, 54439.0, 58155.0, 58517.0, 64062.0, 201626.0, 255967.0 
GO:0007049 BP 8.00e-07  29/911   296/29107 D02 cell cycle                               902.0, 905.0, 1452.0, 1457.0, 1459.0, 3192.0, 4291.0, 4739.0, 5928.0, 6197.0, 6477.0, 6872.0, 7803.0, 8872.0, 9589.0, 10668.0, 11011.0, 23708.0, 23741.0, 51441.0, 51550.0, 55660.0, 55749.0, 55904.0, 57448.0, 79577.0, 115426.0, 132660.0, 205564.0 
GO:0000398 BP 1.04e-06  23/911   180/29107 D11 mRNA splicing, via spliceosome           3190.0, 3192.0, 3550.0, 6426.0, 6429.0, 6434.0, 6629.0, 6632.0, 6636.0, 8683.0, 8896.0, 9733.0, 10286.0, 10492.0, 10569.0, 10946.0, 11193.0, 22938.0, 23398.0, 23517.0, 55660.0, 84991.0, 135295.0 
GO:0045892 BP 1.23e-06  43/911   548/29107 D10 negative regulation of transcription, DNA-templated 1407.0, 2146.0, 2308.0, 4087.0, 4193.0, 4841.0, 4863.0, 5036.0, 6418.0, 6605.0, 6670.0, 6879.0, 6934.0, 7520.0, 7541.0, 7559.0, 7764.0, 8553.0, 8805.0, 9541.0, 9774.0, 10172.0, 10284.0, 10657.0, 11143.0, 11335.0, 22938.0, 23028.0, 23543.0, 23741.0, 51132.0, 51193.0, 51592.0, 51763.0, 51773.0, 55749.0, 55758.0, 57680.0, 57786.0, 58487.0, 64426.0, 163126.0, 163255.0 
GO:0016567 BP 1.24e-06  41/911   471/29107 D09 protein ubiquitination                   996.0, 998.0, 4193.0, 6477.0, 6500.0, 7316.0, 7322.0, 7334.0, 7428.0, 7844.0, 8139.0, 8452.0, 8805.0, 9604.0, 9867.0, 10001.0, 10299.0, 25793.0, 25820.0, 25937.0, 26190.0, 26234.0, 51132.0, 51592.0, 54778.0, 55008.0, 55167.0, 56888.0, 57448.0, 64839.0, 80124.0, 80204.0, 91947.0, 114907.0, 115426.0, 122809.0, 130507.0, 140461.0, 147339.0, 153830.0, 163859.0 
GO:0006355 BP 1.29e-06  39/911   495/29107 D09 regulation of transcription, DNA-templated 1653.0, 2146.0, 3094.0, 3643.0, 4291.0, 4801.0, 4841.0, 5515.0, 6670.0, 7182.0, 7428.0, 7555.0, 7562.0, 7584.0, 7587.0, 7705.0, 7764.0, 8553.0, 9242.0, 9604.0, 10363.0, 10794.0, 11143.0, 25937.0, 29072.0, 50862.0, 51008.0, 54386.0, 55609.0, 55749.0, 56254.0, 57122.0, 57541.0, 57786.0, 132660.0, 139886.0, 144108.0, 169981.0, 221037.0 
GO:0048025 BP 1.56e-06   7/911    20/29107 D10 negative regulation of mRNA splicing, via spliceosome 708.0, 3190.0, 4869.0, 6429.0, 8683.0, 10284.0, 135295.0 
GO:0006446 BP 2.14e-06   8/911    29/29107 D08 regulation of translational initiation   1653.0, 1975.0, 1983.0, 7458.0, 8846.0, 9669.0, 10605.0, 57409.0 
GO:0000381 BP 2.24e-06  11/911    60/29107 D10 regulation of alternative mRNA splicing, via spliceosome 3192.0, 6434.0, 9589.0, 9967.0, 10150.0, 10284.0, 10657.0, 23543.0, 54033.0, 58517.0, 135295.0 
GO:0006357 BP 2.71e-06 107/911  1600/29107 D10 regulation of transcription by RNA polymerase II 307.0, 387.0, 639.0, 892.0, 902.0, 905.0, 1052.0, 1054.0, 1105.0, 1959.0, 2308.0, 2353.0, 3164.0, 3190.0, 3298.0, 4087.0, 4193.0, 4801.0, 4848.0, 5814.0, 6605.0, 6670.0, 6879.0, 6921.0, 6924.0, 6934.0, 7181.0, 7182.0, 7541.0, 7556.0, 7559.0, 7561.0, 7562.0, 7574.0, 7584.0, 7586.0, 7587.0, 7705.0, 7728.0, 7789.0, 8553.0, 9063.0, 9242.0, 9604.0, 9668.0, 9819.0, 9841.0, 10001.0, 10172.0, 10284.0, 10308.0, 10365.0, 10600.0, 10781.0, 10794.0, 10923.0, 11262.0, 22850.0, 22926.0, 22938.0, 23028.0, 23036.0, 23099.0, 23300.0, 23361.0, 23389.0, 29079.0, 50810.0, 51193.0, 51742.0, 51780.0, 54014.0, 55279.0, 55609.0, 55758.0, 55892.0, 56943.0, 57018.0, 57336.0, 57541.0, 57711.0, 57786.0, 58487.0, 64710.0, 79088.0, 79800.0, 80829.0, 84146.0, 84458.0, 90233.0, 92140.0, 92283.0, 93624.0, 117154.0, 121536.0, 139324.0, 163049.0, 163059.0, 163255.0, 170960.0, 195828.0, 203523.0, 219749.0, 221037.0, 360023.0, 374899.0, 388112.0 
GO:0006368 BP 2.83e-06   8/911    30/29107 D09 transcription elongation from RNA polymerase II promoter 2963.0, 6924.0, 8621.0, 23168.0, 29072.0, 51755.0, 56943.0, 79577.0 
GO:0045944 BP 3.57e-06  67/911  1106/29107 D11 positive regulation of transcription by RNA polymerase II 892.0, 905.0, 1052.0, 1054.0, 1654.0, 1959.0, 2308.0, 2353.0, 2553.0, 3164.0, 3190.0, 3192.0, 3298.0, 4040.0, 4087.0, 4646.0, 4691.0, 4792.0, 4801.0, 4863.0, 4869.0, 5591.0, 6047.0, 6197.0, 6613.0, 6670.0, 6879.0, 6934.0, 7110.0, 7182.0, 7337.0, 7525.0, 7555.0, 7728.0, 8202.0, 8939.0, 9774.0, 9967.0, 10001.0, 10308.0, 10365.0, 10600.0, 11143.0, 22926.0, 22938.0, 23028.0, 23036.0, 23300.0, 23361.0, 23433.0, 25937.0, 26036.0, 29843.0, 51188.0, 51193.0, 51637.0, 51773.0, 54454.0, 54806.0, 55628.0, 57680.0, 58490.0, 64710.0, 79647.0, 84327.0, 170506.0, 170960.0 
GO:0016579 BP 4.57e-06  14/911   104/29107 D09 protein deubiquitination                 7398.0, 8665.0, 9097.0, 9958.0, 10600.0, 23252.0, 23358.0, 51633.0, 54532.0, 55230.0, 80124.0, 84132.0, 84640.0, 161725.0 
GO:0045893 BP 4.68e-06  43/911   637/29107 D10 positive regulation of transcription, DNA-templated 1959.0, 2308.0, 2353.0, 2965.0, 4040.0, 4087.0, 4863.0, 4869.0, 5927.0, 5981.0, 6047.0, 6605.0, 6670.0, 7428.0, 7555.0, 7789.0, 8805.0, 8896.0, 8915.0, 8939.0, 9604.0, 9967.0, 10365.0, 10600.0, 10746.0, 10962.0, 23300.0, 29079.0, 51763.0, 51773.0, 54778.0, 55749.0, 55904.0, 56254.0, 56943.0, 57095.0, 57541.0, 57680.0, 80155.0, 81550.0, 85403.0, 92140.0, 93624.0 
GO:0000122 BP 4.91e-06  54/911   890/29107 D11 negative regulation of transcription by RNA polymerase II 639.0, 708.0, 1407.0, 1647.0, 2146.0, 3192.0, 4193.0, 4848.0, 5814.0, 5981.0, 6301.0, 6670.0, 6872.0, 6879.0, 6934.0, 6996.0, 7181.0, 7182.0, 7428.0, 7538.0, 7541.0, 7555.0, 7556.0, 7728.0, 7764.0, 8452.0, 8531.0, 8553.0, 9242.0, 9318.0, 9541.0, 10363.0, 10365.0, 10657.0, 10781.0, 22938.0, 23028.0, 23168.0, 23741.0, 25937.0, 51132.0, 51592.0, 51616.0, 57541.0, 57600.0, 57680.0, 57711.0, 64426.0, 79577.0, 84458.0, 92140.0, 121536.0, 163126.0, 219749.0 
GO:0043161 BP 1.20e-05  17/911   160/29107 D09 proteasome-mediated ubiquitin-dependent protein catabolic process 4193.0, 5686.0, 5707.0, 5713.0, 5887.0, 6047.0, 6477.0, 7326.0, 8452.0, 9097.0, 9373.0, 9861.0, 10299.0, 25852.0, 51035.0, 64839.0, 137886.0 
GO:0043066 BP 1.45e-05  34/911   483/29107 D07 negative regulation of apoptotic process 231.0, 307.0, 665.0, 1654.0, 2308.0, 3190.0, 4869.0, 5036.0, 5584.0, 5591.0, 5599.0, 6197.0, 6198.0, 7037.0, 7082.0, 7110.0, 7416.0, 7428.0, 7534.0, 9448.0, 9531.0, 10114.0, 10730.0, 11235.0, 23376.0, 25994.0, 51569.0, 51616.0, 54806.0, 57448.0, 60560.0, 79577.0, 80155.0, 92140.0 
GO:0006413 BP 1.85e-05   9/911    49/29107 D03 translational initiation                 1654.0, 1965.0, 1977.0, 6218.0, 8665.0, 8669.0, 9669.0, 10605.0, 51386.0 
GO:0050821 BP 2.59e-05  18/911   187/29107 D04 protein stabilization                    819.0, 902.0, 3920.0, 4869.0, 6872.0, 7428.0, 9531.0, 11235.0, 23252.0, 23560.0, 23673.0, 51125.0, 51616.0, 57142.0, 64844.0, 80155.0, 84327.0, 285282.0 
GO:0002184 BP 3.06e-05   3/911     3/29107 D08 cytoplasmic translational termination    2107.0, 2935.0, 23708.0 
GO:0033140 BP 3.06e-05   3/911     3/29107 D11 negative regulation of peptidyl-serine phosphorylation of STAT protein 1647.0, 11137.0, 79893.0 
GO:0000209 BP 3.88e-05  16/911   158/29107 D10 protein polyubiquitination               4193.0, 6500.0, 6872.0, 7322.0, 7326.0, 7334.0, 8452.0, 9520.0, 9604.0, 25820.0, 51366.0, 51465.0, 54778.0, 56254.0, 64839.0, 149041.0 
GO:0046039 BP 4.70e-05   5/911    14/29107 D10 GTP metabolic process                    387.0, 5901.0, 23433.0, 55669.0, 57089.0 
GO:0006366 BP 4.84e-05  15/911   144/29107 D10 transcription by RNA polymerase II       902.0, 905.0, 1052.0, 2353.0, 2961.0, 2963.0, 2965.0, 5431.0, 5440.0, 6872.0, 6879.0, 8805.0, 9318.0, 29079.0, 51616.0 
GO:0016055 BP 4.88e-05  16/911   161/29107 D07 Wnt signaling pathway                    1452.0, 1457.0, 1459.0, 1654.0, 4040.0, 8452.0, 10042.0, 23168.0, 27123.0, 54764.0, 55737.0, 56998.0, 57680.0, 79577.0, 84327.0, 219771.0 
GO:0000380 BP 5.91e-05   6/911    23/29107 D12 alternative mRNA splicing, via spliceosome 6426.0, 8621.0, 8683.0, 10569.0, 23028.0, 84991.0 
GO:0071902 BP 6.47e-05   9/911    57/29107 D11 positive regulation of protein serine/threonine kinase activity 387.0, 1654.0, 2146.0, 5515.0, 9802.0, 10926.0, 11235.0, 51719.0, 54465.0 
GO:0000289 BP 6.87e-05   5/911    15/29107 D10 nuclear-transcribed mRNA poly(A) tail shortening 4848.0, 5073.0, 7538.0, 79670.0, 255967.0 
GO:0010498 BP 7.39e-05   7/911    34/29107 D07 proteasomal protein catabolic process    5682.0, 5684.0, 5686.0, 5689.0, 10299.0, 11101.0, 84301.0 
GO:0018105 BP 9.36e-05  16/911   170/29107 D09 peptidyl-serine phosphorylation          1452.0, 1457.0, 1459.0, 5584.0, 5591.0, 5599.0, 6197.0, 6198.0, 6872.0, 9706.0, 10114.0, 11011.0, 23012.0, 51719.0, 84930.0, 375449.0 
GO:0070936 BP 9.78e-05   9/911    60/29107 D11 protein K48-linked ubiquitination        6047.0, 6500.0, 7322.0, 7326.0, 7337.0, 8452.0, 10299.0, 51366.0, 81545.0 
GO:0000375 BP 9.83e-05   6/911    25/29107 D09 RNA splicing, via transesterification reactions 6429.0, 6434.0, 10285.0, 10286.0, 10569.0, 10946.0 
GO:0070816 BP 1.06e-04   4/911     9/29107 D11 phosphorylation of RNA polymerase II C-terminal domain 902.0, 2965.0, 8621.0, 51755.0 
GO:0090168 BP 1.19e-04   3/911     4/29107 D06 Golgi reassembly                         7534.0, 11235.0, 80124.0 
GO:0090669 BP 1.19e-04   3/911     4/29107 D10 telomerase RNA stabilization             5073.0, 92345.0, 170506.0 
GO:0046827 BP 1.34e-04   5/911    17/29107 D09 positive regulation of protein export from nucleus 4193.0, 6934.0, 9531.0, 51496.0, 64328.0 
GO:0001933 BP 1.41e-04  10/911    77/29107 D09 negative regulation of protein phosphorylation 1848.0, 4040.0, 5591.0, 5783.0, 9043.0, 25937.0, 26146.0, 51763.0, 54386.0, 84327.0 
GO:0006412 BP 1.47e-04  17/911   195/29107 D07 translation                              1979.0, 2935.0, 4736.0, 6133.0, 6138.0, 6146.0, 6157.0, 6218.0, 6230.0, 6301.0, 23708.0, 28977.0, 51187.0, 51263.0, 63931.0, 64983.0, 65005.0 
GO:0000338 BP 1.72e-04   4/911    10/29107 D09 protein deneddylation                    8533.0, 9318.0, 10920.0, 51138.0 
GO:0001731 BP 1.72e-04   4/911    10/29107 D08 formation of translation preinitiation complex 1975.0, 1983.0, 7458.0, 54505.0 
GO:0007186 BP 1.58e-06   5/911   880/29107 D05 G protein-coupled receptor signaling pathway 3643.0, 6004.0, 9590.0, 10818.0, 51763.0 
GO:0050911 BP 6.94e-06   0/911   401/29107 D05 detection of chemical stimulus involved in sensory perception of smell  
GO:0035195 BP 3.77e-05   3/911   557/29107 D10 gene silencing by miRNA                  283131.0, 406962.0, 693158.0 
GO:0022624 CC 4.25e-07   7/911    17/29107 D02 proteasome accessory complex             5700.0, 5701.0, 5706.0, 5707.0, 5711.0, 5717.0, 9861.0 
GO:0000502 CC 6.09e-07  15/911    53/29107 D05 proteasome complex                       5682.0, 5684.0, 5686.0, 5689.0, 5700.0, 5701.0, 5706.0, 5707.0, 5711.0, 5713.0, 5717.0, 5887.0, 7337.0, 9097.0, 9861.0 
GO:0016607 CC 9.26e-07  57/911   411/29107 D03 nuclear speck                            665.0, 1452.0, 1647.0, 1665.0, 2961.0, 3192.0, 3550.0, 4301.0, 4841.0, 4869.0, 5073.0, 5511.0, 6426.0, 6429.0, 6629.0, 6729.0, 7764.0, 8446.0, 8621.0, 8683.0, 8930.0, 9063.0, 9295.0, 9541.0, 9589.0, 9733.0, 9774.0, 9802.0, 9967.0, 10284.0, 10285.0, 10286.0, 10569.0, 10946.0, 11193.0, 11325.0, 22938.0, 23137.0, 23360.0, 23517.0, 51008.0, 51138.0, 51533.0, 51631.0, 51755.0, 54033.0, 54439.0, 54801.0, 55660.0, 55904.0, 57018.0, 58517.0, 84248.0, 85403.0, 135295.0, 163859.0, 170506.0 
GO:0005743 CC 1.80e-06  32/911   404/29107 D05 mitochondrial inner membrane             1678.0, 4715.0, 4717.0, 5250.0, 8604.0, 9167.0, 10440.0, 10730.0, 10845.0, 10939.0, 25994.0, 27109.0, 28977.0, 28982.0, 51263.0, 54205.0, 55037.0, 55186.0, 55486.0, 55744.0, 55750.0, 55863.0, 60488.0, 63931.0, 64983.0, 65005.0, 79133.0, 80219.0, 83884.0, 133308.0, 221154.0, 100287932.0 
GO:0005739 CC 1.85e-06  90/911  1305/29107 D05 mitochondrion                            549.0, 665.0, 708.0, 1407.0, 1653.0, 1678.0, 1737.0, 1738.0, 2271.0, 2308.0, 3164.0, 3658.0, 4077.0, 4715.0, 4891.0, 5018.0, 5250.0, 5515.0, 5599.0, 5825.0, 6198.0, 7296.0, 7416.0, 7419.0, 7428.0, 7764.0, 8050.0, 8604.0, 8846.0, 9167.0, 9949.0, 9958.0, 10059.0, 10128.0, 10440.0, 10730.0, 10845.0, 10939.0, 11262.0, 23446.0, 23786.0, 25793.0, 25983.0, 25994.0, 27069.0, 27249.0, 28977.0, 28982.0, 50640.0, 51263.0, 51703.0, 51742.0, 54205.0, 54541.0, 54602.0, 54802.0, 54888.0, 55037.0, 55186.0, 55486.0, 55669.0, 55737.0, 55744.0, 55750.0, 55863.0, 56267.0, 56943.0, 56947.0, 57038.0, 58487.0, 63899.0, 63931.0, 64087.0, 64983.0, 65005.0, 79133.0, 80219.0, 94081.0, 118987.0, 133686.0, 134266.0, 137872.0, 170506.0, 201626.0, 205327.0, 221154.0, 283459.0, 374986.0, 401505.0, 100287932.0 
GO:0071013 CC 2.34e-06  13/911    85/29107 D04 catalytic step 2 spliceosome             3190.0, 3192.0, 6426.0, 6629.0, 6632.0, 6636.0, 10286.0, 10492.0, 10569.0, 10946.0, 22938.0, 23398.0, 23517.0 
GO:0005794 CC 2.48e-06  60/911   988/29107 D05 Golgi apparatus                          400.0, 567.0, 1315.0, 2218.0, 4040.0, 4646.0, 4739.0, 5552.0, 7110.0, 7257.0, 7525.0, 8428.0, 8452.0, 8460.0, 8621.0, 8674.0, 8766.0, 9217.0, 9375.0, 9527.0, 9581.0, 9950.0, 10059.0, 10466.0, 10564.0, 11137.0, 11235.0, 22919.0, 22926.0, 22931.0, 23063.0, 23259.0, 23461.0, 23673.0, 25963.0, 26511.0, 51124.0, 51533.0, 51542.0, 54602.0, 54741.0, 54928.0, 54940.0, 55667.0, 55858.0, 56900.0, 57089.0, 57409.0, 60592.0, 65977.0, 79158.0, 81550.0, 81551.0, 84541.0, 90411.0, 113201.0, 137886.0, 148867.0, 163859.0, 201475.0 
GO:0005783 CC 2.88e-06  63/911  1040/29107 D05 endoplasmic reticulum                    665.0, 819.0, 1047.0, 1933.0, 2218.0, 2353.0, 2531.0, 4040.0, 5130.0, 5352.0, 6157.0, 6418.0, 6729.0, 6745.0, 7110.0, 7428.0, 7450.0, 7555.0, 7803.0, 7844.0, 8125.0, 8813.0, 8846.0, 8987.0, 9217.0, 9218.0, 9926.0, 10059.0, 10299.0, 10483.0, 10492.0, 10668.0, 22800.0, 22926.0, 23155.0, 23190.0, 23376.0, 23471.0, 28512.0, 29887.0, 51026.0, 51035.0, 51124.0, 51251.0, 51569.0, 51669.0, 51703.0, 51763.0, 54602.0, 55325.0, 57003.0, 57142.0, 60481.0, 60561.0, 79666.0, 81573.0, 92140.0, 137886.0, 153830.0, 154807.0, 163590.0, 285362.0, 286451.0 
GO:0048471 CC 3.22e-06  47/911   713/29107 D02 perinuclear region of cytoplasm          231.0, 307.0, 905.0, 1780.0, 1977.0, 4216.0, 4646.0, 4735.0, 4891.0, 4953.0, 5144.0, 6418.0, 6434.0, 7037.0, 7257.0, 7458.0, 7584.0, 8125.0, 8531.0, 8766.0, 8915.0, 8987.0, 9043.0, 9053.0, 9218.0, 9618.0, 10059.0, 10128.0, 10410.0, 10483.0, 10564.0, 10920.0, 11011.0, 23560.0, 25814.0, 26234.0, 51366.0, 51542.0, 51637.0, 51763.0, 54602.0, 55749.0, 81573.0, 88455.0, 92140.0, 148867.0, 149371.0 
GO:0070062 CC 3.41e-06 110/911  2169/29107 D06 extracellular exosome                    231.0, 307.0, 387.0, 388.0, 523.0, 567.0, 998.0, 1213.0, 1654.0, 1824.0, 1965.0, 1977.0, 2271.0, 2665.0, 2673.0, 3094.0, 3133.0, 3190.0, 3490.0, 3643.0, 3685.0, 3858.0, 3920.0, 4646.0, 4677.0, 4691.0, 4735.0, 4736.0, 4860.0, 5036.0, 5037.0, 5175.0, 5189.0, 5250.0, 5286.0, 5352.0, 5515.0, 5519.0, 5576.0, 5584.0, 5682.0, 5684.0, 5686.0, 5689.0, 5706.0, 5713.0, 5783.0, 5868.0, 5901.0, 5912.0, 5981.0, 6120.0, 6146.0, 6230.0, 6301.0, 6451.0, 6809.0, 6856.0, 7037.0, 7296.0, 7316.0, 7322.0, 7326.0, 7334.0, 7416.0, 7419.0, 7450.0, 7511.0, 7525.0, 7534.0, 8202.0, 8347.0, 8428.0, 8452.0, 8766.0, 9043.0, 9097.0, 9373.0, 9375.0, 9520.0, 9967.0, 10085.0, 10540.0, 10768.0, 10920.0, 10923.0, 11034.0, 11235.0, 22800.0, 23433.0, 23446.0, 25801.0, 27069.0, 29789.0, 51028.0, 51125.0, 51382.0, 51719.0, 54888.0, 55187.0, 55737.0, 57544.0, 79807.0, 81533.0, 84313.0, 84418.0, 94239.0, 103910.0, 147685.0, 170506.0 
GO:0005730 CC 3.46e-06  69/911  1187/29107 D05 nucleolus                                708.0, 1665.0, 4193.0, 4683.0, 4691.0, 4869.0, 5000.0, 5036.0, 5073.0, 5591.0, 5901.0, 5927.0, 5981.0, 6197.0, 6230.0, 6872.0, 7520.0, 7541.0, 7705.0, 8428.0, 8683.0, 8715.0, 9167.0, 9683.0, 9793.0, 9972.0, 10248.0, 10286.0, 10923.0, 11103.0, 11137.0, 23160.0, 23168.0, 23185.0, 23512.0, 23517.0, 23560.0, 25871.0, 25983.0, 26354.0, 29789.0, 51068.0, 51118.0, 51119.0, 51187.0, 51703.0, 54014.0, 54888.0, 56254.0, 57050.0, 57062.0, 57409.0, 64710.0, 64946.0, 79009.0, 80204.0, 80829.0, 89978.0, 144108.0, 205564.0, 221443.0, 692225.0, 767577.0, 767578.0, 767583.0, 767593.0, 767594.0, 767595.0, 767608.0 
GO:0016605 CC 3.62e-06  14/911   102/29107 D03 PML body                                 4683.0, 6047.0, 6613.0, 6670.0, 6934.0, 7181.0, 7750.0, 9063.0, 9683.0, 10114.0, 11262.0, 23137.0, 26036.0, 54778.0 
GO:0016020 CC 3.68e-06 150/911  2120/29107 D02 membrane                                 372.0, 567.0, 708.0, 819.0, 998.0, 1213.0, 1315.0, 1452.0, 1653.0, 1783.0, 1965.0, 2353.0, 2531.0, 2665.0, 3188.0, 3190.0, 3192.0, 3554.0, 3643.0, 3685.0, 3858.0, 3920.0, 4077.0, 4646.0, 4691.0, 4736.0, 4841.0, 4848.0, 4869.0, 4891.0, 4952.0, 5036.0, 5250.0, 5277.0, 5286.0, 5431.0, 5515.0, 5576.0, 5591.0, 5700.0, 5701.0, 5706.0, 5707.0, 5713.0, 5717.0, 5825.0, 5901.0, 5912.0, 6133.0, 6138.0, 6157.0, 6218.0, 7037.0, 7111.0, 7416.0, 7419.0, 7428.0, 7436.0, 7439.0, 7458.0, 7520.0, 8428.0, 8452.0, 8460.0, 8665.0, 8723.0, 8813.0, 8939.0, 8987.0, 9375.0, 9527.0, 9531.0, 9631.0, 9653.0, 9689.0, 9793.0, 9926.0, 9950.0, 9972.0, 10001.0, 10059.0, 10128.0, 10299.0, 10466.0, 10492.0, 10540.0, 10564.0, 10569.0, 10657.0, 10730.0, 10818.0, 11103.0, 11325.0, 22800.0, 22894.0, 22926.0, 23012.0, 23155.0, 23185.0, 23215.0, 23259.0, 23376.0, 23446.0, 23560.0, 25814.0, 25963.0, 26354.0, 28969.0, 29079.0, 29789.0, 29927.0, 50640.0, 50862.0, 51026.0, 51068.0, 51124.0, 51182.0, 51366.0, 51382.0, 51386.0, 51542.0, 51703.0, 51719.0, 51763.0, 54464.0, 54557.0, 54928.0, 54940.0, 55631.0, 55660.0, 55750.0, 55802.0, 56889.0, 57003.0, 57062.0, 57089.0, 57122.0, 57448.0, 57589.0, 60481.0, 65977.0, 79009.0, 80155.0, 81553.0, 84327.0, 84896.0, 118987.0, 149371.0, 163590.0, 403313.0 
GO:0031305 CC 3.94e-06   9/911    41/29107 D06 integral component of mitochondrial inner membrane 2110.0, 5018.0, 5250.0, 10440.0, 27069.0, 55744.0, 55750.0, 94081.0, 100287932.0 
GO:0005654 CC 4.04e-06 311/911  3805/29107 D02 nucleoplasm                              231.0, 523.0, 639.0, 892.0, 902.0, 905.0, 996.0, 1052.0, 1054.0, 1105.0, 1457.0, 1459.0, 1478.0, 1647.0, 1653.0, 1654.0, 1665.0, 1848.0, 1959.0, 2146.0, 2308.0, 2353.0, 2553.0, 2615.0, 2961.0, 2963.0, 2965.0, 3094.0, 3164.0, 3188.0, 3190.0, 3192.0, 3298.0, 3550.0, 3836.0, 4077.0, 4087.0, 4193.0, 4301.0, 4646.0, 4683.0, 4691.0, 4735.0, 4739.0, 4792.0, 4801.0, 4841.0, 4848.0, 4863.0, 4869.0, 5000.0, 5208.0, 5286.0, 5318.0, 5431.0, 5440.0, 5511.0, 5520.0, 5584.0, 5591.0, 5599.0, 5682.0, 5684.0, 5686.0, 5689.0, 5700.0, 5701.0, 5706.0, 5707.0, 5711.0, 5713.0, 5717.0, 5783.0, 5814.0, 5868.0, 5887.0, 5901.0, 5927.0, 5928.0, 5981.0, 6047.0, 6197.0, 6198.0, 6218.0, 6230.0, 6418.0, 6426.0, 6429.0, 6434.0, 6500.0, 6605.0, 6613.0, 6629.0, 6632.0, 6636.0, 6670.0, 6872.0, 6879.0, 6921.0, 6924.0, 6934.0, 6996.0, 7181.0, 7182.0, 7257.0, 7296.0, 7316.0, 7322.0, 7334.0, 7398.0, 7428.0, 7520.0, 7534.0, 7541.0, 7559.0, 7728.0, 7764.0, 8036.0, 8125.0, 8202.0, 8347.0, 8428.0, 8436.0, 8446.0, 8452.0, 8533.0, 8621.0, 8683.0, 8805.0, 8846.0, 8896.0, 8930.0, 9063.0, 9070.0, 9242.0, 9295.0, 9318.0, 9406.0, 9589.0, 9604.0, 9618.0, 9668.0, 9733.0, 9774.0, 9861.0, 9949.0, 9967.0, 9972.0, 9987.0, 10001.0, 10128.0, 10150.0, 10172.0, 10248.0, 10284.0, 10285.0, 10286.0, 10440.0, 10466.0, 10492.0, 10569.0, 10600.0, 10621.0, 10635.0, 10657.0, 10668.0, 10746.0, 10776.0, 10845.0, 10920.0, 10923.0, 10926.0, 10946.0, 10962.0, 11103.0, 11143.0, 11193.0, 11260.0, 11325.0, 11335.0, 22894.0, 22926.0, 22938.0, 22950.0, 23028.0, 23063.0, 23137.0, 23160.0, 23168.0, 23243.0, 23358.0, 23398.0, 23446.0, 23512.0, 23517.0, 23543.0, 23560.0, 23673.0, 23741.0, 25793.0, 25852.0, 25937.0, 25983.0, 25994.0, 26043.0, 27297.0, 29072.0, 29079.0, 29080.0, 29843.0, 50810.0, 51008.0, 51035.0, 51068.0, 51118.0, 51119.0, 51132.0, 51138.0, 51187.0, 51193.0, 51194.0, 51366.0, 51386.0, 51451.0, 51455.0, 51496.0, 51533.0, 51542.0, 51592.0, 51616.0, 51637.0, 51703.0, 51742.0, 51755.0, 51773.0, 51780.0, 54014.0, 54033.0, 54386.0, 54454.0, 54465.0, 54764.0, 54778.0, 54888.0, 54928.0, 55008.0, 55037.0, 55167.0, 55193.0, 55339.0, 55591.0, 55623.0, 55660.0, 55749.0, 55758.0, 55839.0, 55892.0, 55904.0, 56254.0, 56271.0, 56943.0, 56998.0, 57050.0, 57680.0, 57786.0, 58487.0, 58490.0, 60560.0, 60592.0, 64328.0, 64426.0, 64710.0, 64839.0, 64946.0, 79577.0, 79647.0, 79670.0, 79870.0, 80204.0, 80829.0, 81550.0, 84132.0, 84248.0, 84301.0, 84313.0, 84458.0, 84930.0, 84991.0, 85403.0, 89978.0, 92345.0, 93624.0, 114799.0, 114907.0, 115426.0, 121536.0, 132660.0, 135295.0, 139886.0, 144108.0, 163126.0, 163255.0, 163859.0, 169981.0, 170506.0, 195828.0, 205564.0, 221037.0, 221443.0, 221830.0, 399818.0 
GO:0010494 CC 4.05e-06  12/911    76/29107 D07 cytoplasmic stress granule               1653.0, 1654.0, 1965.0, 1977.0, 3190.0, 7538.0, 9908.0, 23185.0, 23215.0, 51441.0, 149041.0, 170506.0 
GO:0005737 CC 4.30e-06 281/911  4681/29107 D02 cytoplasm                                178.0, 307.0, 400.0, 639.0, 708.0, 819.0, 996.0, 998.0, 1105.0, 1407.0, 1452.0, 1647.0, 1653.0, 1654.0, 1780.0, 1848.0, 1933.0, 1959.0, 1977.0, 1979.0, 1983.0, 2107.0, 2146.0, 2257.0, 2271.0, 2308.0, 2665.0, 3094.0, 3190.0, 3298.0, 3550.0, 3658.0, 3836.0, 3858.0, 4087.0, 4193.0, 4216.0, 4291.0, 4493.0, 4499.0, 4501.0, 4502.0, 4646.0, 4677.0, 4735.0, 4739.0, 4792.0, 4848.0, 4860.0, 4863.0, 4869.0, 4891.0, 4952.0, 4953.0, 5036.0, 5063.0, 5073.0, 5082.0, 5128.0, 5189.0, 5286.0, 5318.0, 5511.0, 5519.0, 5576.0, 5599.0, 5684.0, 5701.0, 5783.0, 5868.0, 5901.0, 5981.0, 6004.0, 6047.0, 6146.0, 6197.0, 6198.0, 6301.0, 6418.0, 6426.0, 6451.0, 6477.0, 6500.0, 6525.0, 6729.0, 6879.0, 7082.0, 7257.0, 7296.0, 7316.0, 7334.0, 7511.0, 7534.0, 7538.0, 7555.0, 7803.0, 8036.0, 8125.0, 8139.0, 8202.0, 8428.0, 8436.0, 8452.0, 8531.0, 8533.0, 8553.0, 8723.0, 8846.0, 8872.0, 8915.0, 8939.0, 9043.0, 9217.0, 9318.0, 9373.0, 9448.0, 9520.0, 9531.0, 9541.0, 9589.0, 9590.0, 9604.0, 9618.0, 9669.0, 9689.0, 9706.0, 9733.0, 9774.0, 9793.0, 9802.0, 9867.0, 9908.0, 9926.0, 9958.0, 10059.0, 10114.0, 10150.0, 10243.0, 10248.0, 10285.0, 10325.0, 10342.0, 10540.0, 10569.0, 10600.0, 10605.0, 10657.0, 10670.0, 10768.0, 10776.0, 10818.0, 10950.0, 11034.0, 11101.0, 11103.0, 11146.0, 11213.0, 11235.0, 11260.0, 11325.0, 22928.0, 22938.0, 22950.0, 23012.0, 23063.0, 23080.0, 23137.0, 23252.0, 23259.0, 23376.0, 23507.0, 23543.0, 23560.0, 25793.0, 25801.0, 25814.0, 25820.0, 25852.0, 25937.0, 27018.0, 27109.0, 27249.0, 27304.0, 28969.0, 29789.0, 29843.0, 51035.0, 51068.0, 51086.0, 51088.0, 51118.0, 51119.0, 51132.0, 51182.0, 51251.0, 51360.0, 51441.0, 51569.0, 51582.0, 51637.0, 51763.0, 54206.0, 54386.0, 54439.0, 54541.0, 54583.0, 54602.0, 54619.0, 54764.0, 54778.0, 54839.0, 54841.0, 54878.0, 54882.0, 54888.0, 55083.0, 55325.0, 55631.0, 55680.0, 55750.0, 55802.0, 55837.0, 55904.0, 55917.0, 56267.0, 56271.0, 56998.0, 57095.0, 57600.0, 57650.0, 58517.0, 60487.0, 60560.0, 60682.0, 64328.0, 64343.0, 64710.0, 64786.0, 64839.0, 79670.0, 79807.0, 79870.0, 79893.0, 80124.0, 80155.0, 80204.0, 81545.0, 81551.0, 81573.0, 84138.0, 84152.0, 84313.0, 84327.0, 84930.0, 85021.0, 88455.0, 91947.0, 92140.0, 92345.0, 94134.0, 114907.0, 116224.0, 120379.0, 123283.0, 123720.0, 130507.0, 134957.0, 135114.0, 135295.0, 148867.0, 151195.0, 161725.0, 163255.0, 170506.0, 219621.0, 219771.0, 285605.0, 340542.0, 375449.0, 399818.0, 100129583.0 
GO:0005681 CC 4.51e-06  13/911    90/29107 D03 spliceosomal complex                     1665.0, 4691.0, 5511.0, 6434.0, 6629.0, 6636.0, 8896.0, 10285.0, 10286.0, 10569.0, 10946.0, 22938.0, 84991.0 
GO:0005634 CC 4.90e-06 391/911  5368/29107 D05 nucleus                                  178.0, 307.0, 387.0, 388.0, 639.0, 665.0, 708.0, 892.0, 902.0, 905.0, 996.0, 1054.0, 1105.0, 1407.0, 1452.0, 1457.0, 1459.0, 1647.0, 1653.0, 1654.0, 1665.0, 1738.0, 1780.0, 1959.0, 1965.0, 1977.0, 2146.0, 2218.0, 2257.0, 2271.0, 2308.0, 2353.0, 2553.0, 2669.0, 2963.0, 3008.0, 3094.0, 3164.0, 3188.0, 3190.0, 3192.0, 3298.0, 3550.0, 3836.0, 3858.0, 4087.0, 4193.0, 4291.0, 4493.0, 4499.0, 4501.0, 4502.0, 4646.0, 4683.0, 4691.0, 4735.0, 4736.0, 4739.0, 4792.0, 4801.0, 4841.0, 4848.0, 4860.0, 4863.0, 4869.0, 4891.0, 4952.0, 5000.0, 5036.0, 5037.0, 5073.0, 5128.0, 5130.0, 5144.0, 5318.0, 5431.0, 5440.0, 5475.0, 5511.0, 5515.0, 5584.0, 5591.0, 5599.0, 5682.0, 5684.0, 5686.0, 5689.0, 5700.0, 5701.0, 5706.0, 5707.0, 5713.0, 5717.0, 5783.0, 5814.0, 5887.0, 5901.0, 5927.0, 5928.0, 5981.0, 6047.0, 6133.0, 6138.0, 6146.0, 6198.0, 6230.0, 6301.0, 6418.0, 6426.0, 6429.0, 6434.0, 6451.0, 6477.0, 6500.0, 6605.0, 6613.0, 6629.0, 6632.0, 6636.0, 6670.0, 6729.0, 6872.0, 6934.0, 6996.0, 7078.0, 7110.0, 7257.0, 7316.0, 7322.0, 7334.0, 7337.0, 7398.0, 7416.0, 7419.0, 7428.0, 7520.0, 7534.0, 7538.0, 7541.0, 7555.0, 7556.0, 7559.0, 7561.0, 7562.0, 7574.0, 7584.0, 7586.0, 7587.0, 7705.0, 7728.0, 7764.0, 7789.0, 7803.0, 8036.0, 8125.0, 8202.0, 8347.0, 8428.0, 8446.0, 8452.0, 8531.0, 8553.0, 8621.0, 8805.0, 8813.0, 8846.0, 8896.0, 8915.0, 8930.0, 8939.0, 9063.0, 9070.0, 9097.0, 9242.0, 9295.0, 9373.0, 9520.0, 9531.0, 9541.0, 9581.0, 9589.0, 9604.0, 9618.0, 9668.0, 9683.0, 9733.0, 9774.0, 9841.0, 9949.0, 9958.0, 9967.0, 10001.0, 10114.0, 10128.0, 10172.0, 10248.0, 10284.0, 10285.0, 10286.0, 10308.0, 10325.0, 10363.0, 10365.0, 10492.0, 10569.0, 10600.0, 10635.0, 10657.0, 10670.0, 10781.0, 10794.0, 10920.0, 10923.0, 10926.0, 10946.0, 10950.0, 11011.0, 11101.0, 11137.0, 11143.0, 11193.0, 11213.0, 11262.0, 11325.0, 11335.0, 22850.0, 22926.0, 22938.0, 23028.0, 23036.0, 23063.0, 23099.0, 23137.0, 23300.0, 23358.0, 23361.0, 23376.0, 23512.0, 23517.0, 23543.0, 23560.0, 23741.0, 23786.0, 25793.0, 25820.0, 25852.0, 25871.0, 25937.0, 26036.0, 26354.0, 27018.0, 29072.0, 29079.0, 29843.0, 29887.0, 50810.0, 51008.0, 51028.0, 51068.0, 51086.0, 51119.0, 51132.0, 51138.0, 51182.0, 51188.0, 51193.0, 51366.0, 51441.0, 51465.0, 51533.0, 51550.0, 51569.0, 51582.0, 51592.0, 51637.0, 51742.0, 51755.0, 51763.0, 51773.0, 54014.0, 54033.0, 54205.0, 54206.0, 54386.0, 54439.0, 54454.0, 54464.0, 54583.0, 54619.0, 54665.0, 54764.0, 54778.0, 54841.0, 54861.0, 54888.0, 55219.0, 55230.0, 55279.0, 55325.0, 55339.0, 55486.0, 55571.0, 55609.0, 55628.0, 55680.0, 55749.0, 55802.0, 55837.0, 55904.0, 56254.0, 56271.0, 56998.0, 57018.0, 57050.0, 57095.0, 57336.0, 57448.0, 57541.0, 57590.0, 57680.0, 57711.0, 57786.0, 58155.0, 58478.0, 58487.0, 58490.0, 64062.0, 64395.0, 64426.0, 64710.0, 64839.0, 64844.0, 64946.0, 79088.0, 79577.0, 79646.0, 79647.0, 79780.0, 79800.0, 79893.0, 80011.0, 80124.0, 80155.0, 80204.0, 80829.0, 81545.0, 81550.0, 81611.0, 84132.0, 84138.0, 84146.0, 84152.0, 84313.0, 84458.0, 84640.0, 84930.0, 90233.0, 92140.0, 92283.0, 93624.0, 94239.0, 114907.0, 115426.0, 116224.0, 117154.0, 123283.0, 128387.0, 132660.0, 135114.0, 137886.0, 139324.0, 161725.0, 163049.0, 163059.0, 163126.0, 163255.0, 163859.0, 170506.0, 170960.0, 195828.0, 196441.0, 203523.0, 205564.0, 219749.0, 219771.0, 285605.0, 360023.0, 374899.0, 388112.0, 399818.0, 100129583.0 
GO:0005829 CC 5.35e-06 355/911  5295/29107 D02 cytosol                                  27.0, 178.0, 231.0, 372.0, 387.0, 388.0, 400.0, 523.0, 567.0, 665.0, 708.0, 905.0, 996.0, 998.0, 1213.0, 1315.0, 1452.0, 1457.0, 1459.0, 1653.0, 1654.0, 1780.0, 1783.0, 1848.0, 1933.0, 1965.0, 1975.0, 1977.0, 1983.0, 2107.0, 2271.0, 2308.0, 2353.0, 2665.0, 2673.0, 2935.0, 2961.0, 3094.0, 3164.0, 3188.0, 3658.0, 3685.0, 3836.0, 3858.0, 4077.0, 4087.0, 4193.0, 4301.0, 4502.0, 4646.0, 4677.0, 4683.0, 4736.0, 4739.0, 4792.0, 4848.0, 4860.0, 4869.0, 4952.0, 4953.0, 5000.0, 5037.0, 5063.0, 5073.0, 5082.0, 5130.0, 5144.0, 5189.0, 5207.0, 5208.0, 5286.0, 5440.0, 5475.0, 5515.0, 5520.0, 5576.0, 5584.0, 5591.0, 5599.0, 5682.0, 5684.0, 5686.0, 5689.0, 5700.0, 5701.0, 5706.0, 5707.0, 5711.0, 5713.0, 5717.0, 5783.0, 5825.0, 5868.0, 5887.0, 5901.0, 5912.0, 5928.0, 6120.0, 6133.0, 6138.0, 6146.0, 6157.0, 6197.0, 6198.0, 6218.0, 6230.0, 6240.0, 6301.0, 6418.0, 6477.0, 6500.0, 6632.0, 6636.0, 6729.0, 6921.0, 7082.0, 7110.0, 7111.0, 7257.0, 7265.0, 7296.0, 7316.0, 7322.0, 7326.0, 7334.0, 7337.0, 7398.0, 7428.0, 7439.0, 7458.0, 7511.0, 7520.0, 7525.0, 7534.0, 7538.0, 7541.0, 7555.0, 7705.0, 7728.0, 7750.0, 8036.0, 8139.0, 8202.0, 8347.0, 8428.0, 8436.0, 8452.0, 8531.0, 8533.0, 8621.0, 8665.0, 8669.0, 8766.0, 8805.0, 8915.0, 9043.0, 9053.0, 9097.0, 9218.0, 9318.0, 9520.0, 9527.0, 9531.0, 9581.0, 9590.0, 9604.0, 9618.0, 9631.0, 9669.0, 9683.0, 9793.0, 9861.0, 9908.0, 9958.0, 9972.0, 9987.0, 10059.0, 10114.0, 10243.0, 10284.0, 10325.0, 10342.0, 10466.0, 10483.0, 10540.0, 10564.0, 10569.0, 10605.0, 10621.0, 10657.0, 10670.0, 10671.0, 10746.0, 10768.0, 10818.0, 10845.0, 10920.0, 10962.0, 11143.0, 11235.0, 11260.0, 11325.0, 22894.0, 22919.0, 22926.0, 22928.0, 22931.0, 22989.0, 23012.0, 23063.0, 23185.0, 23190.0, 23215.0, 23243.0, 23252.0, 23259.0, 23262.0, 23358.0, 23376.0, 23446.0, 23543.0, 23560.0, 23708.0, 25793.0, 25801.0, 25814.0, 25820.0, 25852.0, 25937.0, 25963.0, 25977.0, 26043.0, 26046.0, 26130.0, 26190.0, 26234.0, 27010.0, 27018.0, 27249.0, 27297.0, 27304.0, 28512.0, 29789.0, 50650.0, 50810.0, 51028.0, 51035.0, 51088.0, 51119.0, 51132.0, 51138.0, 51182.0, 51194.0, 51251.0, 51366.0, 51382.0, 51386.0, 51441.0, 51451.0, 51533.0, 51542.0, 51582.0, 51637.0, 51719.0, 51742.0, 51763.0, 54014.0, 54205.0, 54206.0, 54386.0, 54464.0, 54465.0, 54541.0, 54583.0, 54764.0, 54778.0, 54801.0, 54806.0, 54878.0, 54928.0, 55008.0, 55037.0, 55142.0, 55230.0, 55571.0, 55591.0, 55667.0, 55737.0, 55744.0, 55750.0, 55758.0, 55802.0, 55839.0, 55862.0, 56270.0, 56271.0, 56888.0, 56998.0, 57122.0, 57409.0, 57589.0, 57590.0, 57600.0, 57650.0, 58478.0, 60560.0, 60561.0, 60592.0, 64087.0, 64328.0, 64426.0, 64839.0, 64844.0, 64857.0, 64946.0, 65977.0, 79577.0, 79646.0, 79670.0, 79870.0, 80155.0, 80204.0, 81545.0, 81550.0, 84132.0, 84152.0, 84301.0, 84313.0, 84327.0, 84541.0, 84640.0, 84896.0, 85021.0, 89978.0, 103910.0, 114907.0, 123720.0, 124808.0, 134957.0, 137886.0, 139886.0, 140461.0, 149371.0, 152137.0, 161725.0, 163255.0, 163859.0, 167153.0, 169981.0, 170506.0, 201475.0, 201626.0, 205564.0, 255967.0, 399818.0 
GO:0032991 CC 8.99e-06  42/911   643/29107 D01 protein-containing complex               998.0, 1213.0, 3192.0, 4087.0, 4193.0, 4869.0, 5018.0, 5175.0, 5576.0, 5591.0, 5901.0, 5928.0, 6418.0, 6434.0, 6605.0, 7082.0, 7322.0, 7334.0, 7520.0, 7556.0, 8202.0, 8723.0, 8766.0, 8915.0, 9541.0, 9793.0, 9802.0, 10059.0, 10410.0, 10635.0, 10657.0, 23028.0, 23376.0, 25793.0, 25994.0, 51026.0, 51366.0, 54778.0, 55904.0, 56947.0, 57589.0, 57680.0 
GO:0018444 CC 3.06e-05   3/911     3/29107 D02 translation release factor complex       2107.0, 2935.0, 23708.0 
GO:0016604 CC 3.13e-05  25/911   321/29107 D02 nuclear body                             1478.0, 4077.0, 4193.0, 6047.0, 8553.0, 10114.0, 10284.0, 10730.0, 10926.0, 22938.0, 23300.0, 23398.0, 23512.0, 25820.0, 25937.0, 26043.0, 26354.0, 54386.0, 54928.0, 55904.0, 64426.0, 80155.0, 85403.0, 92140.0, 399818.0 
GO:0000139 CC 3.23e-05  38/911   587/29107 D05 Golgi membrane                           372.0, 567.0, 998.0, 1315.0, 3133.0, 3955.0, 5584.0, 7110.0, 8460.0, 8674.0, 9527.0, 9653.0, 9867.0, 9950.0, 10059.0, 10466.0, 10564.0, 11235.0, 22800.0, 22926.0, 23155.0, 23461.0, 23673.0, 51026.0, 51125.0, 51360.0, 54602.0, 54741.0, 56900.0, 57589.0, 60592.0, 64285.0, 65977.0, 79158.0, 93010.0, 123720.0, 201475.0, 286451.0 
GO:0036464 CC 4.37e-05  11/911    81/29107 D06 cytoplasmic ribonucleoprotein granule    998.0, 1780.0, 1977.0, 2553.0, 3192.0, 4691.0, 5701.0, 6629.0, 23741.0, 51441.0, 55802.0 
GO:0008540 CC 1.06e-04   4/911     9/29107 D02 proteasome regulatory particle, base subcomplex 5700.0, 5701.0, 5706.0, 5707.0 
GO:0035098 CC 1.06e-04   4/911     9/29107 D06 ESC/E(Z) complex                         2146.0, 5928.0, 23512.0, 121536.0 
GO:0005813 CC 1.97e-04  33/911   528/29107 D03 centrosome                               996.0, 998.0, 1452.0, 1654.0, 1783.0, 3192.0, 4869.0, 5576.0, 5682.0, 6500.0, 7559.0, 8452.0, 8766.0, 9541.0, 9793.0, 10286.0, 10540.0, 10671.0, 22919.0, 23063.0, 26146.0, 29789.0, 29887.0, 51098.0, 51382.0, 51637.0, 54619.0, 54801.0, 54806.0, 55142.0, 84930.0, 205564.0, 219621.0 
GO:0034774 CC 2.65e-04  12/911   115/29107 D06 secretory granule lumen                  178.0, 1654.0, 2665.0, 4860.0, 5686.0, 5689.0, 5701.0, 5713.0, 5717.0, 7520.0, 9861.0, 51719.0 
GO:0071007 CC 2.88e-04   6/911    30/29107 D05 U2-type catalytic step 2 spliceosome     6629.0, 6632.0, 6636.0, 8896.0, 10286.0, 22938.0 
GO:0032993 CC 2.98e-04   7/911    42/29107 D02 protein-DNA complex                      2353.0, 4801.0, 4869.0, 5591.0, 6670.0, 6934.0, 7520.0 
GO:0000118 CC 3.46e-04   7/911    43/29107 D03 histone deacetylase complex              3094.0, 5928.0, 7764.0, 10284.0, 51780.0, 55758.0, 221037.0 
GO:1904813 CC 5.29e-04  12/911   124/29107 D05 ficolin-1-rich granule lumen             178.0, 1654.0, 4860.0, 5686.0, 5689.0, 5701.0, 5713.0, 5717.0, 8621.0, 9861.0, 51719.0, 56888.0 
GO:1990498 CC 5.44e-04   4/911    13/29107 D08 mitotic spindle microtubule              1213.0, 3192.0, 54801.0, 55142.0 
GO:0045254 CC 5.69e-04   3/911     6/29107 D04 pyruvate dehydrogenase complex           1737.0, 1738.0, 8050.0 
GO:0008024 CC 5.69e-04   3/911     6/29107 D09 cyclin/CDK positive transcription elongation factor complex 905.0, 8621.0, 51755.0 
GO:0005741 CC 5.70e-04  15/911   180/29107 D06 mitochondrial outer membrane             665.0, 4891.0, 6198.0, 7316.0, 7416.0, 7419.0, 10059.0, 23446.0, 51703.0, 55669.0, 55750.0, 56947.0, 84896.0, 374986.0, 401505.0 
GO:0000151 CC 6.27e-04  11/911   109/29107 D04 ubiquitin ligase complex                 7322.0, 7334.0, 9604.0, 10001.0, 25793.0, 25820.0, 25852.0, 26234.0, 56254.0, 80204.0, 130507.0 
GO:0071920 CC 9.79e-04   2/911     2/29107 D03 cleavage body                            1478.0, 1653.0 
GO:0031380 CC 9.79e-04   2/911     2/29107 D07 nuclear RNA-directed RNA polymerase complex 57169.0, 167153.0 
GO:0008180 CC 9.87e-04   4/911    15/29107 D03 COP9 signalosome                         8533.0, 9318.0, 10920.0, 51138.0 
GO:0033290 CC 9.87e-04   4/911    15/29107 D04 eukaryotic 48S preinitiation complex     1965.0, 8665.0, 8669.0, 51386.0 
GO:0005840 CC 1.00e-03   7/911    51/29107 D05 ribosome                                 6133.0, 6138.0, 6218.0, 6230.0, 51182.0, 51187.0, 55037.0 
GO:1990904 CC 1.08e-03  13/911   153/29107 D02 ribonucleoprotein complex                1653.0, 3188.0, 3192.0, 4691.0, 4869.0, 6146.0, 7520.0, 7538.0, 9728.0, 9908.0, 10128.0, 10492.0, 120379.0 
GO:0005768 CC 1.17e-03  20/911   295/29107 D07 endosome                                 387.0, 1213.0, 5063.0, 5584.0, 5868.0, 7037.0, 8674.0, 8766.0, 9375.0, 26130.0, 51028.0, 54741.0, 54940.0, 55680.0, 55737.0, 57020.0, 57448.0, 60592.0, 91947.0, 201475.0 
GO:0032040 CC 1.25e-03   6/911    39/29107 D04 small-subunit processome                 5591.0, 7520.0, 11103.0, 25983.0, 51118.0, 57050.0 
GO:0005789 CC 1.33e-03  49/911   973/29107 D04 endoplasmic reticulum membrane           372.0, 387.0, 998.0, 1047.0, 1315.0, 2531.0, 5130.0, 5277.0, 5352.0, 6745.0, 7316.0, 7844.0, 8813.0, 8987.0, 9217.0, 9218.0, 9517.0, 9867.0, 9926.0, 10059.0, 10299.0, 10483.0, 10768.0, 22926.0, 22931.0, 23155.0, 23190.0, 23376.0, 23507.0, 29927.0, 50640.0, 51124.0, 51144.0, 51465.0, 51703.0, 57142.0, 60481.0, 60561.0, 64285.0, 81573.0, 90411.0, 92140.0, 118987.0, 153830.0, 154807.0, 163590.0, 284098.0, 401152.0, 440026.0 
GO:0090734 CC 1.35e-03   5/911    27/29107 D02 site of DNA damage                       6924.0, 7520.0, 11143.0, 11335.0, 221443.0 
GO:0005887 CC 9.02e-06  18/911  1403/29107 D04 integral component of plasma membrane    2615.0, 3554.0, 3643.0, 3685.0, 4891.0, 4897.0, 5175.0, 5250.0, 6856.0, 7037.0, 8987.0, 9375.0, 10818.0, 23507.0, 23516.0, 64327.0, 220963.0, 374986.0 
GO:0003729 MF 6.54e-07  25/911   207/29107 D05 mRNA binding                             708.0, 1478.0, 1654.0, 3190.0, 5511.0, 5814.0, 6426.0, 6429.0, 6434.0, 7538.0, 7555.0, 8939.0, 9683.0, 9908.0, 10492.0, 10657.0, 22950.0, 23543.0, 51441.0, 51631.0, 55802.0, 58155.0, 58517.0, 84248.0, 149041.0 
GO:0031625 MF 8.00e-07  33/911   296/29107 D05 ubiquitin protein ligase binding         819.0, 1959.0, 2308.0, 4087.0, 4193.0, 4792.0, 5036.0, 5576.0, 5684.0, 5707.0, 6613.0, 7316.0, 7326.0, 7334.0, 7520.0, 7534.0, 8452.0, 8915.0, 9063.0, 9618.0, 10059.0, 10128.0, 10670.0, 11146.0, 22926.0, 25793.0, 25820.0, 26043.0, 51035.0, 51465.0, 56254.0, 57142.0, 152137.0 
GO:0043130 MF 8.94e-07  15/911    91/29107 D04 ubiquitin binding                        4077.0, 4193.0, 5887.0, 7334.0, 9373.0, 9683.0, 10600.0, 25793.0, 26043.0, 51028.0, 51035.0, 51366.0, 64844.0, 84301.0, 137886.0 
GO:0005525 MF 9.51e-07  31/911   373/29107 D08 GTP binding                              387.0, 388.0, 400.0, 998.0, 1983.0, 2669.0, 2935.0, 3008.0, 3643.0, 4735.0, 5868.0, 5901.0, 5912.0, 6729.0, 8766.0, 9669.0, 10059.0, 10325.0, 10670.0, 22800.0, 22931.0, 23433.0, 23560.0, 23708.0, 26354.0, 28512.0, 29789.0, 55669.0, 126298.0, 201475.0, 285282.0 
GO:0004842 MF 1.07e-06  27/911   230/29107 D04 ubiquitin-protein transferase activity   4193.0, 6047.0, 6477.0, 7322.0, 7326.0, 7334.0, 7337.0, 7428.0, 7844.0, 8452.0, 9867.0, 10299.0, 25793.0, 25820.0, 26190.0, 26234.0, 50862.0, 51132.0, 51592.0, 55008.0, 56254.0, 57448.0, 80204.0, 80829.0, 115426.0, 130507.0, 149041.0 
GO:0003713 MF 1.16e-06  25/911   231/29107 D03 transcription coactivator activity       4863.0, 4869.0, 5927.0, 6605.0, 7337.0, 7789.0, 8202.0, 8805.0, 8915.0, 9604.0, 9967.0, 10001.0, 10600.0, 10923.0, 22938.0, 25937.0, 29079.0, 51188.0, 55749.0, 56254.0, 56943.0, 64710.0, 81550.0, 92140.0, 93624.0 
GO:0003712 MF 1.72e-06  16/911   124/29107 D02 transcription coregulator activity       1653.0, 4848.0, 4863.0, 7789.0, 9063.0, 9774.0, 9967.0, 11143.0, 23389.0, 29079.0, 50810.0, 51773.0, 51780.0, 79647.0, 92140.0, 221037.0 
GO:0003924 MF 1.77e-06  28/911   327/29107 D07 GTPase activity                          387.0, 388.0, 400.0, 998.0, 1654.0, 2669.0, 2935.0, 4735.0, 5868.0, 5901.0, 5912.0, 6004.0, 6729.0, 8766.0, 9669.0, 10059.0, 10325.0, 10670.0, 22800.0, 22931.0, 23433.0, 23560.0, 23708.0, 28512.0, 55669.0, 57089.0, 201475.0, 285282.0 
GO:0003723 MF 2.52e-06 152/911  1388/29107 D04 RNA binding                              372.0, 1213.0, 1478.0, 1653.0, 1654.0, 1665.0, 1965.0, 1975.0, 1977.0, 1983.0, 2107.0, 2665.0, 2935.0, 2961.0, 3008.0, 3188.0, 3190.0, 3192.0, 3658.0, 4691.0, 4736.0, 4841.0, 4869.0, 5036.0, 5037.0, 5073.0, 5431.0, 5511.0, 5591.0, 5682.0, 5700.0, 5814.0, 5901.0, 6133.0, 6138.0, 6146.0, 6157.0, 6218.0, 6230.0, 6301.0, 6426.0, 6429.0, 6434.0, 6605.0, 6613.0, 6632.0, 6636.0, 6729.0, 7037.0, 7257.0, 7316.0, 7334.0, 7458.0, 7520.0, 7534.0, 7538.0, 7555.0, 8125.0, 8446.0, 8531.0, 8621.0, 8683.0, 8715.0, 8939.0, 9295.0, 9406.0, 9669.0, 9689.0, 9728.0, 9733.0, 9774.0, 9908.0, 9967.0, 9987.0, 10128.0, 10150.0, 10248.0, 10284.0, 10285.0, 10492.0, 10605.0, 10635.0, 10657.0, 10768.0, 10923.0, 10946.0, 11103.0, 11193.0, 11325.0, 22894.0, 22919.0, 22938.0, 23160.0, 23168.0, 23185.0, 23215.0, 23517.0, 23543.0, 23560.0, 23708.0, 25983.0, 26354.0, 28977.0, 29080.0, 51008.0, 51068.0, 51118.0, 51119.0, 51366.0, 51386.0, 51441.0, 51631.0, 51637.0, 54439.0, 54464.0, 54505.0, 54882.0, 54888.0, 55037.0, 55339.0, 55623.0, 55660.0, 55749.0, 56267.0, 57003.0, 57038.0, 57050.0, 57062.0, 57142.0, 57169.0, 57409.0, 58155.0, 58517.0, 60488.0, 63931.0, 64062.0, 64710.0, 64983.0, 65005.0, 79009.0, 79665.0, 79670.0, 80155.0, 81550.0, 84248.0, 84991.0, 92140.0, 92345.0, 135295.0, 149041.0, 170506.0, 255967.0 
GO:0003677 MF 2.77e-06  59/911   921/29107 D04 DNA binding                              1054.0, 1105.0, 1407.0, 1653.0, 1654.0, 2961.0, 2963.0, 3164.0, 3190.0, 3192.0, 4087.0, 4291.0, 4801.0, 4841.0, 5431.0, 5440.0, 5511.0, 5927.0, 5981.0, 6047.0, 6418.0, 6996.0, 7110.0, 7181.0, 7257.0, 7520.0, 7538.0, 7584.0, 7705.0, 8347.0, 8930.0, 9063.0, 9774.0, 9967.0, 9972.0, 9987.0, 10001.0, 10042.0, 10363.0, 10365.0, 10635.0, 10657.0, 11262.0, 22850.0, 23036.0, 51592.0, 55193.0, 55279.0, 55628.0, 57680.0, 58487.0, 79800.0, 84327.0, 84458.0, 94239.0, 115426.0, 121536.0, 144108.0, 161725.0 
GO:0005524 MF 2.96e-06  98/911  1458/29107 D08 ATP binding                              27.0, 523.0, 1105.0, 1452.0, 1457.0, 1459.0, 1653.0, 1654.0, 1665.0, 1783.0, 2963.0, 3008.0, 3192.0, 3643.0, 4216.0, 4646.0, 4677.0, 5000.0, 5037.0, 5063.0, 5128.0, 5189.0, 5207.0, 5208.0, 5286.0, 5584.0, 5591.0, 5599.0, 5700.0, 5701.0, 5706.0, 5825.0, 5981.0, 6197.0, 6198.0, 6240.0, 6301.0, 6872.0, 6996.0, 7322.0, 7326.0, 7334.0, 7520.0, 7525.0, 8428.0, 8621.0, 9448.0, 9706.0, 9967.0, 10114.0, 10243.0, 10730.0, 10746.0, 10845.0, 10939.0, 11011.0, 11213.0, 11325.0, 22928.0, 22989.0, 23012.0, 23137.0, 23262.0, 23461.0, 23517.0, 27010.0, 27304.0, 29789.0, 50640.0, 51086.0, 51182.0, 51465.0, 51703.0, 51755.0, 54454.0, 54505.0, 54802.0, 54861.0, 55083.0, 55750.0, 57038.0, 57062.0, 57680.0, 64087.0, 79009.0, 79646.0, 79665.0, 84896.0, 84930.0, 89978.0, 123283.0, 133686.0, 152110.0, 167153.0, 170506.0, 255967.0, 283459.0, 375449.0 
GO:0046872 MF 3.35e-06 130/911  2297/29107 D04 metal ion binding                        400.0, 639.0, 1678.0, 1959.0, 2110.0, 3658.0, 3685.0, 3955.0, 4087.0, 4216.0, 4493.0, 4499.0, 4501.0, 4502.0, 5063.0, 5073.0, 5144.0, 5431.0, 5515.0, 5584.0, 6120.0, 6670.0, 7078.0, 7257.0, 7337.0, 7538.0, 7541.0, 7556.0, 7559.0, 7561.0, 7562.0, 7574.0, 7584.0, 7586.0, 7587.0, 7728.0, 7764.0, 7789.0, 7844.0, 8428.0, 9070.0, 9406.0, 9604.0, 9668.0, 9669.0, 9841.0, 9867.0, 9972.0, 10150.0, 10172.0, 10243.0, 10308.0, 10365.0, 10668.0, 10730.0, 10746.0, 10781.0, 10794.0, 11262.0, 22850.0, 22928.0, 23036.0, 23099.0, 23259.0, 23300.0, 23361.0, 23512.0, 26036.0, 27018.0, 27109.0, 27304.0, 29072.0, 29789.0, 50862.0, 51086.0, 51132.0, 51193.0, 51360.0, 51455.0, 51533.0, 51773.0, 51780.0, 54205.0, 54439.0, 54665.0, 54764.0, 54778.0, 54928.0, 55167.0, 55279.0, 55609.0, 55680.0, 55892.0, 55904.0, 56254.0, 57089.0, 57336.0, 57541.0, 57711.0, 60682.0, 64062.0, 79088.0, 79666.0, 80829.0, 84146.0, 84327.0, 90233.0, 92283.0, 115426.0, 118987.0, 121536.0, 128387.0, 132660.0, 137872.0, 152110.0, 163049.0, 163059.0, 163255.0, 167153.0, 170692.0, 170960.0, 195828.0, 196441.0, 201626.0, 203523.0, 219749.0, 221037.0, 255967.0, 360023.0, 374899.0 
GO:0003743 MF 3.43e-06  10/911    51/29107 D06 translation initiation factor activity   1965.0, 1975.0, 1977.0, 1983.0, 7458.0, 8665.0, 8669.0, 9669.0, 51386.0, 54505.0 
GO:0042802 MF 3.86e-06  84/911  1494/29107 D03 identical protein binding                307.0, 567.0, 665.0, 892.0, 998.0, 1054.0, 1457.0, 1678.0, 1737.0, 1783.0, 2353.0, 3164.0, 3190.0, 3192.0, 3298.0, 3550.0, 4040.0, 4087.0, 4193.0, 4691.0, 4792.0, 4841.0, 4860.0, 5130.0, 5207.0, 5706.0, 6047.0, 6120.0, 6146.0, 6240.0, 6434.0, 6477.0, 7037.0, 7122.0, 7439.0, 7450.0, 7534.0, 8347.0, 8452.0, 8604.0, 8665.0, 8669.0, 8915.0, 9043.0, 9589.0, 9618.0, 9802.0, 9958.0, 9972.0, 10042.0, 10059.0, 10243.0, 10342.0, 10363.0, 10540.0, 10657.0, 10768.0, 10923.0, 11011.0, 11335.0, 22919.0, 22926.0, 25814.0, 27010.0, 27018.0, 51637.0, 53371.0, 54806.0, 55216.0, 55669.0, 55802.0, 56254.0, 56947.0, 57409.0, 58487.0, 58490.0, 64395.0, 65977.0, 84301.0, 92345.0, 133308.0, 135114.0, 285362.0, 286451.0 
GO:0005515 MF 5.79e-06 684/911 12418/29107 D02 protein binding                          27.0, 178.0, 231.0, 307.0, 372.0, 387.0, 388.0, 400.0, 523.0, 567.0, 639.0, 665.0, 708.0, 819.0, 892.0, 902.0, 905.0, 996.0, 998.0, 1052.0, 1054.0, 1105.0, 1213.0, 1315.0, 1407.0, 1452.0, 1457.0, 1459.0, 1478.0, 1519.0, 1647.0, 1653.0, 1654.0, 1665.0, 1678.0, 1737.0, 1738.0, 1780.0, 1824.0, 1848.0, 1933.0, 1959.0, 1965.0, 1975.0, 1977.0, 1979.0, 1983.0, 2012.0, 2107.0, 2110.0, 2146.0, 2157.0, 2218.0, 2257.0, 2271.0, 2308.0, 2353.0, 2531.0, 2553.0, 2615.0, 2665.0, 2669.0, 2935.0, 2961.0, 2963.0, 2965.0, 3008.0, 3094.0, 3133.0, 3164.0, 3188.0, 3190.0, 3192.0, 3298.0, 3490.0, 3550.0, 3554.0, 3570.0, 3643.0, 3658.0, 3685.0, 3836.0, 3858.0, 3920.0, 4040.0, 4077.0, 4087.0, 4193.0, 4216.0, 4291.0, 4301.0, 4493.0, 4499.0, 4501.0, 4502.0, 4646.0, 4677.0, 4683.0, 4691.0, 4715.0, 4735.0, 4736.0, 4739.0, 4792.0, 4801.0, 4841.0, 4848.0, 4860.0, 4863.0, 4869.0, 4891.0, 4897.0, 4952.0, 4953.0, 5000.0, 5018.0, 5036.0, 5037.0, 5063.0, 5073.0, 5082.0, 5128.0, 5130.0, 5144.0, 5175.0, 5189.0, 5207.0, 5208.0, 5277.0, 5318.0, 5431.0, 5440.0, 5475.0, 5504.0, 5511.0, 5515.0, 5519.0, 5520.0, 5552.0, 5576.0, 5584.0, 5591.0, 5599.0, 5682.0, 5684.0, 5686.0, 5689.0, 5700.0, 5701.0, 5706.0, 5707.0, 5711.0, 5713.0, 5717.0, 5783.0, 5814.0, 5825.0, 5868.0, 5887.0, 5901.0, 5912.0, 5927.0, 5928.0, 5981.0, 6004.0, 6047.0, 6120.0, 6133.0, 6138.0, 6146.0, 6157.0, 6197.0, 6198.0, 6230.0, 6240.0, 6301.0, 6418.0, 6426.0, 6429.0, 6434.0, 6477.0, 6500.0, 6605.0, 6613.0, 6629.0, 6632.0, 6636.0, 6670.0, 6729.0, 6745.0, 6809.0, 6856.0, 6872.0, 6879.0, 6921.0, 6924.0, 6934.0, 6996.0, 7037.0, 7078.0, 7082.0, 7110.0, 7122.0, 7181.0, 7182.0, 7265.0, 7296.0, 7316.0, 7322.0, 7326.0, 7334.0, 7337.0, 7398.0, 7416.0, 7428.0, 7436.0, 7450.0, 7458.0, 7520.0, 7525.0, 7534.0, 7538.0, 7541.0, 7555.0, 7556.0, 7559.0, 7574.0, 7584.0, 7586.0, 7705.0, 7728.0, 7750.0, 7764.0, 7789.0, 7803.0, 7844.0, 8036.0, 8050.0, 8125.0, 8139.0, 8202.0, 8347.0, 8428.0, 8436.0, 8452.0, 8531.0, 8533.0, 8553.0, 8604.0, 8621.0, 8665.0, 8669.0, 8674.0, 8683.0, 8723.0, 8766.0, 8805.0, 8813.0, 8896.0, 8915.0, 8930.0, 8939.0, 8987.0, 9043.0, 9053.0, 9063.0, 9070.0, 9097.0, 9180.0, 9217.0, 9218.0, 9242.0, 9295.0, 9318.0, 9373.0, 9406.0, 9448.0, 9531.0, 9541.0, 9589.0, 9590.0, 9604.0, 9618.0, 9631.0, 9668.0, 9669.0, 9683.0, 9706.0, 9728.0, 9733.0, 9774.0, 9793.0, 9802.0, 9841.0, 9861.0, 9867.0, 9908.0, 9949.0, 9958.0, 9967.0, 9972.0, 9987.0, 10001.0, 10042.0, 10059.0, 10128.0, 10172.0, 10243.0, 10248.0, 10284.0, 10285.0, 10286.0, 10299.0, 10325.0, 10342.0, 10363.0, 10365.0, 10410.0, 10466.0, 10483.0, 10492.0, 10540.0, 10560.0, 10564.0, 10569.0, 10605.0, 10621.0, 10635.0, 10657.0, 10668.0, 10670.0, 10730.0, 10746.0, 10758.0, 10768.0, 10776.0, 10781.0, 10794.0, 10818.0, 10845.0, 10920.0, 10923.0, 10926.0, 10939.0, 10946.0, 10950.0, 10962.0, 11011.0, 11034.0, 11101.0, 11103.0, 11143.0, 11146.0, 11193.0, 11213.0, 11235.0, 11260.0, 11262.0, 11325.0, 11335.0, 22800.0, 22850.0, 22894.0, 22919.0, 22926.0, 22931.0, 22938.0, 22950.0, 23012.0, 23028.0, 23063.0, 23099.0, 23137.0, 23155.0, 23160.0, 23168.0, 23185.0, 23190.0, 23243.0, 23252.0, 23300.0, 23358.0, 23360.0, 23361.0, 23376.0, 23433.0, 23471.0, 23507.0, 23512.0, 23517.0, 23543.0, 23560.0, 23657.0, 23673.0, 23708.0, 23741.0, 23786.0, 25793.0, 25801.0, 25814.0, 25820.0, 25852.0, 25937.0, 25977.0, 25983.0, 26036.0, 26043.0, 26045.0, 26046.0, 26146.0, 26190.0, 26234.0, 26354.0, 26511.0, 27010.0, 27018.0, 27069.0, 27123.0, 27249.0, 27297.0, 27304.0, 28969.0, 28982.0, 29072.0, 29079.0, 29080.0, 29789.0, 29843.0, 29887.0, 29927.0, 50650.0, 50862.0, 51008.0, 51019.0, 51026.0, 51028.0, 51035.0, 51086.0, 51088.0, 51118.0, 51119.0, 51124.0, 51125.0, 51138.0, 51144.0, 51182.0, 51187.0, 51188.0, 51193.0, 51194.0, 51251.0, 51366.0, 51382.0, 51386.0, 51441.0, 51451.0, 51455.0, 51465.0, 51496.0, 51531.0, 51533.0, 51542.0, 51550.0, 51569.0, 51582.0, 51592.0, 51616.0, 51631.0, 51637.0, 51669.0, 51703.0, 51719.0, 51742.0, 51755.0, 51763.0, 51773.0, 53371.0, 54033.0, 54205.0, 54206.0, 54386.0, 54464.0, 54465.0, 54532.0, 54541.0, 54557.0, 54583.0, 54602.0, 54741.0, 54764.0, 54778.0, 54801.0, 54806.0, 54841.0, 54878.0, 54882.0, 54940.0, 55037.0, 55069.0, 55142.0, 55167.0, 55193.0, 55216.0, 55219.0, 55325.0, 55486.0, 55571.0, 55609.0, 55623.0, 55631.0, 55660.0, 55669.0, 55737.0, 55749.0, 55750.0, 55758.0, 55802.0, 55837.0, 55862.0, 55863.0, 55892.0, 55904.0, 55917.0, 56254.0, 56270.0, 56271.0, 56900.0, 56943.0, 56947.0, 56998.0, 57003.0, 57018.0, 57020.0, 57038.0, 57045.0, 57050.0, 57122.0, 57142.0, 57409.0, 57448.0, 57456.0, 57541.0, 57544.0, 57589.0, 57590.0, 57600.0, 57650.0, 57680.0, 57786.0, 58478.0, 58487.0, 58490.0, 58517.0, 60481.0, 60487.0, 60560.0, 60561.0, 60592.0, 63877.0, 63931.0, 64062.0, 64087.0, 64285.0, 64327.0, 64328.0, 64343.0, 64395.0, 64426.0, 64786.0, 64839.0, 64844.0, 64857.0, 64946.0, 64983.0, 65005.0, 65265.0, 65977.0, 79088.0, 79133.0, 79158.0, 79577.0, 79647.0, 79665.0, 79666.0, 79670.0, 79800.0, 79807.0, 80011.0, 80155.0, 80204.0, 81545.0, 81550.0, 81573.0, 81611.0, 83877.0, 83884.0, 84132.0, 84152.0, 84248.0, 84301.0, 84313.0, 84418.0, 84458.0, 84541.0, 84640.0, 84923.0, 84991.0, 85021.0, 85403.0, 90411.0, 91283.0, 91404.0, 91408.0, 91526.0, 91947.0, 92140.0, 92283.0, 92345.0, 93010.0, 93487.0, 93624.0, 94081.0, 103910.0, 114907.0, 115426.0, 116224.0, 118426.0, 120379.0, 122809.0, 123283.0, 124808.0, 126298.0, 132660.0, 133015.0, 133308.0, 137886.0, 139324.0, 139886.0, 140461.0, 147339.0, 147685.0, 149041.0, 149371.0, 151195.0, 152137.0, 152756.0, 154807.0, 163049.0, 163059.0, 163126.0, 163255.0, 163590.0, 163859.0, 167153.0, 167691.0, 169981.0, 170506.0, 196441.0, 201475.0, 203523.0, 205564.0, 219621.0, 219749.0, 219771.0, 220963.0, 221037.0, 221154.0, 221443.0, 255967.0, 259232.0, 283131.0, 283459.0, 285282.0, 286451.0, 317662.0, 340542.0, 374986.0, 401548.0, 403313.0, 440026.0, 445815.0, 100129583.0, 100287932.0, 101928601.0 
GO:0003714 MF 6.66e-06  19/911   186/29107 D03 transcription corepressor activity       708.0, 2146.0, 3192.0, 4863.0, 5036.0, 9318.0, 9541.0, 10284.0, 22938.0, 23543.0, 23741.0, 25937.0, 26036.0, 51132.0, 51616.0, 55749.0, 55758.0, 84458.0, 163126.0 
GO:0008270 MF 8.07e-06  50/911   814/29107 D06 zinc ion binding                         3164.0, 4077.0, 4193.0, 4493.0, 4499.0, 4501.0, 4502.0, 5440.0, 5927.0, 6047.0, 6477.0, 7181.0, 7182.0, 7555.0, 7705.0, 7750.0, 8805.0, 9063.0, 9520.0, 9618.0, 10299.0, 10483.0, 10569.0, 10600.0, 10845.0, 10926.0, 10939.0, 10946.0, 11143.0, 11193.0, 25820.0, 26046.0, 51366.0, 51592.0, 54802.0, 55628.0, 56888.0, 57169.0, 57590.0, 57786.0, 64844.0, 79670.0, 80204.0, 93624.0, 114799.0, 119587.0, 130507.0, 149041.0, 153830.0, 161725.0 
GO:0043024 MF 8.51e-06   6/911    17/29107 D04 ribosomal small subunit binding          1654.0, 1975.0, 4869.0, 7458.0, 54505.0, 55037.0 
GO:0004843 MF 1.22e-05  14/911   113/29107 D07 thiol-dependent deubiquitinase           7398.0, 8665.0, 9097.0, 9958.0, 10600.0, 23252.0, 23358.0, 51633.0, 54764.0, 55230.0, 80124.0, 84132.0, 84640.0, 161725.0 
GO:0061630 MF 2.61e-05  24/911   298/29107 D05 ubiquitin protein ligase activity        998.0, 4193.0, 6477.0, 7322.0, 7337.0, 7844.0, 8452.0, 8805.0, 9604.0, 10001.0, 10299.0, 10758.0, 25820.0, 26046.0, 51132.0, 51366.0, 54778.0, 55167.0, 56888.0, 115426.0, 130507.0, 147339.0, 149041.0, 153830.0 
GO:0008134 MF 3.95e-05  18/911   193/29107 D03 transcription factor binding             708.0, 1054.0, 1654.0, 2353.0, 4087.0, 4792.0, 5591.0, 6047.0, 6872.0, 6879.0, 6934.0, 7428.0, 9063.0, 10001.0, 10284.0, 23028.0, 26043.0, 64710.0 
GO:0016922 MF 4.10e-05   8/911    42/29107 D06 nuclear receptor binding                 1407.0, 6605.0, 6872.0, 6934.0, 8202.0, 8805.0, 8896.0, 22938.0 
GO:0016538 MF 4.88e-05   7/911    32/29107 D05 cyclin-dependent protein serine/threonine kinase regulator activity 892.0, 902.0, 905.0, 54619.0, 57018.0, 151195.0, 219771.0 
GO:0030374 MF 5.61e-05   9/911    56/29107 D04 nuclear receptor coactivator activity    6047.0, 7110.0, 8202.0, 8896.0, 9967.0, 23028.0, 29079.0, 55749.0, 56943.0 
GO:0003690 MF 5.65e-05  12/911    98/29107 D05 double-stranded DNA binding              1407.0, 3008.0, 3192.0, 4087.0, 5591.0, 5981.0, 6996.0, 7520.0, 10621.0, 10635.0, 50810.0, 64710.0 
GO:0045296 MF 6.32e-05  24/911   315/29107 D04 cadherin binding                         1654.0, 1983.0, 3190.0, 4301.0, 4735.0, 5318.0, 5901.0, 6138.0, 7082.0, 7458.0, 7534.0, 8428.0, 9217.0, 9218.0, 9531.0, 9689.0, 9793.0, 22919.0, 26130.0, 28969.0, 29789.0, 54505.0, 57142.0, 57650.0 
GO:0003724 MF 7.04e-05  10/911    71/29107 D04 RNA helicase activity                    1653.0, 1654.0, 1665.0, 11325.0, 23517.0, 54505.0, 57062.0, 79009.0, 79665.0, 170506.0 
GO:0106311 MF 8.44e-05  26/911   359/29107 D07 protein threonine kinase activity        1452.0, 1457.0, 1459.0, 4216.0, 5063.0, 5128.0, 5584.0, 5591.0, 5599.0, 6197.0, 6198.0, 6872.0, 8428.0, 8621.0, 9448.0, 9706.0, 10114.0, 10746.0, 11011.0, 23012.0, 51086.0, 51755.0, 54861.0, 84930.0, 152110.0, 375449.0 
GO:0106310 MF 8.44e-05  26/911   359/29107 D07 protein serine kinase activity           1452.0, 1457.0, 1459.0, 4216.0, 5063.0, 5128.0, 5584.0, 5591.0, 5599.0, 6197.0, 6198.0, 6872.0, 8428.0, 8621.0, 9448.0, 9706.0, 10114.0, 10746.0, 11011.0, 23012.0, 51086.0, 51755.0, 54861.0, 84930.0, 152110.0, 375449.0 
GO:0019003 MF 1.01e-04  10/911    74/29107 D08 GDP binding                              387.0, 388.0, 2669.0, 5868.0, 5901.0, 5912.0, 6729.0, 22800.0, 22931.0, 201475.0 
GO:0003697 MF 1.33e-04  12/911   107/29107 D05 single-stranded DNA binding              3192.0, 5814.0, 5887.0, 7257.0, 7555.0, 8939.0, 10128.0, 10635.0, 10923.0, 23168.0, 64710.0, 170506.0 
GO:0000981 MF 1.65e-04  63/911  1241/29107 D03 DNA-binding transcription factor activity, RNA polymerase II-specific 1052.0, 1054.0, 1959.0, 2308.0, 2353.0, 3164.0, 3298.0, 4087.0, 4801.0, 5814.0, 6670.0, 6934.0, 7181.0, 7182.0, 7556.0, 7559.0, 7561.0, 7562.0, 7574.0, 7584.0, 7586.0, 7587.0, 7705.0, 7728.0, 7764.0, 8553.0, 9242.0, 9668.0, 10172.0, 10365.0, 10781.0, 10794.0, 11262.0, 22850.0, 22926.0, 23036.0, 23099.0, 23300.0, 55279.0, 55609.0, 55892.0, 57336.0, 57541.0, 57711.0, 57786.0, 58487.0, 79088.0, 79800.0, 84146.0, 84327.0, 90233.0, 92283.0, 117154.0, 139324.0, 163049.0, 163059.0, 163255.0, 195828.0, 203523.0, 219749.0, 360023.0, 374899.0, 388112.0 
GO:0000978 MF 2.22e-04  60/911  1178/29107 D09 RNA polymerase II cis-regulatory region sequence-specific DNA binding 639.0, 1052.0, 1054.0, 1959.0, 2146.0, 2308.0, 2353.0, 3164.0, 3192.0, 3298.0, 4087.0, 4801.0, 5887.0, 5928.0, 6301.0, 6670.0, 6934.0, 7181.0, 7182.0, 7541.0, 7559.0, 7562.0, 7574.0, 7586.0, 7587.0, 7705.0, 7728.0, 7764.0, 8553.0, 9242.0, 9668.0, 9841.0, 9967.0, 10172.0, 10308.0, 10365.0, 10794.0, 10923.0, 22926.0, 23361.0, 51193.0, 55609.0, 55749.0, 55892.0, 57336.0, 79088.0, 79800.0, 84146.0, 90233.0, 92283.0, 117154.0, 139324.0, 163255.0, 170506.0, 170960.0, 195828.0, 203523.0, 360023.0, 374899.0, 388112.0 
GO:0019901 MF 2.40e-04  30/911   469/29107 D05 protein kinase binding                   387.0, 388.0, 998.0, 1213.0, 1407.0, 4869.0, 5037.0, 5073.0, 5208.0, 6197.0, 6934.0, 7037.0, 7416.0, 7534.0, 7538.0, 8621.0, 8915.0, 9541.0, 9618.0, 10540.0, 10746.0, 11213.0, 11235.0, 22919.0, 23376.0, 25793.0, 51755.0, 54206.0, 151195.0, 219771.0 
GO:0042393 MF 2.40e-04  15/911   166/29107 D03 histone binding                          4869.0, 5927.0, 5928.0, 6418.0, 8125.0, 9733.0, 10600.0, 11143.0, 51773.0, 54454.0, 56254.0, 57680.0, 81611.0, 115426.0, 144108.0 
GO:0019904 MF 2.83e-04  19/911   245/29107 D03 protein domain specific binding          387.0, 400.0, 3190.0, 3643.0, 4193.0, 4291.0, 5576.0, 5591.0, 5912.0, 5981.0, 6434.0, 6500.0, 6996.0, 7534.0, 8553.0, 8683.0, 9218.0, 10657.0, 11335.0 
GO:0046966 MF 2.88e-04   6/911    30/29107 D07 thyroid hormone receptor binding         2965.0, 6879.0, 8202.0, 9967.0, 29079.0, 221037.0 
GO:0033592 MF 2.91e-04   3/911     5/29107 D06 RNA strand annealing activity            1654.0, 1975.0, 7458.0 
GO:0004672 MF 3.54e-04  17/911   210/29107 D05 protein kinase activity                  27.0, 1452.0, 5128.0, 5584.0, 5591.0, 6197.0, 6198.0, 6872.0, 8428.0, 8621.0, 8805.0, 10114.0, 10746.0, 51086.0, 51755.0, 152110.0, 255967.0 
GO:0019899 MF 3.80e-04  25/911   369/29107 D03 enzyme binding                           1977.0, 3570.0, 3920.0, 4193.0, 4792.0, 5037.0, 5144.0, 5591.0, 5599.0, 6301.0, 7428.0, 7525.0, 7538.0, 8915.0, 8987.0, 9217.0, 10299.0, 11335.0, 22938.0, 23028.0, 25814.0, 51631.0, 54583.0, 55904.0, 64426.0 
GO:0000976 MF 4.17e-04  17/911   213/29107 D07 transcription cis-regulatory region binding 1959.0, 2353.0, 2553.0, 4801.0, 5927.0, 6879.0, 6934.0, 7520.0, 7541.0, 7764.0, 9070.0, 22926.0, 23300.0, 51193.0, 51742.0, 58487.0, 170506.0 
GO:0031624 MF 4.17e-04   6/911    32/29107 D05 ubiquitin conjugating enzyme binding     6477.0, 7750.0, 9604.0, 10299.0, 25820.0, 64844.0 
GO:0004674 MF 4.19e-04  22/911   312/29107 D06 protein serine/threonine kinase activity 1452.0, 1457.0, 1459.0, 5063.0, 5584.0, 5591.0, 5599.0, 6197.0, 6198.0, 6872.0, 8428.0, 9448.0, 9706.0, 10114.0, 10746.0, 11011.0, 11213.0, 23012.0, 54861.0, 84930.0, 152110.0, 375449.0 
GO:0042803 MF 4.53e-04  38/911   671/29107 D04 protein homodimerization activity        567.0, 665.0, 1647.0, 3570.0, 4040.0, 4869.0, 4953.0, 5018.0, 5130.0, 5175.0, 5713.0, 5825.0, 6120.0, 6301.0, 6996.0, 7037.0, 7181.0, 7511.0, 8460.0, 8553.0, 9217.0, 9950.0, 10059.0, 10670.0, 11213.0, 11235.0, 25801.0, 25937.0, 54033.0, 56267.0, 56947.0, 57650.0, 79646.0, 84313.0, 133686.0, 134266.0, 285282.0, 374986.0 
GO:0008143 MF 5.02e-04   5/911    22/29107 D07 poly(A) binding                          1653.0, 1654.0, 3192.0, 9987.0, 10657.0 
GO:0070034 MF 5.02e-04   5/911    22/29107 D05 telomerase RNA binding                   3192.0, 5073.0, 54464.0, 92345.0, 170506.0 
GO:0047485 MF 5.35e-04  11/911   107/29107 D03 protein N-terminus binding               1457.0, 1459.0, 1647.0, 4193.0, 4683.0, 4869.0, 6605.0, 7450.0, 8202.0, 11235.0, 84313.0 
GO:0016887 MF 5.40e-04  20/911   270/29107 D07 ATP hydrolysis activity                  1105.0, 1653.0, 1654.0, 1665.0, 2963.0, 5189.0, 5825.0, 10845.0, 11325.0, 23517.0, 29789.0, 51182.0, 54454.0, 54505.0, 57062.0, 57680.0, 79009.0, 79665.0, 84896.0, 170506.0 
GO:0004535 MF 5.44e-04   4/911    13/29107 D09 poly(A)-specific ribonuclease activity   4848.0, 5073.0, 201626.0, 255967.0 
GO:0036402 MF 5.69e-04   3/911     6/29107 D02 proteasome-activating activity           5700.0, 5701.0, 5706.0 
GO:0034604 MF 5.69e-04   3/911     6/29107 D06 pyruvate dehydrogenase (NAD+) activity   1737.0, 1738.0, 8050.0 
GO:0003747 MF 5.69e-04   3/911     6/29107 D07 translation release factor activity      2107.0, 2935.0, 23708.0 
GO:0043021 MF 5.87e-04   6/911    34/29107 D03 ribonucleoprotein complex binding        2146.0, 3192.0, 4193.0, 6729.0, 9728.0, 9793.0 
GO:0004930 MF 1.77e-06   0/911   683/29107 D04 G protein-coupled receptor activity       
GO:0004984 MF 6.70e-06   0/911   399/29107 D04 olfactory receptor activity               
