GO:0051028 BP 2.47e-06    5/89    70/29107 D08 mRNA transport                           4928.0, 9775.0, 9818.0, 23237.0, 55421.0 
GO:0005654 CC 4.73e-07   32/89  3805/29107 D02 nucleoplasm                              2117.0, 2354.0, 3720.0, 4928.0, 4929.0, 6428.0, 6446.0, 6675.0, 7335.0, 7862.0, 7874.0, 8473.0, 8726.0, 9044.0, 9441.0, 9775.0, 9792.0, 10521.0, 11319.0, 23186.0, 23198.0, 27161.0, 29995.0, 30836.0, 51099.0, 79892.0, 80818.0, 84365.0, 90441.0, 94056.0, 148479.0, 342371.0 
GO:0005829 CC 1.13e-06   36/89  5295/29107 D02 cytosol                                  1500.0, 4144.0, 4928.0, 5830.0, 5997.0, 6009.0, 6446.0, 6675.0, 7335.0, 7862.0, 7874.0, 8473.0, 8726.0, 9456.0, 9775.0, 9792.0, 10521.0, 11319.0, 23198.0, 23237.0, 23268.0, 27161.0, 51099.0, 51566.0, 51735.0, 55664.0, 58476.0, 79892.0, 80818.0, 81565.0, 81930.0, 84376.0, 90441.0, 94056.0, 154214.0, 197131.0 
GO:0005634 CC 1.37e-06   39/89  5368/29107 D05 nucleus                                  1390.0, 1500.0, 2117.0, 2354.0, 3720.0, 4616.0, 4783.0, 4929.0, 5997.0, 6018.0, 6446.0, 7335.0, 7862.0, 7874.0, 8473.0, 8726.0, 9775.0, 9792.0, 10127.0, 10521.0, 11319.0, 23142.0, 23186.0, 23198.0, 27161.0, 29995.0, 51277.0, 51566.0, 55421.0, 57343.0, 58476.0, 64651.0, 79892.0, 80315.0, 81930.0, 123879.0, 148479.0, 200424.0, 342371.0 
GO:0005737 CC 1.46e-06   33/89  4681/29107 D02 cytoplasm                                627.0, 1390.0, 1500.0, 4616.0, 4929.0, 5830.0, 5997.0, 6428.0, 6446.0, 7335.0, 7862.0, 9456.0, 9775.0, 9792.0, 10521.0, 10777.0, 11319.0, 23235.0, 23237.0, 27161.0, 29995.0, 55421.0, 55664.0, 80315.0, 81873.0, 81930.0, 84365.0, 84376.0, 114088.0, 123879.0, 154214.0, 197131.0, 200424.0 
GO:0000151 CC 2.17e-05    5/89   109/29107 D04 ubiquitin ligase complex                 7335.0, 23142.0, 123879.0, 154214.0, 197131.0 
GO:0005694 CC 3.34e-05    6/89   198/29107 D05 chromosome                               7862.0, 7874.0, 8726.0, 30836.0, 84365.0, 200424.0 
GO:0016607 CC 3.85e-05    8/89   411/29107 D03 nuclear speck                            627.0, 4929.0, 6428.0, 6446.0, 9775.0, 10521.0, 23198.0, 55421.0 
GO:0030425 CC 4.63e-05    8/89   422/29107 D05 dendrite                                 627.0, 9456.0, 9775.0, 27161.0, 80315.0, 94056.0, 114088.0, 342371.0 
GO:0005515 MF 1.38e-06   74/89 12418/29107 D02 protein binding                          627.0, 1390.0, 1500.0, 2055.0, 2354.0, 4144.0, 4616.0, 4783.0, 4885.0, 4928.0, 4929.0, 5830.0, 5997.0, 6009.0, 6018.0, 6428.0, 6446.0, 6515.0, 7335.0, 7862.0, 7874.0, 8473.0, 8726.0, 9441.0, 9456.0, 9775.0, 9792.0, 9818.0, 10127.0, 10521.0, 10678.0, 11319.0, 22865.0, 23141.0, 23142.0, 23186.0, 23198.0, 23235.0, 23237.0, 23268.0, 27161.0, 29995.0, 30836.0, 51099.0, 51277.0, 51566.0, 51735.0, 54495.0, 55421.0, 55664.0, 56942.0, 57343.0, 57488.0, 58476.0, 64651.0, 79656.0, 79892.0, 80315.0, 80818.0, 81565.0, 81671.0, 81873.0, 81930.0, 84365.0, 84376.0, 90407.0, 90441.0, 91966.0, 94056.0, 114088.0, 123879.0, 197131.0, 200424.0, 342371.0 
