GO:0006357 BP 1.48e-06  49/275  1600/29107 D10 regulation of transcription by RNA polymerase II 1875.0, 1998.0, 5926.0, 7543.0, 7569.0, 7570.0, 7580.0, 7637.0, 7644.0, 7757.0, 7770.0, 7771.0, 9849.0, 10168.0, 11168.0, 11244.0, 23660.0, 26149.0, 29915.0, 29994.0, 54816.0, 55659.0, 55900.0, 57209.0, 79027.0, 80108.0, 80110.0, 83744.0, 84775.0, 84911.0, 85460.0, 90317.0, 90594.0, 90649.0, 117608.0, 125893.0, 125919.0, 147923.0, 148268.0, 152687.0, 168374.0, 284309.0, 340252.0, 345462.0, 388561.0, 400713.0, 619279.0, 110116772.0, 110354863.0 
GO:0006355 BP 5.66e-06  17/275   495/29107 D09 regulation of transcription, DNA-templated 7570.0, 7700.0, 9646.0, 10943.0, 23421.0, 23660.0, 29915.0, 54816.0, 60313.0, 65056.0, 79101.0, 80298.0, 90321.0, 90649.0, 168374.0, 171392.0, 340252.0 
GO:0005654 CC 2.16e-06  79/275  3805/29107 D02 nucleoplasm                              1875.0, 1998.0, 2803.0, 3646.0, 4507.0, 4938.0, 4999.0, 5586.0, 5608.0, 5775.0, 5926.0, 6232.0, 6502.0, 7543.0, 7570.0, 8505.0, 8548.0, 8881.0, 9169.0, 9330.0, 9584.0, 9646.0, 9877.0, 9933.0, 9994.0, 10111.0, 10714.0, 10943.0, 11168.0, 11244.0, 22900.0, 22909.0, 23244.0, 23345.0, 23421.0, 23451.0, 25957.0, 26009.0, 27030.0, 27042.0, 27332.0, 29915.0, 30061.0, 49855.0, 51199.0, 51426.0, 51535.0, 51567.0, 51575.0, 51585.0, 51645.0, 51747.0, 54477.0, 54875.0, 55082.0, 55127.0, 55320.0, 55602.0, 55629.0, 55781.0, 55814.0, 57703.0, 57721.0, 59338.0, 79072.0, 79074.0, 79101.0, 79184.0, 79441.0, 79677.0, 79723.0, 80205.0, 84456.0, 84955.0, 85313.0, 96764.0, 147923.0, 257218.0, 259282.0 
GO:0005634 CC 2.21e-06 115/275  5368/29107 D05 nucleus                                  1998.0, 3646.0, 4938.0, 4999.0, 5203.0, 5586.0, 5926.0, 6156.0, 6232.0, 6502.0, 7569.0, 7570.0, 7580.0, 7637.0, 7644.0, 7700.0, 7757.0, 7770.0, 7771.0, 8505.0, 8548.0, 8798.0, 8899.0, 9039.0, 9101.0, 9849.0, 9994.0, 10153.0, 10168.0, 10464.0, 10943.0, 11168.0, 11244.0, 22900.0, 22909.0, 23244.0, 23345.0, 23421.0, 23451.0, 23660.0, 26092.0, 26149.0, 26278.0, 27030.0, 27332.0, 29915.0, 29994.0, 51002.0, 51320.0, 51426.0, 51567.0, 51645.0, 51747.0, 53918.0, 54816.0, 54823.0, 54851.0, 55100.0, 55196.0, 55629.0, 55659.0, 55781.0, 55900.0, 56154.0, 57209.0, 57703.0, 57721.0, 60313.0, 63979.0, 65056.0, 79027.0, 79074.0, 79184.0, 79677.0, 79698.0, 79723.0, 80108.0, 80110.0, 80184.0, 83744.0, 83752.0, 84456.0, 84775.0, 84911.0, 85313.0, 85460.0, 87178.0, 90317.0, 90321.0, 90594.0, 90649.0, 96764.0, 114821.0, 117608.0, 125893.0, 125919.0, 132851.0, 147923.0, 148268.0, 152687.0, 166815.0, 168374.0, 170622.0, 171392.0, 200765.0, 219790.0, 284309.0, 340252.0, 345462.0, 387082.0, 388561.0, 400713.0, 619279.0, 110116772.0, 110354863.0 
GO:0005813 CC 3.32e-06  18/275   528/29107 D03 centrosome                               4999.0, 5586.0, 8881.0, 9786.0, 10142.0, 10464.0, 22852.0, 29922.0, 51199.0, 54875.0, 79441.0, 79959.0, 80184.0, 84131.0, 85459.0, 115106.0, 259282.0, 285753.0 
GO:0005829 CC 3.84e-05  78/275  5295/29107 D02 cytosol                                  1998.0, 2098.0, 2803.0, 3433.0, 3434.0, 3646.0, 4507.0, 4938.0, 5139.0, 5203.0, 5290.0, 5586.0, 5608.0, 5775.0, 5926.0, 6156.0, 6170.0, 6232.0, 6502.0, 6655.0, 7447.0, 8499.0, 8505.0, 8821.0, 8881.0, 9039.0, 9101.0, 9482.0, 9765.0, 10142.0, 11168.0, 22900.0, 22909.0, 23244.0, 23421.0, 25957.0, 26092.0, 26127.0, 29915.0, 29922.0, 30061.0, 49855.0, 51002.0, 51134.0, 51209.0, 51535.0, 51594.0, 51752.0, 54477.0, 54851.0, 54875.0, 54885.0, 54899.0, 55082.0, 55629.0, 55781.0, 56288.0, 57703.0, 59338.0, 65056.0, 79101.0, 79184.0, 79441.0, 79959.0, 80184.0, 80205.0, 80208.0, 83752.0, 84131.0, 84955.0, 85313.0, 85459.0, 87178.0, 92482.0, 96764.0, 115106.0, 154743.0, 374354.0 
GO:0005814 CC 7.12e-05   8/275   144/29107 D05 centriole                                9786.0, 51134.0, 51199.0, 54875.0, 79959.0, 80184.0, 84131.0, 85459.0 
GO:0003677 MF 7.91e-07  26/275   921/29107 D04 DNA binding                              5926.0, 6232.0, 6655.0, 7570.0, 7637.0, 9330.0, 9933.0, 10111.0, 10142.0, 10943.0, 11244.0, 26009.0, 29994.0, 51747.0, 55320.0, 60313.0, 65056.0, 79101.0, 79698.0, 80205.0, 80298.0, 90321.0, 166815.0, 171392.0, 200765.0, 257218.0 
GO:0000981 MF 9.05e-07  36/275  1241/29107 D03 DNA-binding transcription factor activity, RNA polymerase II-specific 1875.0, 1998.0, 7569.0, 7570.0, 7580.0, 7637.0, 7700.0, 9849.0, 11244.0, 23660.0, 54816.0, 55659.0, 55900.0, 57209.0, 79027.0, 80108.0, 80110.0, 84775.0, 85460.0, 90317.0, 90594.0, 90649.0, 117608.0, 125893.0, 125919.0, 147923.0, 148268.0, 152687.0, 168374.0, 171392.0, 284309.0, 340252.0, 345462.0, 388561.0, 400713.0, 110116772.0 
GO:0000978 MF 9.27e-07  38/275  1178/29107 D09 RNA polymerase II cis-regulatory region sequence-specific DNA binding 1875.0, 7569.0, 7580.0, 7637.0, 7644.0, 7700.0, 7757.0, 7770.0, 7771.0, 10168.0, 23660.0, 26149.0, 54816.0, 55659.0, 55900.0, 79027.0, 80108.0, 83744.0, 84775.0, 84911.0, 90317.0, 90649.0, 117608.0, 125893.0, 125919.0, 147923.0, 148268.0, 152687.0, 168374.0, 171392.0, 284309.0, 340252.0, 345462.0, 388561.0, 400713.0, 619279.0, 110116772.0, 110354863.0 
GO:0003723 MF 1.16e-06  35/275  1388/29107 D04 RNA binding                              3433.0, 3434.0, 3646.0, 5586.0, 6156.0, 6170.0, 6232.0, 8886.0, 8899.0, 9169.0, 9584.0, 9877.0, 9933.0, 10153.0, 11168.0, 23345.0, 23451.0, 25957.0, 27042.0, 27332.0, 51320.0, 51535.0, 51575.0, 51747.0, 55127.0, 55299.0, 55602.0, 57703.0, 60313.0, 65056.0, 79072.0, 79868.0, 84294.0, 85313.0, 87178.0 
GO:0046872 MF 1.34e-06  62/275  2297/29107 D04 metal ion binding                        4938.0, 5139.0, 7543.0, 7569.0, 7580.0, 7700.0, 7770.0, 7771.0, 8001.0, 8798.0, 9169.0, 9765.0, 9849.0, 9877.0, 10111.0, 10168.0, 11019.0, 11244.0, 11320.0, 23469.0, 26149.0, 29922.0, 29994.0, 51320.0, 51426.0, 53918.0, 54816.0, 55659.0, 55781.0, 55900.0, 57209.0, 57486.0, 79027.0, 79184.0, 80108.0, 80110.0, 83744.0, 84775.0, 84911.0, 85460.0, 90317.0, 90321.0, 90594.0, 90649.0, 114805.0, 117608.0, 125893.0, 125919.0, 147923.0, 148268.0, 152100.0, 152687.0, 257218.0, 284309.0, 337876.0, 340252.0, 345462.0, 388561.0, 400713.0, 619279.0, 110116772.0, 110354863.0 
GO:0005515 MF 3.82e-06 177/275 12418/29107 D02 protein binding                          594.0, 953.0, 1000.0, 1875.0, 1998.0, 2045.0, 2098.0, 2660.0, 2803.0, 2982.0, 3433.0, 3434.0, 3646.0, 4507.0, 4938.0, 4999.0, 5139.0, 5203.0, 5290.0, 5586.0, 5608.0, 5775.0, 5797.0, 5803.0, 6156.0, 6232.0, 6502.0, 6655.0, 7447.0, 7580.0, 7637.0, 7770.0, 8382.0, 8499.0, 8505.0, 8546.0, 8548.0, 8798.0, 8821.0, 8881.0, 8886.0, 8899.0, 9039.0, 9101.0, 9169.0, 9330.0, 9482.0, 9584.0, 9646.0, 9765.0, 9877.0, 9933.0, 9994.0, 10111.0, 10142.0, 10464.0, 10714.0, 10943.0, 11112.0, 11168.0, 11244.0, 22852.0, 22900.0, 22909.0, 23244.0, 23345.0, 23390.0, 23421.0, 23451.0, 23554.0, 23660.0, 26009.0, 26092.0, 26127.0, 27030.0, 27042.0, 29915.0, 29922.0, 29994.0, 30001.0, 30061.0, 49855.0, 51002.0, 51134.0, 51199.0, 51209.0, 51320.0, 51535.0, 51567.0, 51645.0, 51661.0, 51747.0, 51752.0, 53918.0, 54477.0, 54851.0, 54885.0, 54918.0, 55015.0, 55032.0, 55082.0, 55127.0, 55196.0, 55299.0, 55320.0, 55602.0, 55610.0, 55629.0, 55781.0, 55788.0, 55900.0, 56288.0, 57209.0, 57502.0, 57528.0, 57689.0, 57703.0, 57721.0, 59338.0, 60313.0, 63979.0, 64398.0, 65056.0, 79027.0, 79072.0, 79074.0, 79101.0, 79184.0, 79441.0, 79677.0, 79698.0, 79723.0, 79959.0, 80108.0, 80110.0, 80184.0, 80208.0, 80298.0, 81542.0, 83752.0, 84294.0, 84456.0, 84674.0, 84775.0, 84955.0, 85313.0, 87178.0, 90321.0, 90594.0, 92482.0, 96764.0, 115106.0, 115265.0, 125919.0, 131118.0, 132851.0, 143884.0, 144363.0, 147923.0, 149840.0, 152687.0, 168374.0, 170622.0, 171392.0, 200765.0, 219402.0, 253635.0, 257218.0, 259282.0, 284309.0, 285141.0, 285753.0, 286499.0, 374354.0, 386618.0, 619208.0, 619279.0 
