GO:0000398 BP 3.66e-07  14/355   180/29107 D11 mRNA splicing, via spliceosome           4809.0, 4858.0, 6628.0, 7536.0, 9092.0, 9343.0, 9785.0, 10262.0, 10594.0, 10992.0, 23020.0, 24148.0, 27238.0, 27339.0 
GO:0034058 BP 1.47e-06   4/355     8/29107 D08 endosomal vesicle fusion                 23339.0, 27183.0, 51479.0, 55823.0 
GO:0016567 BP 1.68e-06  21/355   471/29107 D09 protein ubiquitination                   267.0, 408.0, 6923.0, 9978.0, 10055.0, 10075.0, 10238.0, 11237.0, 23352.0, 26272.0, 30837.0, 51530.0, 55823.0, 64207.0, 79102.0, 79594.0, 79786.0, 80263.0, 84246.0, 149603.0, 553115.0 
GO:0042147 BP 3.38e-06   8/355    74/29107 D06 retrograde transport, endosome to Golgi  1639.0, 8675.0, 8729.0, 9827.0, 51272.0, 51479.0, 51560.0, 55275.0 
GO:0006412 BP 5.47e-06  12/355   195/29107 D07 translation                              1981.0, 3035.0, 6122.0, 6132.0, 6181.0, 6187.0, 6203.0, 7453.0, 10573.0, 51253.0, 55168.0, 64745.0 
GO:0006886 BP 1.01e-05  14/355   280/29107 D06 intracellular protein transport          163.0, 320.0, 377.0, 1173.0, 1175.0, 5869.0, 6396.0, 6812.0, 8675.0, 23339.0, 23647.0, 51560.0, 55823.0, 64284.0 
GO:0016241 BP 3.19e-05   6/355    50/29107 D07 regulation of macroautophagy             534.0, 535.0, 826.0, 2475.0, 5566.0, 29978.0 
GO:0048255 BP 3.43e-05   5/355    31/29107 D10 mRNA stabilization                       1994.0, 2475.0, 8148.0, 23367.0, 56478.0 
GO:0046761 BP 3.50e-05   3/355     6/29107 D09 viral budding from plasma membrane       27183.0, 27243.0, 128866.0 
GO:0071005 CC 1.55e-07   9/355    50/29107 D05 U2-type precatalytic spliceosome         4809.0, 6628.0, 9092.0, 9343.0, 10262.0, 10594.0, 10992.0, 23020.0, 24148.0 
GO:0046540 CC 4.16e-07   7/355    39/29107 D06 U4/U6 x U5 tri-snRNP complex             4809.0, 6628.0, 9092.0, 9343.0, 10594.0, 23020.0, 24148.0 
GO:0042470 CC 4.20e-07  10/355   100/29107 D08 melanosome                               534.0, 535.0, 1267.0, 1508.0, 3916.0, 5869.0, 6184.0, 7531.0, 23193.0, 64284.0 
GO:0005739 CC 8.07e-07  41/355  1305/29107 D05 mitochondrion                            506.0, 598.0, 670.0, 1329.0, 1431.0, 2237.0, 2931.0, 3035.0, 3098.0, 4720.0, 4722.0, 5566.0, 6548.0, 6812.0, 7284.0, 7386.0, 8729.0, 8799.0, 8878.0, 9054.0, 9467.0, 9804.0, 10134.0, 10562.0, 10573.0, 11331.0, 25902.0, 26073.0, 51142.0, 51253.0, 51706.0, 54539.0, 55168.0, 55361.0, 55794.0, 60528.0, 79594.0, 79693.0, 83667.0, 84769.0, 140823.0 
GO:0048471 CC 8.49e-07  29/355   713/29107 D02 perinuclear region of cytoplasm          267.0, 320.0, 377.0, 535.0, 1267.0, 1508.0, 2064.0, 2720.0, 3916.0, 3985.0, 5298.0, 5566.0, 6399.0, 6548.0, 6812.0, 6844.0, 8666.0, 8675.0, 9491.0, 10079.0, 10397.0, 10523.0, 10562.0, 27183.0, 55275.0, 55662.0, 56897.0, 80762.0, 84232.0 
GO:0071013 CC 9.84e-07   9/355    85/29107 D04 catalytic step 2 spliceosome             6628.0, 9092.0, 9343.0, 9785.0, 10594.0, 10992.0, 23020.0, 24148.0, 27339.0 
GO:0016020 CC 1.49e-06  82/355  2120/29107 D02 membrane                                 30.0, 60.0, 163.0, 267.0, 506.0, 826.0, 1267.0, 1639.0, 1981.0, 1984.0, 1994.0, 2026.0, 2237.0, 2280.0, 2475.0, 2734.0, 3480.0, 3916.0, 5093.0, 5298.0, 5566.0, 5708.0, 5869.0, 6132.0, 6181.0, 6184.0, 6187.0, 6203.0, 6734.0, 6844.0, 7284.0, 7531.0, 8079.0, 8729.0, 8799.0, 9266.0, 9343.0, 9491.0, 9526.0, 9672.0, 9777.0, 9785.0, 9827.0, 10043.0, 10075.0, 10134.0, 10197.0, 10523.0, 10594.0, 11128.0, 11230.0, 23020.0, 23193.0, 23339.0, 23352.0, 23367.0, 23633.0, 24148.0, 25902.0, 26003.0, 27243.0, 27339.0, 50651.0, 51272.0, 51479.0, 51706.0, 55226.0, 55275.0, 55361.0, 56262.0, 56478.0, 56897.0, 57720.0, 64072.0, 79594.0, 79693.0, 79707.0, 80306.0, 94005.0, 121665.0, 196500.0, 100507050.0 
GO:0005681 CC 1.60e-06   9/355    90/29107 D03 spliceosomal complex                     6628.0, 7536.0, 9785.0, 10262.0, 10992.0, 23020.0, 24148.0, 25980.0, 27238.0 
GO:0070062 CC 1.96e-06  58/355  2169/29107 D06 extracellular exosome                    58.0, 60.0, 377.0, 506.0, 535.0, 826.0, 1173.0, 1267.0, 1431.0, 1508.0, 2026.0, 2720.0, 2734.0, 2805.0, 2937.0, 3385.0, 3916.0, 5093.0, 5226.0, 5566.0, 5694.0, 5708.0, 5869.0, 6051.0, 6122.0, 6181.0, 6187.0, 6203.0, 6396.0, 6548.0, 6734.0, 6812.0, 7251.0, 7284.0, 7453.0, 7531.0, 7837.0, 8574.0, 8662.0, 8878.0, 10043.0, 10075.0, 10397.0, 10562.0, 10591.0, 23193.0, 27183.0, 27243.0, 51181.0, 51479.0, 51706.0, 57180.0, 64284.0, 83442.0, 128866.0, 140465.0, 553115.0, 113455421.0 
GO:0005829 CC 2.09e-06 141/355  5295/29107 D02 cytosol                                  30.0, 58.0, 60.0, 118.0, 163.0, 267.0, 320.0, 408.0, 534.0, 535.0, 598.0, 599.0, 826.0, 833.0, 1173.0, 1175.0, 1639.0, 1795.0, 1981.0, 1984.0, 1994.0, 2026.0, 2064.0, 2280.0, 2475.0, 2805.0, 2869.0, 2931.0, 2937.0, 3035.0, 3069.0, 3098.0, 3797.0, 3916.0, 4204.0, 4862.0, 5093.0, 5226.0, 5298.0, 5528.0, 5566.0, 5694.0, 5708.0, 6000.0, 6122.0, 6132.0, 6181.0, 6184.0, 6187.0, 6196.0, 6203.0, 6396.0, 6399.0, 6628.0, 6730.0, 6812.0, 6844.0, 6853.0, 6923.0, 6945.0, 7251.0, 7283.0, 7453.0, 7531.0, 8527.0, 8565.0, 8574.0, 8662.0, 8666.0, 8675.0, 8729.0, 8799.0, 8878.0, 9054.0, 9092.0, 9266.0, 9343.0, 9491.0, 9663.0, 9715.0, 9827.0, 9978.0, 10043.0, 10075.0, 10134.0, 10197.0, 10238.0, 10397.0, 10488.0, 10562.0, 10573.0, 10591.0, 11047.0, 11128.0, 23057.0, 23352.0, 23647.0, 25902.0, 25999.0, 26272.0, 26523.0, 27183.0, 27243.0, 29780.0, 29978.0, 30837.0, 50813.0, 50855.0, 51272.0, 51479.0, 51560.0, 54458.0, 55275.0, 55361.0, 55593.0, 55662.0, 55670.0, 55718.0, 55794.0, 56478.0, 56850.0, 56896.0, 57592.0, 57706.0, 60528.0, 64708.0, 79004.0, 80263.0, 80790.0, 80895.0, 83667.0, 83696.0, 84232.0, 84656.0, 92335.0, 127544.0, 128866.0, 140465.0, 149603.0, 221692.0, 283455.0 
GO:0005654 CC 2.36e-06 116/355  3805/29107 D02 nucleoplasm                              60.0, 118.0, 408.0, 1994.0, 2145.0, 2237.0, 2475.0, 2805.0, 4194.0, 4204.0, 4720.0, 4809.0, 4862.0, 5093.0, 5430.0, 5528.0, 5546.0, 5566.0, 5694.0, 5708.0, 6046.0, 6187.0, 6196.0, 6203.0, 6396.0, 6399.0, 6548.0, 6598.0, 6628.0, 6668.0, 6812.0, 6829.0, 6830.0, 6923.0, 6945.0, 7014.0, 7090.0, 7536.0, 7703.0, 7936.0, 8148.0, 8289.0, 8799.0, 8878.0, 9054.0, 9092.0, 9343.0, 9467.0, 9491.0, 9715.0, 9785.0, 9869.0, 9883.0, 9889.0, 9978.0, 10046.0, 10055.0, 10075.0, 10197.0, 10238.0, 10262.0, 10488.0, 10523.0, 10562.0, 10594.0, 10992.0, 11047.0, 11100.0, 11128.0, 23020.0, 23060.0, 23352.0, 23435.0, 23476.0, 23633.0, 23641.0, 24148.0, 26523.0, 27238.0, 27339.0, 50813.0, 51400.0, 51530.0, 54458.0, 54921.0, 55226.0, 55588.0, 55662.0, 55718.0, 55794.0, 56850.0, 56919.0, 57592.0, 57649.0, 57706.0, 57720.0, 60528.0, 64207.0, 64708.0, 64745.0, 79004.0, 79707.0, 80263.0, 80306.0, 80790.0, 80895.0, 84232.0, 84246.0, 84656.0, 92335.0, 140901.0, 149603.0, 440345.0, 728888.0, 100507607.0, 113455421.0 
GO:0005634 CC 2.36e-06 135/355  5368/29107 D05 nucleus                                  60.0, 118.0, 267.0, 320.0, 408.0, 473.0, 506.0, 808.0, 1431.0, 1639.0, 1981.0, 1984.0, 1994.0, 2064.0, 2237.0, 2475.0, 2794.0, 2805.0, 2931.0, 3069.0, 3985.0, 4194.0, 4204.0, 4440.0, 4809.0, 4858.0, 4862.0, 5093.0, 5226.0, 5430.0, 5528.0, 5546.0, 5566.0, 5694.0, 5708.0, 6046.0, 6122.0, 6187.0, 6196.0, 6203.0, 6399.0, 6598.0, 6628.0, 6829.0, 6945.0, 7014.0, 7090.0, 7283.0, 7453.0, 7531.0, 7536.0, 7703.0, 7936.0, 8079.0, 8148.0, 8289.0, 8527.0, 8926.0, 8927.0, 9054.0, 9092.0, 9343.0, 9500.0, 9552.0, 9663.0, 9785.0, 9869.0, 9889.0, 9898.0, 9921.0, 9978.0, 10036.0, 10055.0, 10075.0, 10197.0, 10238.0, 10262.0, 10277.0, 10397.0, 10488.0, 10591.0, 10594.0, 10992.0, 11100.0, 11331.0, 22883.0, 22993.0, 23020.0, 23060.0, 23132.0, 23435.0, 23476.0, 23633.0, 23641.0, 24148.0, 25999.0, 26073.0, 26523.0, 27153.0, 27183.0, 27238.0, 27339.0, 29777.0, 29965.0, 29978.0, 30837.0, 50855.0, 51142.0, 51181.0, 51530.0, 55226.0, 55662.0, 56478.0, 56897.0, 56919.0, 57649.0, 60528.0, 64207.0, 79171.0, 79707.0, 80895.0, 83667.0, 84232.0, 84790.0, 84838.0, 90121.0, 92335.0, 128866.0, 139735.0, 140901.0, 149603.0, 171017.0, 221692.0, 344787.0, 731220.0 
GO:0005737 CC 2.75e-06 109/355  4681/29107 D02 cytoplasm                                60.0, 118.0, 150.0, 320.0, 377.0, 408.0, 598.0, 808.0, 833.0, 1267.0, 1639.0, 1981.0, 1984.0, 1994.0, 2280.0, 2475.0, 2550.0, 2720.0, 2768.0, 2805.0, 2869.0, 2931.0, 3035.0, 3069.0, 3623.0, 3916.0, 3985.0, 4440.0, 4858.0, 5093.0, 5298.0, 5430.0, 5566.0, 6046.0, 6122.0, 6196.0, 6203.0, 6399.0, 6548.0, 6628.0, 6812.0, 6945.0, 7145.0, 7251.0, 7283.0, 7453.0, 7531.0, 8079.0, 8148.0, 8527.0, 8565.0, 8666.0, 8675.0, 8878.0, 9092.0, 9191.0, 9266.0, 9467.0, 9500.0, 9869.0, 9889.0, 9898.0, 9921.0, 10043.0, 10055.0, 10075.0, 10197.0, 10238.0, 10277.0, 10397.0, 10523.0, 11331.0, 22924.0, 23139.0, 23339.0, 23367.0, 23387.0, 23399.0, 23633.0, 23647.0, 25999.0, 26272.0, 26523.0, 27183.0, 27339.0, 29780.0, 29978.0, 55662.0, 56478.0, 56919.0, 57180.0, 79171.0, 79693.0, 83442.0, 83667.0, 84232.0, 84769.0, 84790.0, 84926.0, 89796.0, 92335.0, 127544.0, 128866.0, 140901.0, 149603.0, 157922.0, 202500.0, 283455.0, 553115.0 
GO:0005682 CC 3.50e-06   5/355    20/29107 D05 U5 snRNP                                 6628.0, 10594.0, 23020.0, 24148.0, 25980.0 
GO:0098978 CC 3.80e-06  16/355   332/29107 D04 glutamatergic synapse                    60.0, 163.0, 320.0, 1173.0, 1994.0, 2475.0, 6812.0, 7531.0, 8927.0, 9900.0, 10397.0, 11331.0, 22839.0, 22883.0, 56850.0, 388662.0 
GO:0000139 CC 1.30e-05  21/355   587/29107 D05 Golgi membrane                           377.0, 408.0, 2475.0, 2734.0, 3340.0, 5298.0, 8675.0, 8729.0, 9266.0, 9827.0, 10075.0, 10488.0, 10945.0, 11237.0, 22883.0, 23057.0, 26003.0, 51272.0, 51560.0, 80762.0, 117248.0 
GO:0005768 CC 1.82e-05  14/355   295/29107 D07 endosome                                 408.0, 1394.0, 5298.0, 5869.0, 7251.0, 10043.0, 10079.0, 27183.0, 51272.0, 51479.0, 55361.0, 55823.0, 64284.0, 128866.0 
GO:0098794 CC 2.36e-05   8/355    96/29107 D02 postsynapse                              163.0, 1173.0, 1994.0, 2931.0, 4204.0, 6132.0, 6812.0, 388662.0 
GO:0030672 CC 3.38e-05   7/355    74/29107 D08 synaptic vesicle membrane                598.0, 808.0, 6844.0, 6853.0, 8927.0, 9900.0, 55361.0 
GO:0030424 CC 4.14e-05  14/355   318/29107 D05 axon                                     60.0, 1639.0, 2931.0, 3480.0, 6812.0, 6853.0, 8927.0, 11331.0, 23057.0, 26115.0, 56850.0, 79594.0, 84232.0, 342035.0 
GO:0016607 CC 5.22e-05  16/355   411/29107 D03 nuclear speck                            535.0, 2869.0, 5093.0, 5546.0, 5566.0, 6046.0, 8926.0, 9092.0, 9343.0, 10594.0, 10992.0, 23435.0, 24148.0, 27339.0, 56478.0, 79595.0 
GO:0030122 CC 6.07e-05   3/355     7/29107 D05 AP-2 adaptor complex                     163.0, 1173.0, 1175.0 
GO:0030285 CC 6.30e-05   5/355    35/29107 D05 integral component of synaptic vesicle membrane 534.0, 3916.0, 6844.0, 9900.0, 388662.0 
GO:0098982 CC 1.42e-04   6/355    65/29107 D04 GABA-ergic synapse                       2550.0, 8927.0, 9900.0, 11331.0, 22883.0, 388662.0 
GO:0016604 CC 1.77e-04  13/355   321/29107 D02 nuclear body                             118.0, 408.0, 4722.0, 7014.0, 7536.0, 7703.0, 7936.0, 8565.0, 9467.0, 10046.0, 10238.0, 83442.0, 140901.0 
GO:0042645 CC 1.93e-04   5/355    44/29107 D05 mitochondrial nucleoid                   506.0, 7284.0, 26073.0, 55794.0, 60528.0 
GO:0005925 CC 2.16e-04  15/355   418/29107 D05 focal adhesion                           60.0, 118.0, 2768.0, 6122.0, 6132.0, 6181.0, 6187.0, 6203.0, 6548.0, 6730.0, 7145.0, 7531.0, 8675.0, 29780.0, 83692.0 
GO:0005789 CC 2.48e-04  26/355   973/29107 D04 endoplasmic reticulum membrane           267.0, 1984.0, 2475.0, 2906.0, 6184.0, 6396.0, 6548.0, 6734.0, 9526.0, 9663.0, 9789.0, 9883.0, 10134.0, 10488.0, 10945.0, 11161.0, 22883.0, 23399.0, 26003.0, 51706.0, 79102.0, 79947.0, 94005.0, 127544.0, 337867.0, 100101267.0 
GO:0043231 CC 3.53e-04  23/355   846/29107 D04 intracellular membrane-bounded organelle 535.0, 1175.0, 2720.0, 3480.0, 5869.0, 6396.0, 6399.0, 6598.0, 6844.0, 8675.0, 8799.0, 8878.0, 9343.0, 9869.0, 23193.0, 51479.0, 55275.0, 56478.0, 56850.0, 57706.0, 84232.0, 121665.0, 283970.0 
GO:0071006 CC 3.65e-04   3/355    12/29107 D05 U2-type catalytic step 1 spliceosome     10594.0, 23020.0, 27339.0 
GO:0005741 CC 3.88e-04   9/355   180/29107 D06 mitochondrial outer membrane             598.0, 599.0, 670.0, 1267.0, 2475.0, 3098.0, 5298.0, 9804.0, 11331.0 
GO:0035060 CC 4.41e-04   2/355     3/29107 D05 brahma complex                           6598.0, 8289.0 
GO:0071007 CC 4.64e-04   4/355    30/29107 D05 U2-type catalytic step 2 spliceosome     6628.0, 9343.0, 10594.0, 27339.0 
GO:0005769 CC 4.92e-04  11/355   268/29107 D08 early endosome                           2064.0, 5869.0, 7251.0, 9777.0, 10043.0, 10079.0, 27183.0, 51479.0, 55823.0, 57720.0, 64284.0 
GO:0005794 CC 5.82e-04  25/355   988/29107 D05 Golgi apparatus                          267.0, 320.0, 535.0, 2720.0, 2734.0, 3340.0, 6853.0, 8574.0, 8675.0, 8729.0, 9092.0, 9777.0, 10046.0, 11237.0, 23057.0, 23193.0, 26003.0, 51272.0, 51560.0, 55275.0, 57613.0, 57720.0, 80762.0, 117248.0, 121665.0 
GO:0030425 CC 7.54e-04  14/355   422/29107 D05 dendrite                                 267.0, 2475.0, 2550.0, 3916.0, 6853.0, 8927.0, 9900.0, 55361.0, 56850.0, 56896.0, 57706.0, 64284.0, 80762.0, 84232.0 
GO:0005844 CC 8.45e-04   4/355    35/29107 D03 polysome                                 1981.0, 3069.0, 4440.0, 26523.0 
GO:0030891 CC 8.76e-04   2/355     4/29107 D06 VCB complex                              6923.0, 9978.0 
GO:0030136 CC 9.61e-04   5/355    62/29107 D08 clathrin-coated vesicle                  6844.0, 10134.0, 55823.0, 57706.0, 57720.0 
GO:0031902 CC 9.68e-04   7/355   127/29107 D07 late endosome membrane                   3916.0, 7251.0, 23339.0, 27183.0, 27243.0, 55823.0, 128866.0 
GO:0042802 MF 1.31e-06  46/355  1494/29107 D03 identical protein binding                60.0, 267.0, 598.0, 599.0, 833.0, 1981.0, 2064.0, 2475.0, 2937.0, 3035.0, 3480.0, 4440.0, 5362.0, 6396.0, 6812.0, 6844.0, 6853.0, 7283.0, 7531.0, 7536.0, 8527.0, 8799.0, 8878.0, 9500.0, 9672.0, 9889.0, 10036.0, 10197.0, 10488.0, 10591.0, 11161.0, 11331.0, 22924.0, 23020.0, 23435.0, 23647.0, 24148.0, 27339.0, 29978.0, 51181.0, 56262.0, 56850.0, 56897.0, 79594.0, 128866.0, 553115.0 
GO:0003723 MF 1.74e-06  62/355  1388/29107 D04 RNA binding                              118.0, 1267.0, 1431.0, 1981.0, 1984.0, 1994.0, 3069.0, 4204.0, 4440.0, 4809.0, 4858.0, 5093.0, 5430.0, 6122.0, 6132.0, 6184.0, 6187.0, 6203.0, 6628.0, 6730.0, 6734.0, 6812.0, 6829.0, 6830.0, 7145.0, 7284.0, 7531.0, 7536.0, 7936.0, 8148.0, 8565.0, 8662.0, 8666.0, 9092.0, 9343.0, 9785.0, 9889.0, 9898.0, 10075.0, 10262.0, 10523.0, 10573.0, 10594.0, 10992.0, 11100.0, 23020.0, 23193.0, 23367.0, 23435.0, 24148.0, 26523.0, 27238.0, 29777.0, 51253.0, 55226.0, 55794.0, 56478.0, 56919.0, 60528.0, 79171.0, 79707.0, 553115.0 
GO:0005524 MF 1.83e-06  41/355  1458/29107 D08 ATP binding                              58.0, 60.0, 506.0, 833.0, 1981.0, 2064.0, 2475.0, 2869.0, 2931.0, 2937.0, 3035.0, 3098.0, 3480.0, 3797.0, 3985.0, 5298.0, 5566.0, 6196.0, 6853.0, 7453.0, 8527.0, 8565.0, 9785.0, 10079.0, 23020.0, 23057.0, 23132.0, 23139.0, 23387.0, 25902.0, 27183.0, 55226.0, 55361.0, 55794.0, 56897.0, 56919.0, 57180.0, 79707.0, 92335.0, 140901.0, 283455.0 
GO:0005515 MF 4.02e-06 276/355 12418/29107 D02 protein binding                          30.0, 58.0, 60.0, 118.0, 150.0, 163.0, 176.0, 267.0, 320.0, 377.0, 408.0, 473.0, 506.0, 534.0, 535.0, 598.0, 599.0, 808.0, 826.0, 833.0, 1173.0, 1175.0, 1267.0, 1329.0, 1394.0, 1508.0, 1639.0, 1795.0, 1981.0, 1984.0, 1994.0, 2026.0, 2064.0, 2145.0, 2237.0, 2280.0, 2475.0, 2550.0, 2720.0, 2768.0, 2869.0, 2906.0, 2931.0, 2937.0, 3069.0, 3098.0, 3340.0, 3385.0, 3480.0, 3623.0, 3797.0, 3916.0, 3985.0, 4194.0, 4204.0, 4440.0, 4720.0, 4722.0, 4809.0, 4862.0, 5093.0, 5298.0, 5362.0, 5430.0, 5528.0, 5546.0, 5566.0, 5694.0, 5708.0, 5869.0, 6046.0, 6122.0, 6132.0, 6181.0, 6184.0, 6187.0, 6196.0, 6203.0, 6396.0, 6399.0, 6548.0, 6598.0, 6628.0, 6668.0, 6730.0, 6812.0, 6829.0, 6830.0, 6844.0, 6923.0, 6945.0, 7014.0, 7090.0, 7145.0, 7251.0, 7283.0, 7284.0, 7386.0, 7453.0, 7531.0, 7536.0, 7703.0, 7936.0, 8079.0, 8148.0, 8289.0, 8527.0, 8565.0, 8574.0, 8662.0, 8666.0, 8675.0, 8729.0, 8799.0, 8878.0, 9054.0, 9092.0, 9191.0, 9266.0, 9343.0, 9467.0, 9491.0, 9500.0, 9526.0, 9552.0, 9672.0, 9715.0, 9777.0, 9785.0, 9804.0, 9806.0, 9827.0, 9869.0, 9883.0, 9889.0, 9898.0, 9921.0, 9978.0, 10036.0, 10043.0, 10055.0, 10075.0, 10078.0, 10079.0, 10134.0, 10197.0, 10238.0, 10262.0, 10397.0, 10488.0, 10523.0, 10562.0, 10573.0, 10591.0, 10594.0, 10945.0, 10992.0, 11047.0, 11100.0, 11161.0, 11230.0, 11237.0, 11331.0, 22839.0, 22883.0, 22924.0, 23020.0, 23132.0, 23139.0, 23193.0, 23339.0, 23352.0, 23367.0, 23387.0, 23399.0, 23435.0, 23476.0, 23633.0, 23641.0, 23647.0, 24148.0, 25999.0, 26003.0, 26071.0, 26073.0, 26272.0, 26523.0, 27153.0, 27183.0, 27238.0, 27243.0, 27339.0, 29777.0, 29780.0, 29965.0, 29978.0, 30837.0, 50813.0, 50855.0, 51142.0, 51181.0, 51400.0, 51479.0, 51530.0, 51560.0, 51706.0, 54413.0, 54458.0, 54539.0, 55226.0, 55275.0, 55361.0, 55588.0, 55662.0, 55670.0, 55823.0, 56262.0, 56478.0, 56850.0, 56851.0, 56896.0, 56897.0, 56919.0, 57592.0, 57649.0, 60370.0, 60685.0, 64072.0, 64207.0, 64284.0, 64708.0, 64745.0, 79004.0, 79102.0, 79171.0, 79594.0, 79693.0, 79707.0, 79786.0, 79947.0, 80306.0, 80762.0, 80790.0, 80895.0, 83442.0, 83667.0, 83692.0, 83696.0, 84232.0, 84246.0, 84656.0, 84790.0, 84838.0, 90121.0, 92335.0, 94005.0, 117248.0, 121665.0, 127544.0, 128866.0, 140465.0, 140823.0, 140901.0, 148252.0, 149603.0, 149951.0, 196500.0, 206358.0, 221692.0, 283455.0, 337867.0, 344787.0, 388662.0, 550643.0, 553115.0, 100101267.0 
GO:0061630 MF 4.52e-06  15/355   298/29107 D05 ubiquitin protein ligase activity        267.0, 9921.0, 9978.0, 10075.0, 11237.0, 23352.0, 26272.0, 27339.0, 55823.0, 64207.0, 79102.0, 79594.0, 84246.0, 127544.0, 149603.0 
GO:0042803 MF 1.01e-05  23/355   671/29107 D04 protein homodimerization activity        118.0, 150.0, 598.0, 599.0, 1994.0, 2720.0, 2937.0, 3035.0, 6945.0, 7014.0, 7251.0, 7453.0, 8527.0, 8799.0, 9054.0, 9491.0, 10591.0, 11331.0, 25902.0, 26272.0, 55662.0, 121665.0, 128866.0 
GO:0034450 MF 1.43e-05   4/355    13/29107 D06 ubiquitin-ubiquitin ligase activity      267.0, 9978.0, 10277.0, 27339.0 
GO:0003729 MF 5.20e-05  11/355   207/29107 D05 mRNA binding                             1981.0, 1994.0, 3069.0, 4204.0, 4858.0, 5093.0, 6187.0, 6829.0, 7536.0, 56478.0, 56919.0 
GO:0019904 MF 5.29e-05  12/355   245/29107 D03 protein domain specific binding          808.0, 2475.0, 3916.0, 4204.0, 5566.0, 6730.0, 6812.0, 7453.0, 23647.0, 27183.0, 27243.0, 55823.0 
GO:0035615 MF 7.30e-05   4/355    19/29107 D04 clathrin adaptor activity                163.0, 408.0, 1173.0, 1175.0 
