GO:0006476 BP 5.12e-07  7/1194    14/29107 D08 protein deacetylation                    8841.0, 10013.0, 22933.0, 23410.0, 51547.0, 51564.0, 83933.0 
GO:0050790 BP 1.46e-06 46/1194   426/29107 D03 regulation of catalytic activity         393.0, 398.0, 550.0, 823.0, 825.0, 1760.0, 1936.0, 2968.0, 3257.0, 4924.0, 5476.0, 5863.0, 5900.0, 6015.0, 6904.0, 8131.0, 8786.0, 8890.0, 8893.0, 9024.0, 9138.0, 9181.0, 9605.0, 9681.0, 9909.0, 10811.0, 10900.0, 28988.0, 51422.0, 55738.0, 57449.0, 57636.0, 64374.0, 64787.0, 79874.0, 84315.0, 84464.0, 84988.0, 115703.0, 116983.0, 116988.0, 124056.0, 163688.0, 200185.0, 414918.0, 729092.0 
GO:0006468 BP 2.08e-06 43/1194   459/29107 D07 protein phosphorylation                  994.0, 1025.0, 1196.0, 1198.0, 1445.0, 1454.0, 1760.0, 2580.0, 2621.0, 4145.0, 4296.0, 5261.0, 5347.0, 5681.0, 5871.0, 5891.0, 7297.0, 7786.0, 8558.0, 8859.0, 8986.0, 9024.0, 9088.0, 9794.0, 10290.0, 10298.0, 10494.0, 10641.0, 10922.0, 22983.0, 23178.0, 27148.0, 30811.0, 51422.0, 57143.0, 83931.0, 84446.0, 84630.0, 132158.0, 169436.0, 203054.0, 340371.0, 344387.0 
GO:0035556 BP 2.61e-06 39/1194   402/29107 D05 intracellular signal transduction        208.0, 1609.0, 1760.0, 1855.0, 1856.0, 5589.0, 5598.0, 5871.0, 5891.0, 6714.0, 7297.0, 7786.0, 8525.0, 8605.0, 8786.0, 8986.0, 9024.0, 9181.0, 9542.0, 9681.0, 10298.0, 10636.0, 22983.0, 23031.0, 23178.0, 25970.0, 27040.0, 30811.0, 51291.0, 51422.0, 54584.0, 54849.0, 84446.0, 142686.0, 225689.0, 246329.0, 282974.0, 284948.0, 340371.0 
GO:0006281 BP 4.74e-06 26/1194   235/29107 D07 DNA repair                               1025.0, 1454.0, 2189.0, 2968.0, 4221.0, 4595.0, 5424.0, 8607.0, 9400.0, 9401.0, 10039.0, 11284.0, 22897.0, 25988.0, 51343.0, 51547.0, 51750.0, 55929.0, 64210.0, 79008.0, 79447.0, 80198.0, 83933.0, 84444.0, 84464.0, 126549.0 
GO:0008104 BP 1.04e-05 13/1194    75/29107 D03 protein localization                     1813.0, 7249.0, 8447.0, 8985.0, 9179.0, 9696.0, 10717.0, 11190.0, 26088.0, 81693.0, 90060.0, 114790.0, 146059.0 
GO:0090630 BP 1.91e-05 16/1194   115/29107 D07 activation of GTPase activity            208.0, 5905.0, 9905.0, 10999.0, 23216.0, 23513.0, 25791.0, 27352.0, 51291.0, 54662.0, 55357.0, 58504.0, 79735.0, 92154.0, 202243.0, 353149.0 
GO:0018105 BP 2.36e-05 20/1194   170/29107 D09 peptidyl-serine phosphorylation          208.0, 1454.0, 1609.0, 1760.0, 2621.0, 5310.0, 5347.0, 5598.0, 6714.0, 7786.0, 8986.0, 9024.0, 22983.0, 23031.0, 25989.0, 51231.0, 84446.0, 84630.0, 282974.0, 388228.0 
GO:0050911 BP 2.54e-06  1/1194   401/29107 D05 detection of chemical stimulus involved in sensory perception of smell 4992.0 
GO:0005814 CC 4.59e-07 22/1194   144/29107 D05 centriole                                5347.0, 9696.0, 9742.0, 10039.0, 10101.0, 10841.0, 11158.0, 11190.0, 22897.0, 22933.0, 49856.0, 84461.0, 84902.0, 85302.0, 89891.0, 90060.0, 197335.0, 225689.0, 283643.0, 284001.0, 284403.0, 353116.0 
GO:0005794 CC 2.63e-06 76/1194   988/29107 D05 Golgi apparatus                          41.0, 43.0, 393.0, 649.0, 919.0, 1388.0, 1785.0, 2134.0, 2245.0, 2580.0, 2583.0, 2592.0, 2622.0, 2801.0, 4035.0, 5310.0, 5681.0, 6811.0, 7249.0, 8216.0, 8639.0, 8703.0, 8704.0, 8841.0, 8906.0, 8985.0, 9088.0, 9181.0, 9390.0, 9820.0, 9906.0, 9909.0, 10058.0, 10139.0, 10272.0, 10298.0, 10347.0, 10458.0, 10494.0, 10612.0, 10749.0, 10841.0, 11285.0, 22937.0, 23363.0, 23563.0, 26088.0, 27040.0, 29800.0, 29801.0, 30818.0, 51150.0, 55367.0, 55974.0, 56927.0, 57192.0, 57198.0, 64793.0, 78992.0, 79174.0, 79567.0, 84287.0, 84875.0, 90522.0, 91949.0, 93643.0, 116985.0, 124565.0, 128989.0, 132158.0, 146456.0, 146664.0, 146705.0, 225689.0, 282973.0, 283234.0 
GO:0005815 CC 3.49e-06 16/1194   101/29107 D02 microtubule organizing center            1731.0, 5531.0, 5681.0, 8607.0, 10211.0, 11186.0, 11190.0, 23265.0, 27285.0, 49856.0, 54862.0, 64210.0, 79661.0, 83590.0, 90990.0, 729440.0 
GO:0005654 CC 4.89e-06 265/1194  3805/29107 D02 nucleoplasm                              37.0, 208.0, 275.0, 353.0, 409.0, 790.0, 863.0, 990.0, 994.0, 997.0, 1025.0, 1107.0, 1186.0, 1196.0, 1198.0, 1382.0, 1454.0, 1677.0, 1723.0, 1786.0, 1797.0, 1801.0, 1819.0, 1856.0, 1874.0, 1877.0, 1936.0, 2068.0, 2189.0, 2314.0, 2648.0, 2874.0, 2968.0, 2972.0, 3704.0, 4123.0, 4125.0, 4176.0, 4221.0, 4234.0, 4292.0, 4298.0, 4595.0, 4665.0, 4796.0, 4839.0, 5064.0, 5347.0, 5361.0, 5424.0, 5426.0, 5452.0, 5467.0, 5531.0, 5598.0, 5715.0, 5725.0, 5875.0, 5905.0, 5916.0, 5970.0, 5977.0, 5989.0, 6015.0, 6050.0, 6625.0, 6666.0, 6714.0, 6838.0, 6874.0, 6878.0, 6895.0, 6949.0, 7023.0, 7086.0, 7089.0, 7186.0, 7392.0, 7469.0, 7593.0, 7625.0, 7732.0, 7916.0, 7919.0, 8106.0, 8189.0, 8449.0, 8566.0, 8602.0, 8605.0, 8607.0, 8704.0, 8841.0, 8904.0, 8986.0, 9013.0, 9088.0, 9112.0, 9130.0, 9136.0, 9150.0, 9277.0, 9328.0, 9361.0, 9400.0, 9569.0, 9727.0, 9757.0, 9794.0, 9907.0, 9909.0, 10013.0, 10039.0, 10058.0, 10212.0, 10272.0, 10296.0, 10361.0, 10458.0, 10482.0, 10514.0, 10607.0, 10608.0, 10629.0, 10743.0, 10785.0, 10919.0, 11066.0, 11091.0, 11129.0, 11194.0, 11267.0, 11284.0, 22897.0, 22984.0, 23005.0, 23119.0, 23149.0, 23152.0, 23294.0, 23338.0, 23383.0, 23396.0, 23410.0, 23513.0, 23523.0, 23567.0, 23583.0, 25988.0, 26048.0, 26088.0, 26173.0, 26205.0, 26502.0, 27005.0, 27158.0, 27341.0, 28960.0, 29803.0, 29882.0, 30827.0, 50626.0, 51231.0, 51291.0, 51295.0, 51343.0, 51422.0, 51547.0, 51564.0, 51588.0, 51593.0, 51750.0, 53615.0, 53635.0, 54487.0, 54496.0, 54531.0, 54540.0, 54892.0, 54973.0, 54980.0, 55159.0, 55257.0, 55317.0, 55357.0, 55367.0, 55621.0, 55657.0, 55809.0, 55846.0, 55929.0, 55957.0, 56848.0, 56928.0, 57192.0, 57473.0, 57521.0, 57602.0, 57647.0, 57654.0, 58509.0, 58525.0, 63922.0, 63925.0, 63977.0, 64210.0, 64782.0, 65110.0, 78994.0, 79008.0, 79050.0, 79058.0, 79091.0, 79228.0, 79661.0, 79729.0, 79798.0, 79813.0, 79829.0, 80115.0, 80152.0, 80169.0, 80174.0, 80198.0, 80233.0, 80324.0, 81532.0, 81559.0, 83637.0, 83746.0, 83931.0, 83933.0, 84245.0, 84335.0, 84444.0, 84446.0, 84464.0, 84619.0, 84630.0, 89797.0, 89849.0, 90120.0, 113878.0, 114785.0, 114881.0, 116985.0, 126526.0, 126549.0, 140688.0, 196403.0, 200014.0, 200186.0, 200539.0, 221527.0, 221927.0, 246329.0, 283149.0, 283989.0, 286257.0, 339487.0, 340602.0, 353116.0, 374875.0, 728489.0, 101059938.0 
GO:0005829 CC 4.92e-06 347/1194  5295/29107 D02 cytosol                                  158.0, 208.0, 327.0, 353.0, 393.0, 398.0, 409.0, 581.0, 582.0, 755.0, 790.0, 823.0, 825.0, 883.0, 977.0, 990.0, 994.0, 997.0, 1120.0, 1312.0, 1382.0, 1445.0, 1454.0, 1503.0, 1609.0, 1677.0, 1723.0, 1725.0, 1760.0, 1785.0, 1797.0, 1801.0, 1819.0, 1850.0, 1855.0, 1856.0, 1936.0, 2039.0, 2051.0, 2068.0, 2189.0, 2245.0, 2314.0, 2356.0, 2580.0, 2582.0, 2592.0, 2622.0, 2671.0, 2762.0, 2784.0, 2874.0, 2875.0, 3257.0, 3614.0, 3704.0, 4123.0, 4145.0, 4176.0, 4221.0, 4234.0, 4296.0, 4298.0, 4343.0, 4358.0, 4793.0, 4831.0, 5143.0, 5198.0, 5210.0, 5261.0, 5335.0, 5339.0, 5347.0, 5361.0, 5372.0, 5424.0, 5531.0, 5598.0, 5609.0, 5681.0, 5715.0, 5863.0, 5875.0, 5900.0, 5905.0, 5970.0, 5973.0, 5977.0, 6015.0, 6050.0, 6305.0, 6472.0, 6499.0, 6714.0, 6811.0, 6817.0, 6874.0, 6878.0, 6895.0, 6949.0, 7051.0, 7064.0, 7086.0, 7186.0, 7249.0, 7297.0, 7469.0, 7786.0, 7791.0, 7916.0, 8189.0, 8260.0, 8310.0, 8312.0, 8379.0, 8398.0, 8497.0, 8525.0, 8566.0, 8605.0, 8607.0, 8703.0, 8718.0, 8841.0, 8890.0, 8893.0, 8904.0, 8907.0, 8986.0, 9088.0, 9112.0, 9138.0, 9179.0, 9181.0, 9256.0, 9361.0, 9400.0, 9564.0, 9569.0, 9600.0, 9647.0, 9681.0, 9696.0, 9727.0, 9820.0, 9853.0, 9894.0, 9909.0, 9973.0, 9986.0, 10013.0, 10058.0, 10073.0, 10101.0, 10139.0, 10188.0, 10298.0, 10307.0, 10454.0, 10458.0, 10460.0, 10482.0, 10570.0, 10587.0, 10616.0, 10717.0, 10785.0, 10809.0, 10811.0, 10841.0, 10900.0, 10908.0, 11076.0, 11132.0, 11180.0, 11190.0, 11267.0, 11346.0, 22897.0, 22933.0, 22984.0, 23053.0, 23098.0, 23113.0, 23149.0, 23178.0, 23192.0, 23223.0, 23265.0, 23293.0, 23294.0, 23354.0, 23363.0, 23381.0, 23396.0, 23523.0, 23583.0, 24142.0, 25791.0, 25970.0, 26048.0, 26088.0, 26205.0, 26284.0, 27005.0, 27148.0, 27158.0, 27232.0, 27352.0, 28960.0, 28988.0, 29082.0, 29801.0, 29882.0, 29911.0, 29993.0, 30818.0, 30827.0, 50944.0, 51291.0, 51295.0, 51343.0, 51422.0, 51564.0, 51654.0, 54472.0, 54487.0, 54496.0, 54620.0, 54662.0, 54858.0, 54862.0, 54963.0, 54973.0, 55191.0, 55229.0, 55317.0, 55336.0, 55357.0, 55367.0, 55559.0, 55577.0, 55620.0, 55665.0, 55684.0, 55738.0, 55809.0, 55846.0, 55929.0, 56848.0, 57176.0, 57449.0, 57521.0, 57602.0, 57605.0, 57636.0, 57658.0, 57731.0, 58504.0, 58509.0, 63891.0, 63922.0, 64077.0, 64210.0, 64599.0, 64772.0, 64787.0, 64793.0, 65110.0, 65220.0, 79058.0, 79077.0, 79178.0, 79591.0, 79661.0, 79735.0, 79798.0, 79829.0, 79874.0, 79934.0, 80115.0, 80152.0, 80169.0, 80179.0, 80233.0, 80279.0, 80325.0, 80336.0, 81532.0, 81559.0, 81858.0, 83592.0, 83636.0, 83931.0, 84245.0, 84261.0, 84315.0, 84335.0, 84464.0, 84618.0, 84630.0, 84861.0, 84875.0, 84902.0, 84942.0, 85302.0, 85358.0, 85378.0, 85456.0, 89849.0, 89891.0, 90678.0, 90850.0, 91039.0, 91433.0, 92092.0, 93100.0, 114881.0, 115290.0, 115703.0, 116985.0, 118424.0, 123591.0, 124045.0, 126119.0, 126549.0, 132158.0, 140688.0, 142678.0, 142686.0, 144717.0, 146059.0, 146705.0, 197258.0, 200081.0, 200539.0, 219931.0, 246329.0, 254122.0, 284403.0, 340602.0, 348180.0, 353116.0, 378108.0, 414918.0, 100137049.0 
GO:0005737 CC 5.22e-06 303/1194  4681/29107 D02 cytoplasm                                101.0, 353.0, 393.0, 409.0, 581.0, 755.0, 790.0, 823.0, 825.0, 883.0, 919.0, 990.0, 994.0, 1107.0, 1382.0, 1445.0, 1454.0, 1503.0, 1565.0, 1594.0, 1609.0, 1725.0, 1775.0, 1785.0, 1819.0, 1850.0, 1856.0, 1874.0, 1877.0, 1936.0, 2068.0, 2245.0, 2314.0, 2356.0, 2580.0, 2592.0, 2621.0, 2762.0, 2784.0, 2902.0, 3257.0, 3373.0, 3614.0, 3704.0, 4192.0, 4221.0, 4358.0, 4758.0, 4796.0, 4831.0, 5310.0, 5335.0, 5339.0, 5347.0, 5452.0, 5598.0, 5609.0, 5715.0, 5875.0, 5891.0, 5905.0, 5916.0, 5970.0, 6261.0, 6305.0, 6472.0, 6650.0, 6714.0, 6753.0, 6817.0, 6895.0, 6904.0, 7249.0, 7297.0, 7461.0, 7732.0, 7786.0, 7791.0, 7919.0, 8106.0, 8189.0, 8193.0, 8260.0, 8312.0, 8447.0, 8525.0, 8558.0, 8639.0, 8841.0, 8890.0, 8893.0, 8904.0, 8986.0, 9024.0, 9112.0, 9127.0, 9138.0, 9150.0, 9170.0, 9181.0, 9256.0, 9400.0, 9401.0, 9546.0, 9564.0, 9600.0, 9764.0, 9820.0, 9894.0, 9905.0, 9907.0, 9973.0, 10013.0, 10039.0, 10188.0, 10212.0, 10296.0, 10298.0, 10307.0, 10361.0, 10381.0, 10458.0, 10460.0, 10482.0, 10494.0, 10514.0, 10587.0, 10612.0, 10636.0, 10651.0, 10743.0, 10841.0, 11054.0, 11076.0, 11132.0, 11158.0, 11180.0, 11186.0, 11189.0, 11267.0, 22933.0, 22983.0, 23005.0, 23098.0, 23149.0, 23178.0, 23293.0, 23363.0, 23381.0, 23567.0, 24142.0, 25864.0, 25989.0, 26993.0, 27005.0, 27148.0, 27158.0, 27285.0, 27341.0, 28960.0, 28988.0, 29082.0, 29888.0, 29901.0, 29911.0, 29914.0, 29926.0, 29993.0, 30815.0, 30819.0, 49856.0, 50853.0, 51087.0, 51127.0, 51150.0, 51231.0, 51295.0, 51380.0, 51422.0, 51547.0, 51564.0, 51588.0, 51593.0, 53615.0, 54472.0, 54487.0, 54531.0, 54540.0, 54776.0, 54963.0, 54973.0, 55139.0, 55159.0, 55191.0, 55367.0, 55572.0, 55684.0, 55815.0, 55861.0, 55929.0, 56848.0, 57217.0, 57449.0, 57521.0, 57602.0, 57605.0, 57647.0, 57701.0, 57731.0, 58509.0, 59269.0, 60677.0, 63891.0, 64210.0, 65110.0, 65992.0, 79363.0, 79567.0, 79587.0, 79661.0, 79711.0, 79716.0, 79798.0, 80174.0, 80179.0, 80199.0, 80279.0, 80325.0, 80725.0, 81559.0, 83742.0, 83933.0, 84077.0, 84173.0, 84331.0, 84335.0, 84417.0, 84444.0, 84446.0, 84461.0, 84630.0, 84861.0, 84875.0, 85451.0, 85456.0, 89891.0, 89953.0, 90120.0, 90678.0, 90933.0, 90990.0, 92714.0, 113235.0, 113878.0, 114790.0, 115290.0, 115703.0, 115992.0, 116988.0, 121214.0, 124044.0, 124045.0, 124056.0, 124401.0, 124930.0, 126549.0, 132158.0, 142678.0, 146059.0, 146705.0, 146713.0, 152992.0, 163688.0, 196403.0, 197335.0, 200081.0, 200186.0, 202243.0, 203286.0, 220001.0, 221927.0, 225689.0, 246744.0, 255043.0, 255101.0, 283234.0, 283638.0, 283643.0, 283871.0, 284001.0, 284004.0, 284565.0, 284948.0, 338692.0, 340371.0, 344387.0, 353116.0, 374654.0, 378108.0, 388228.0, 407046.0, 729440.0, 100137047.0 
GO:0005634 CC 5.53e-06 308/1194  5368/29107 D05 nucleus                                  43.0, 208.0, 409.0, 581.0, 790.0, 825.0, 863.0, 881.0, 990.0, 994.0, 997.0, 1025.0, 1107.0, 1196.0, 1198.0, 1382.0, 1388.0, 1454.0, 1609.0, 1677.0, 1762.0, 1775.0, 1785.0, 1786.0, 1797.0, 1819.0, 1850.0, 1856.0, 1936.0, 1954.0, 2068.0, 2314.0, 2648.0, 2738.0, 2874.0, 2968.0, 2972.0, 3104.0, 3299.0, 3614.0, 3911.0, 4035.0, 4176.0, 4221.0, 4234.0, 4292.0, 4302.0, 4343.0, 4595.0, 4665.0, 4793.0, 4831.0, 4861.0, 4924.0, 5089.0, 5143.0, 5310.0, 5347.0, 5424.0, 5426.0, 5452.0, 5467.0, 5598.0, 5609.0, 5715.0, 5725.0, 5891.0, 5900.0, 5916.0, 5970.0, 5977.0, 6015.0, 6433.0, 6472.0, 6499.0, 6625.0, 7023.0, 7089.0, 7216.0, 7249.0, 7297.0, 7392.0, 7461.0, 7625.0, 7629.0, 7633.0, 7732.0, 7760.0, 7791.0, 7866.0, 7919.0, 8106.0, 8214.0, 8220.0, 8241.0, 8260.0, 8312.0, 8449.0, 8525.0, 8558.0, 8566.0, 8607.0, 8841.0, 8859.0, 8893.0, 8904.0, 8940.0, 8986.0, 9088.0, 9112.0, 9130.0, 9150.0, 9220.0, 9400.0, 9401.0, 9569.0, 9647.0, 9726.0, 9757.0, 9794.0, 9894.0, 9907.0, 9973.0, 9985.0, 10013.0, 10101.0, 10188.0, 10212.0, 10272.0, 10290.0, 10296.0, 10307.0, 10361.0, 10381.0, 10454.0, 10482.0, 10514.0, 10629.0, 10636.0, 10743.0, 10785.0, 10919.0, 11054.0, 11066.0, 11076.0, 11091.0, 11186.0, 11189.0, 11267.0, 11284.0, 11346.0, 22904.0, 22933.0, 22980.0, 22984.0, 23119.0, 23144.0, 23152.0, 23178.0, 23216.0, 23293.0, 23381.0, 23383.0, 23410.0, 23523.0, 23567.0, 23774.0, 25970.0, 25988.0, 26205.0, 26993.0, 27148.0, 27285.0, 28960.0, 29082.0, 29901.0, 29914.0, 30818.0, 30827.0, 51087.0, 51102.0, 51231.0, 51295.0, 51422.0, 51547.0, 51564.0, 51588.0, 51750.0, 54487.0, 54496.0, 54531.0, 54540.0, 54862.0, 54892.0, 54963.0, 54973.0, 54980.0, 55159.0, 55229.0, 55336.0, 55367.0, 55621.0, 55665.0, 55684.0, 55743.0, 55809.0, 55929.0, 56342.0, 56848.0, 56948.0, 57232.0, 57523.0, 57593.0, 57602.0, 57658.0, 57710.0, 58504.0, 58509.0, 58525.0, 59269.0, 60677.0, 63922.0, 63925.0, 63977.0, 64077.0, 64210.0, 64782.0, 65110.0, 79077.0, 79081.0, 79091.0, 79228.0, 79447.0, 79639.0, 79661.0, 79711.0, 79716.0, 79813.0, 79829.0, 80169.0, 80174.0, 80198.0, 80279.0, 80324.0, 80336.0, 80714.0, 81875.0, 81890.0, 83607.0, 83637.0, 83742.0, 83746.0, 83933.0, 84331.0, 84444.0, 84446.0, 84619.0, 84630.0, 84861.0, 84875.0, 84893.0, 84905.0, 85456.0, 90120.0, 90990.0, 91039.0, 92595.0, 92822.0, 92999.0, 94039.0, 113177.0, 114785.0, 114823.0, 116988.0, 118424.0, 124045.0, 126526.0, 126549.0, 130557.0, 140685.0, 146059.0, 146713.0, 162968.0, 163688.0, 197342.0, 200014.0, 200186.0, 220064.0, 221927.0, 225689.0, 246744.0, 283149.0, 283377.0, 284004.0, 284358.0, 284403.0, 284439.0, 286128.0, 286257.0, 317781.0, 340602.0, 344387.0, 374655.0, 407046.0, 643641.0, 729092.0, 730051.0, 100137047.0 
GO:0016020 CC 6.42e-06 131/1194  2120/29107 D02 membrane                                 43.0, 398.0, 550.0, 581.0, 790.0, 823.0, 977.0, 1025.0, 1186.0, 1198.0, 1312.0, 1503.0, 1785.0, 1798.0, 1819.0, 2548.0, 2580.0, 2583.0, 2677.0, 2990.0, 4035.0, 4145.0, 4176.0, 4292.0, 4296.0, 4363.0, 4758.0, 4924.0, 5339.0, 5424.0, 5476.0, 5725.0, 6238.0, 6305.0, 6339.0, 6484.0, 6508.0, 7051.0, 7249.0, 7297.0, 7786.0, 7916.0, 7920.0, 8260.0, 8310.0, 8602.0, 8605.0, 8607.0, 8884.0, 8904.0, 8906.0, 8907.0, 9028.0, 9088.0, 9236.0, 9361.0, 9401.0, 9514.0, 9600.0, 9704.0, 9894.0, 9986.0, 10139.0, 10188.0, 10211.0, 10212.0, 10307.0, 10514.0, 10809.0, 10908.0, 10994.0, 10999.0, 11054.0, 11182.0, 11267.0, 11284.0, 23265.0, 25791.0, 26088.0, 26173.0, 27039.0, 29888.0, 29914.0, 50944.0, 51150.0, 54480.0, 54606.0, 54662.0, 54862.0, 54892.0, 54982.0, 55139.0, 55324.0, 55501.0, 56848.0, 56927.0, 56928.0, 57130.0, 57192.0, 57605.0, 57731.0, 63922.0, 64210.0, 65010.0, 79087.0, 79567.0, 79709.0, 79711.0, 79798.0, 79953.0, 80279.0, 81490.0, 84975.0, 85378.0, 85450.0, 89845.0, 89941.0, 90678.0, 114881.0, 144404.0, 168507.0, 200081.0, 221927.0, 254531.0, 255043.0, 283234.0, 285126.0, 317781.0, 376497.0, 399687.0, 641649.0 
GO:0005813 CC 1.08e-05 44/1194   528/29107 D03 centrosome                               582.0, 994.0, 1107.0, 1785.0, 2648.0, 4296.0, 5347.0, 5977.0, 6904.0, 8379.0, 9024.0, 9150.0, 9696.0, 9727.0, 9742.0, 9820.0, 10636.0, 11190.0, 22897.0, 22933.0, 23354.0, 23363.0, 27019.0, 29901.0, 29911.0, 49856.0, 55559.0, 55684.0, 56928.0, 57701.0, 64793.0, 79874.0, 80279.0, 84446.0, 84861.0, 84902.0, 85302.0, 85378.0, 89891.0, 283234.0, 284001.0, 284403.0, 353116.0, 729440.0 
GO:0012506 CC 1.56e-05  8/1194    29/29107 D04 vesicle membrane                         1609.0, 7186.0, 8884.0, 65010.0, 79058.0, 79567.0, 80115.0, 83959.0 
GO:0005765 CC 1.97e-05 31/1194   331/29107 D07 lysosomal membrane                       1186.0, 1497.0, 2548.0, 4035.0, 4758.0, 5826.0, 7226.0, 8131.0, 8907.0, 9681.0, 10058.0, 10211.0, 10641.0, 11182.0, 23334.0, 54896.0, 55317.0, 55846.0, 56834.0, 56848.0, 56928.0, 57192.0, 57521.0, 58986.0, 83985.0, 84286.0, 89845.0, 91056.0, 114790.0, 219931.0, 729991.0 
GO:0005874 CC 2.05e-05 29/1194   298/29107 D06 microtubule                              393.0, 1785.0, 1855.0, 2622.0, 2801.0, 4296.0, 6904.0, 9112.0, 9181.0, 10013.0, 10381.0, 10458.0, 10636.0, 10749.0, 11076.0, 11186.0, 22933.0, 23098.0, 25981.0, 27019.0, 27285.0, 29911.0, 80279.0, 85378.0, 89953.0, 90990.0, 91039.0, 283638.0, 374654.0 
GO:0005739 CC 3.05e-05 85/1194  1305/29107 D05 mitochondrion                            37.0, 275.0, 581.0, 587.0, 617.0, 755.0, 823.0, 883.0, 1375.0, 1565.0, 1594.0, 1723.0, 2189.0, 2232.0, 2356.0, 2671.0, 2874.0, 4358.0, 4595.0, 4728.0, 4833.0, 5442.0, 6472.0, 6687.0, 6714.0, 6901.0, 7023.0, 7352.0, 8398.0, 9238.0, 9256.0, 9361.0, 9489.0, 9727.0, 10058.0, 10587.0, 10651.0, 11076.0, 11132.0, 11194.0, 11284.0, 23098.0, 23151.0, 23241.0, 23410.0, 26164.0, 26284.0, 27440.0, 28960.0, 29920.0, 51102.0, 51295.0, 51312.0, 51654.0, 54938.0, 55210.0, 55260.0, 55572.0, 56848.0, 57176.0, 57505.0, 57506.0, 64342.0, 64978.0, 79077.0, 79863.0, 79934.0, 80179.0, 80324.0, 83451.0, 83636.0, 83637.0, 83642.0, 83858.0, 89941.0, 92170.0, 116540.0, 118980.0, 126129.0, 126789.0, 132158.0, 200205.0, 284439.0, 374887.0, 728489.0 
GO:0043231 CC 4.41e-05 60/1194   846/29107 D04 intracellular membrane-bounded organelle 208.0, 755.0, 1186.0, 1312.0, 1497.0, 1565.0, 1798.0, 1819.0, 2548.0, 2580.0, 2990.0, 3704.0, 4125.0, 4758.0, 5452.0, 5476.0, 5589.0, 5905.0, 5977.0, 5989.0, 7108.0, 7392.0, 7448.0, 8704.0, 9112.0, 9150.0, 9600.0, 9727.0, 9794.0, 10347.0, 10460.0, 10514.0, 10587.0, 10900.0, 23152.0, 23223.0, 26088.0, 29911.0, 51231.0, 54896.0, 54982.0, 56848.0, 57192.0, 57658.0, 65110.0, 79058.0, 79874.0, 79953.0, 80174.0, 80279.0, 84444.0, 84861.0, 91949.0, 114881.0, 116985.0, 124930.0, 126789.0, 200014.0, 374875.0, 641649.0 
GO:1990130 CC 6.89e-05  3/1194     3/29107 D02 GATOR1 complex                           8131.0, 9681.0, 10641.0 
GO:0036064 CC 9.03e-05 18/1194   158/29107 D03 ciliary basal body                       582.0, 755.0, 2622.0, 8558.0, 9742.0, 11158.0, 11190.0, 26160.0, 49856.0, 79363.0, 79874.0, 85302.0, 89891.0, 220004.0, 225689.0, 353116.0, 374654.0, 729440.0 
GO:0005730 CC 9.19e-05 77/1194  1187/29107 D05 nucleolus                                37.0, 825.0, 863.0, 1107.0, 1677.0, 2189.0, 3177.0, 4234.0, 4839.0, 5725.0, 6838.0, 6949.0, 8260.0, 8602.0, 9013.0, 9088.0, 9136.0, 9277.0, 10039.0, 10361.0, 10514.0, 10607.0, 10651.0, 11066.0, 11194.0, 11284.0, 22933.0, 22984.0, 23005.0, 23223.0, 23293.0, 23567.0, 23583.0, 26502.0, 26773.0, 51231.0, 51547.0, 54487.0, 54540.0, 54606.0, 54982.0, 55657.0, 56342.0, 57602.0, 57647.0, 64782.0, 64793.0, 65095.0, 65110.0, 65992.0, 79050.0, 79091.0, 79159.0, 80198.0, 80279.0, 80325.0, 81532.0, 81875.0, 83590.0, 84875.0, 90933.0, 91949.0, 155400.0, 260294.0, 283149.0, 283989.0, 317781.0, 339230.0, 374395.0, 677843.0, 100033451.0, 100033460.0, 100033603.0, 100033799.0, 100033801.0, 100033811.0, 100036564.0 
GO:0014069 CC 1.20e-04 24/1194   247/29107 D04 postsynaptic density                     409.0, 575.0, 1813.0, 1855.0, 2039.0, 2902.0, 5064.0, 6714.0, 7249.0, 7732.0, 8525.0, 9127.0, 9228.0, 10636.0, 11346.0, 22997.0, 23513.0, 28988.0, 50944.0, 58512.0, 79953.0, 80725.0, 81858.0, 85358.0 
GO:0016607 CC 1.28e-04 34/1194   411/29107 D03 nuclear speck                            997.0, 1196.0, 1198.0, 1609.0, 2968.0, 3299.0, 5681.0, 6015.0, 6625.0, 7919.0, 8106.0, 8241.0, 8525.0, 8859.0, 9794.0, 9907.0, 10212.0, 10454.0, 10482.0, 10919.0, 23774.0, 25766.0, 26993.0, 30827.0, 51547.0, 54540.0, 54892.0, 57602.0, 58509.0, 64077.0, 79228.0, 124245.0, 146705.0, 374395.0 
GO:0005743 CC 1.94e-04 33/1194   404/29107 D05 mitochondrial inner membrane             617.0, 1723.0, 2232.0, 2356.0, 4358.0, 4833.0, 6472.0, 6687.0, 6714.0, 6901.0, 7352.0, 9489.0, 11194.0, 26164.0, 26284.0, 51295.0, 51312.0, 51629.0, 55210.0, 55572.0, 56848.0, 57143.0, 64978.0, 83858.0, 83985.0, 92170.0, 112724.0, 116540.0, 284439.0, 284723.0, 376497.0, 399512.0, 100137049.0 
GO:0000922 CC 4.89e-04 14/1194   122/29107 D02 spindle pole                             990.0, 994.0, 2801.0, 5347.0, 9150.0, 10460.0, 10636.0, 11186.0, 64793.0, 84902.0, 84942.0, 85302.0, 85378.0, 284403.0 
GO:0004674 MF 7.37e-07 38/1194   312/29107 D06 protein serine/threonine kinase activity 208.0, 1025.0, 1196.0, 1198.0, 1454.0, 1760.0, 2580.0, 4296.0, 4831.0, 5261.0, 5347.0, 5598.0, 5871.0, 5891.0, 7786.0, 8558.0, 8859.0, 8986.0, 9024.0, 9088.0, 10298.0, 10922.0, 22983.0, 23031.0, 23178.0, 25989.0, 27148.0, 30811.0, 51231.0, 57143.0, 84446.0, 84630.0, 169436.0, 203054.0, 225689.0, 282974.0, 340371.0, 388228.0 
GO:0106311 MF 1.12e-06 37/1194   359/29107 D07 protein threonine kinase activity        208.0, 1025.0, 1196.0, 1198.0, 1454.0, 1760.0, 2580.0, 4296.0, 5347.0, 5598.0, 5609.0, 5681.0, 5871.0, 5891.0, 7786.0, 8558.0, 8859.0, 8986.0, 9024.0, 9088.0, 10188.0, 10290.0, 10298.0, 10494.0, 22983.0, 23031.0, 23178.0, 25989.0, 27148.0, 30811.0, 83931.0, 84446.0, 84630.0, 225689.0, 282974.0, 344387.0, 388228.0 
GO:0106310 MF 1.12e-06 37/1194   359/29107 D07 protein serine kinase activity           208.0, 1025.0, 1196.0, 1198.0, 1454.0, 1760.0, 2580.0, 4296.0, 5347.0, 5598.0, 5609.0, 5681.0, 5871.0, 5891.0, 7786.0, 8558.0, 8859.0, 8986.0, 9024.0, 9088.0, 10188.0, 10290.0, 10298.0, 10494.0, 22983.0, 23031.0, 23178.0, 25989.0, 27148.0, 30811.0, 83931.0, 84446.0, 84630.0, 225689.0, 282974.0, 344387.0, 388228.0 
GO:0016887 MF 2.50e-06 29/1194   270/29107 D07 ATP hydrolysis activity                  1107.0, 2068.0, 4176.0, 4292.0, 4343.0, 5387.0, 7919.0, 8449.0, 8607.0, 9361.0, 9400.0, 9401.0, 9704.0, 9914.0, 10058.0, 10212.0, 10749.0, 51750.0, 54606.0, 57130.0, 57198.0, 57647.0, 79934.0, 80179.0, 84893.0, 89797.0, 90990.0, 317781.0, 374654.0 
GO:0005096 MF 2.60e-06 28/1194   256/29107 D05 GTPase activator activity                393.0, 398.0, 5905.0, 6904.0, 7249.0, 8131.0, 8786.0, 9681.0, 9905.0, 10636.0, 10641.0, 23216.0, 27352.0, 51291.0, 54662.0, 55357.0, 55738.0, 57636.0, 58504.0, 79735.0, 79874.0, 92154.0, 115703.0, 116983.0, 116985.0, 116988.0, 353149.0, 729092.0 
GO:0005524 MF 3.49e-06 131/1194  1458/29107 D08 ATP binding                              208.0, 617.0, 774.0, 790.0, 990.0, 997.0, 1025.0, 1107.0, 1120.0, 1186.0, 1196.0, 1198.0, 1445.0, 1454.0, 1503.0, 1609.0, 1760.0, 2051.0, 2068.0, 2356.0, 2580.0, 4145.0, 4176.0, 4292.0, 4296.0, 4343.0, 4363.0, 4486.0, 4831.0, 4833.0, 5198.0, 5210.0, 5261.0, 5347.0, 5598.0, 5609.0, 5681.0, 5826.0, 5871.0, 5891.0, 5973.0, 6261.0, 6499.0, 6687.0, 6714.0, 7297.0, 7786.0, 7919.0, 8449.0, 8525.0, 8558.0, 8566.0, 8607.0, 8859.0, 8986.0, 9024.0, 9088.0, 9127.0, 9361.0, 9400.0, 9401.0, 9489.0, 9704.0, 9914.0, 10058.0, 10101.0, 10188.0, 10212.0, 10290.0, 10298.0, 10347.0, 10494.0, 10749.0, 10922.0, 10998.0, 11194.0, 11284.0, 22983.0, 23031.0, 23113.0, 23178.0, 23396.0, 25981.0, 25989.0, 27148.0, 27433.0, 30811.0, 51231.0, 51422.0, 51750.0, 54606.0, 54938.0, 54963.0, 55191.0, 55210.0, 55229.0, 55324.0, 55577.0, 56848.0, 57130.0, 57143.0, 57176.0, 57198.0, 57505.0, 57647.0, 63922.0, 65220.0, 79587.0, 79934.0, 80179.0, 83642.0, 83858.0, 83931.0, 84446.0, 84630.0, 84893.0, 89797.0, 89845.0, 90990.0, 118424.0, 132158.0, 169436.0, 197258.0, 225689.0, 282974.0, 317781.0, 340371.0, 344387.0, 374654.0, 388228.0, 399687.0 
GO:0046872 MF 3.74e-06 147/1194  2297/29107 D04 metal ion binding                        208.0, 432.0, 863.0, 1302.0, 1445.0, 1609.0, 1760.0, 1798.0, 1819.0, 1877.0, 2068.0, 2245.0, 2356.0, 2588.0, 2738.0, 2972.0, 3104.0, 3614.0, 3674.0, 3679.0, 3704.0, 4123.0, 4125.0, 4302.0, 4595.0, 4728.0, 4831.0, 4833.0, 5143.0, 5198.0, 5372.0, 5424.0, 5531.0, 5891.0, 5977.0, 5986.0, 6015.0, 6650.0, 7051.0, 7064.0, 7593.0, 7625.0, 7629.0, 7633.0, 7760.0, 7791.0, 8241.0, 8525.0, 8703.0, 8704.0, 9088.0, 9647.0, 9726.0, 9914.0, 10101.0, 10188.0, 10296.0, 10494.0, 10616.0, 10743.0, 22838.0, 23113.0, 23119.0, 23144.0, 23293.0, 23338.0, 23774.0, 25988.0, 26048.0, 26205.0, 26993.0, 27005.0, 27148.0, 29803.0, 51291.0, 51547.0, 51564.0, 51654.0, 51750.0, 54487.0, 54849.0, 54932.0, 55139.0, 55159.0, 55184.0, 55229.0, 55621.0, 55657.0, 55738.0, 55743.0, 55809.0, 57130.0, 57232.0, 57473.0, 57593.0, 57658.0, 58525.0, 59269.0, 63891.0, 63925.0, 63977.0, 64077.0, 64428.0, 65220.0, 79008.0, 79587.0, 80198.0, 81532.0, 81858.0, 81890.0, 83642.0, 84464.0, 84619.0, 84905.0, 84954.0, 85451.0, 90379.0, 90678.0, 90850.0, 92305.0, 92595.0, 92999.0, 93100.0, 94039.0, 115992.0, 116983.0, 116985.0, 116988.0, 124245.0, 126308.0, 130557.0, 140685.0, 152992.0, 162968.0, 196403.0, 199745.0, 201164.0, 221527.0, 246329.0, 282974.0, 286128.0, 339487.0, 374655.0, 643641.0, 729092.0, 730051.0, 100137047.0 
GO:0005515 MF 7.24e-06 768/1194 12418/29107 D02 protein binding                          37.0, 41.0, 43.0, 101.0, 208.0, 327.0, 353.0, 393.0, 398.0, 409.0, 410.0, 432.0, 550.0, 575.0, 576.0, 581.0, 582.0, 610.0, 617.0, 649.0, 755.0, 774.0, 823.0, 825.0, 863.0, 881.0, 883.0, 919.0, 925.0, 977.0, 990.0, 994.0, 997.0, 1025.0, 1107.0, 1186.0, 1196.0, 1198.0, 1271.0, 1294.0, 1302.0, 1312.0, 1375.0, 1382.0, 1388.0, 1394.0, 1417.0, 1445.0, 1454.0, 1503.0, 1609.0, 1677.0, 1723.0, 1725.0, 1731.0, 1760.0, 1785.0, 1786.0, 1798.0, 1801.0, 1813.0, 1819.0, 1855.0, 1856.0, 1874.0, 1877.0, 1936.0, 1951.0, 1954.0, 2039.0, 2068.0, 2134.0, 2189.0, 2314.0, 2580.0, 2592.0, 2621.0, 2622.0, 2648.0, 2671.0, 2678.0, 2738.0, 2762.0, 2784.0, 2801.0, 2874.0, 2902.0, 2912.0, 2968.0, 2972.0, 3104.0, 3249.0, 3257.0, 3339.0, 3588.0, 3674.0, 3679.0, 3700.0, 3746.0, 3757.0, 3785.0, 4034.0, 4035.0, 4054.0, 4145.0, 4176.0, 4192.0, 4221.0, 4234.0, 4292.0, 4296.0, 4298.0, 4302.0, 4343.0, 4486.0, 4595.0, 4665.0, 4728.0, 4758.0, 4793.0, 4796.0, 4831.0, 4833.0, 4839.0, 4868.0, 4924.0, 5064.0, 5089.0, 5199.0, 5210.0, 5261.0, 5310.0, 5335.0, 5339.0, 5347.0, 5372.0, 5424.0, 5426.0, 5442.0, 5467.0, 5531.0, 5589.0, 5598.0, 5609.0, 5681.0, 5715.0, 5725.0, 5826.0, 5833.0, 5863.0, 5871.0, 5875.0, 5900.0, 5905.0, 5916.0, 5970.0, 5973.0, 5977.0, 5989.0, 6015.0, 6050.0, 6339.0, 6433.0, 6472.0, 6499.0, 6508.0, 6625.0, 6650.0, 6687.0, 6714.0, 6753.0, 6811.0, 6817.0, 6838.0, 6874.0, 6878.0, 6895.0, 6904.0, 6949.0, 7023.0, 7051.0, 7059.0, 7064.0, 7086.0, 7089.0, 7108.0, 7186.0, 7216.0, 7249.0, 7297.0, 7352.0, 7392.0, 7448.0, 7469.0, 7593.0, 7629.0, 7633.0, 7732.0, 7760.0, 7786.0, 7791.0, 7866.0, 7916.0, 7919.0, 7920.0, 8106.0, 8131.0, 8189.0, 8214.0, 8216.0, 8220.0, 8241.0, 8260.0, 8292.0, 8312.0, 8379.0, 8398.0, 8425.0, 8449.0, 8497.0, 8525.0, 8558.0, 8578.0, 8605.0, 8607.0, 8639.0, 8694.0, 8742.0, 8764.0, 8841.0, 8884.0, 8890.0, 8893.0, 8904.0, 8906.0, 8907.0, 8911.0, 8940.0, 8985.0, 8986.0, 9013.0, 9028.0, 9088.0, 9091.0, 9112.0, 9130.0, 9136.0, 9138.0, 9150.0, 9170.0, 9179.0, 9181.0, 9220.0, 9228.0, 9236.0, 9238.0, 9256.0, 9328.0, 9361.0, 9389.0, 9401.0, 9546.0, 9564.0, 9569.0, 9600.0, 9605.0, 9647.0, 9696.0, 9726.0, 9727.0, 9742.0, 9757.0, 9794.0, 9820.0, 9853.0, 9894.0, 9906.0, 9907.0, 9914.0, 9973.0, 9985.0, 10013.0, 10039.0, 10073.0, 10101.0, 10139.0, 10188.0, 10211.0, 10212.0, 10227.0, 10256.0, 10272.0, 10290.0, 10298.0, 10307.0, 10361.0, 10381.0, 10454.0, 10458.0, 10460.0, 10482.0, 10494.0, 10570.0, 10587.0, 10607.0, 10608.0, 10612.0, 10616.0, 10629.0, 10636.0, 10641.0, 10651.0, 10695.0, 10712.0, 10717.0, 10743.0, 10749.0, 10785.0, 10809.0, 10811.0, 10841.0, 10900.0, 10919.0, 10922.0, 10954.0, 10994.0, 10998.0, 11054.0, 11076.0, 11091.0, 11093.0, 11094.0, 11129.0, 11132.0, 11158.0, 11180.0, 11182.0, 11186.0, 11190.0, 11194.0, 11267.0, 11284.0, 11285.0, 11346.0, 22838.0, 22874.0, 22897.0, 22933.0, 22937.0, 22980.0, 22983.0, 22984.0, 23005.0, 23031.0, 23098.0, 23113.0, 23119.0, 23149.0, 23151.0, 23152.0, 23178.0, 23192.0, 23199.0, 23216.0, 23241.0, 23265.0, 23288.0, 23293.0, 23294.0, 23334.0, 23338.0, 23354.0, 23363.0, 23381.0, 23383.0, 23396.0, 23410.0, 23416.0, 23513.0, 23523.0, 23559.0, 23567.0, 23583.0, 23774.0, 25766.0, 25791.0, 25970.0, 25988.0, 25989.0, 26048.0, 26088.0, 26151.0, 26205.0, 26231.0, 26284.0, 26993.0, 27005.0, 27019.0, 27037.0, 27040.0, 27148.0, 27158.0, 27232.0, 27245.0, 27315.0, 27341.0, 27352.0, 28960.0, 28988.0, 29082.0, 29800.0, 29882.0, 29888.0, 29901.0, 29911.0, 29914.0, 29920.0, 29926.0, 29993.0, 30811.0, 30815.0, 30818.0, 30819.0, 30827.0, 49856.0, 50626.0, 50944.0, 51025.0, 51127.0, 51150.0, 51231.0, 51291.0, 51295.0, 51312.0, 51343.0, 51422.0, 51547.0, 51564.0, 51588.0, 51593.0, 51750.0, 53615.0, 54472.0, 54487.0, 54496.0, 54531.0, 54540.0, 54606.0, 54620.0, 54662.0, 54676.0, 54758.0, 54776.0, 54862.0, 54865.0, 54892.0, 54923.0, 54929.0, 54932.0, 54938.0, 54963.0, 54973.0, 54980.0, 54982.0, 55080.0, 55139.0, 55150.0, 55159.0, 55191.0, 55210.0, 55257.0, 55260.0, 55317.0, 55324.0, 55336.0, 55357.0, 55367.0, 55559.0, 55577.0, 55620.0, 55621.0, 55624.0, 55657.0, 55684.0, 55716.0, 55738.0, 55743.0, 55809.0, 55815.0, 55861.0, 55929.0, 55957.0, 55974.0, 56063.0, 56241.0, 56848.0, 56920.0, 56927.0, 56928.0, 57176.0, 57192.0, 57198.0, 57473.0, 57505.0, 57506.0, 57521.0, 57602.0, 57647.0, 57654.0, 57658.0, 57701.0, 57731.0, 58504.0, 58509.0, 58512.0, 58525.0, 58986.0, 60672.0, 63027.0, 63922.0, 63925.0, 64077.0, 64118.0, 64210.0, 64342.0, 64374.0, 64428.0, 64599.0, 64714.0, 64782.0, 64787.0, 64793.0, 64978.0, 65110.0, 65220.0, 65992.0, 78992.0, 78994.0, 79008.0, 79050.0, 79058.0, 79077.0, 79078.0, 79089.0, 79091.0, 79159.0, 79169.0, 79173.0, 79174.0, 79178.0, 79363.0, 79415.0, 79447.0, 79567.0, 79591.0, 79637.0, 79711.0, 79735.0, 79798.0, 79813.0, 79829.0, 79863.0, 79874.0, 79899.0, 79953.0, 80017.0, 80152.0, 80169.0, 80174.0, 80198.0, 80199.0, 80233.0, 80270.0, 80279.0, 80325.0, 80714.0, 80725.0, 80864.0, 81532.0, 81559.0, 81576.0, 81693.0, 81858.0, 81875.0, 83590.0, 83637.0, 83746.0, 83931.0, 83933.0, 83985.0, 84167.0, 84173.0, 84245.0, 84261.0, 84286.0, 84287.0, 84292.0, 84315.0, 84331.0, 84335.0, 84417.0, 84444.0, 84461.0, 84464.0, 84618.0, 84619.0, 84680.0, 84823.0, 84861.0, 84875.0, 84893.0, 84902.0, 84905.0, 84954.0, 84975.0, 84988.0, 85007.0, 85014.0, 85302.0, 85358.0, 85450.0, 85456.0, 89797.0, 89891.0, 89941.0, 89953.0, 90060.0, 90120.0, 90288.0, 90379.0, 90507.0, 90522.0, 90678.0, 90850.0, 90933.0, 91039.0, 91056.0, 91433.0, 91949.0, 92154.0, 92170.0, 92595.0, 92714.0, 92715.0, 92799.0, 92822.0, 92999.0, 93100.0, 93643.0, 94039.0, 113178.0, 113452.0, 113878.0, 114785.0, 114823.0, 114881.0, 115290.0, 115703.0, 115817.0, 115992.0, 116540.0, 116985.0, 118424.0, 118980.0, 123591.0, 124044.0, 124045.0, 124056.0, 124245.0, 124401.0, 126119.0, 126129.0, 126526.0, 126549.0, 130557.0, 131601.0, 132158.0, 138428.0, 140688.0, 142678.0, 144097.0, 144404.0, 144717.0, 146059.0, 146433.0, 146664.0, 146705.0, 147650.0, 147965.0, 148137.0, 148223.0, 149473.0, 150383.0, 150696.0, 155382.0, 161145.0, 162968.0, 163688.0, 168507.0, 196403.0, 197258.0, 197335.0, 197342.0, 199745.0, 200014.0, 200081.0, 200186.0, 200205.0, 200539.0, 201164.0, 202243.0, 203054.0, 203286.0, 219699.0, 219931.0, 220001.0, 220004.0, 220064.0, 221527.0, 221927.0, 222255.0, 225689.0, 246329.0, 246744.0, 254122.0, 255043.0, 256302.0, 282974.0, 283232.0, 283234.0, 283373.0, 283377.0, 283870.0, 283989.0, 284001.0, 284352.0, 284403.0, 284439.0, 286128.0, 286257.0, 286336.0, 339105.0, 339230.0, 339231.0, 339487.0, 340602.0, 348180.0, 353116.0, 374395.0, 374654.0, 374655.0, 374882.0, 374887.0, 374920.0, 375790.0, 376497.0, 387521.0, 388591.0, 399687.0, 401647.0, 550631.0, 653319.0, 729440.0, 729991.0, 780776.0, 100132341.0, 100137047.0, 101059938.0 
GO:0000166 MF 3.36e-05 11/1194    61/29107 D04 nucleotide binding                       990.0, 1797.0, 3614.0, 3704.0, 5424.0, 5426.0, 10101.0, 10999.0, 55743.0, 84618.0, 376497.0 
GO:0051539 MF 4.19e-05  9/1194    42/29107 D04 4 iron, 4 sulfur cluster binding         2068.0, 4595.0, 4728.0, 5424.0, 5426.0, 10101.0, 51654.0, 51750.0, 64428.0 
GO:0033558 MF 4.33e-05  5/1194    11/29107 D04 protein deacetylase activity             8841.0, 10013.0, 22933.0, 51564.0, 83933.0 
GO:0004407 MF 8.06e-05  6/1194    19/29107 D05 histone deacetylase activity             8841.0, 10013.0, 22933.0, 51547.0, 54531.0, 83933.0 
GO:0019899 MF 8.80e-05 32/1194   369/29107 D03 enzyme binding                           409.0, 790.0, 1677.0, 1785.0, 1855.0, 4292.0, 4486.0, 4831.0, 5261.0, 5424.0, 5609.0, 5970.0, 6714.0, 6895.0, 7186.0, 8312.0, 8602.0, 8841.0, 9546.0, 10013.0, 10361.0, 10811.0, 23410.0, 23567.0, 25988.0, 26262.0, 64210.0, 83933.0, 84464.0, 85456.0, 124056.0, 401647.0 
GO:0003723 MF 9.44e-05 87/1194  1388/29107 D04 RNA binding                              327.0, 1107.0, 1198.0, 1454.0, 1786.0, 1819.0, 3614.0, 4035.0, 4343.0, 4839.0, 5339.0, 5442.0, 5725.0, 5905.0, 6238.0, 6433.0, 6499.0, 6625.0, 6838.0, 6949.0, 7625.0, 7791.0, 7916.0, 7919.0, 8106.0, 8241.0, 8449.0, 8602.0, 8940.0, 9130.0, 9136.0, 9138.0, 9238.0, 9277.0, 9704.0, 10212.0, 10361.0, 10482.0, 10514.0, 10607.0, 10749.0, 10922.0, 11180.0, 11189.0, 22984.0, 23223.0, 23293.0, 23567.0, 25766.0, 26284.0, 26993.0, 27037.0, 27341.0, 29803.0, 51087.0, 51593.0, 54606.0, 54865.0, 54938.0, 55621.0, 56342.0, 57602.0, 57647.0, 57666.0, 58509.0, 60677.0, 65095.0, 65110.0, 79050.0, 79159.0, 79169.0, 79228.0, 80324.0, 80336.0, 81875.0, 85451.0, 90850.0, 124245.0, 126789.0, 138428.0, 155400.0, 200205.0, 255101.0, 260294.0, 317781.0, 339230.0, 399687.0 
GO:0030674 MF 1.20e-04 13/1194    94/29107 D02 protein-macromolecule adaptor activity   1302.0, 1856.0, 2068.0, 2621.0, 4221.0, 6949.0, 7186.0, 10256.0, 51127.0, 51593.0, 57521.0, 64210.0, 124245.0 
GO:0004984 MF 2.41e-06  1/1194   399/29107 D04 olfactory receptor activity              4992.0 
GO:0004930 MF 1.20e-04 10/1194   683/29107 D04 G protein-coupled receptor activity      575.0, 576.0, 1813.0, 1951.0, 2859.0, 2912.0, 4992.0, 6753.0, 9170.0, 131601.0 
