GO:0006357 BP 1.18e-06  56/365  1600/29107 D10 regulation of transcription by RNA polymerase II 4303.0, 4775.0, 4800.0, 6304.0, 7576.0, 7579.0, 7596.0, 7621.0, 7638.0, 7652.0, 7761.0, 7769.0, 7773.0, 9923.0, 9988.0, 23269.0, 26610.0, 51351.0, 55145.0, 55578.0, 55713.0, 55762.0, 55786.0, 57573.0, 79776.0, 84307.0, 84436.0, 84622.0, 84671.0, 84924.0, 90075.0, 91664.0, 118472.0, 124961.0, 126231.0, 147837.0, 147948.0, 152518.0, 158431.0, 162962.0, 162963.0, 162967.0, 284443.0, 339318.0, 339327.0, 342908.0, 342909.0, 349075.0, 353088.0, 353355.0, 388536.0, 390927.0, 400569.0, 400720.0, 100289635.0, 109504726.0 
GO:0005814 CC 2.19e-06  11/365   144/29107 D05 centriole                                9851.0, 10198.0, 10806.0, 22832.0, 51174.0, 56890.0, 84984.0, 121441.0, 137392.0, 152185.0, 283726.0 
GO:0005654 CC 3.21e-06  95/365  3805/29107 D02 nucleoplasm                              472.0, 648.0, 839.0, 1062.0, 1676.0, 1854.0, 1894.0, 2072.0, 2176.0, 2960.0, 3841.0, 4236.0, 4303.0, 4775.0, 4800.0, 5481.0, 5557.0, 5889.0, 5925.0, 6304.0, 6877.0, 6883.0, 6944.0, 7596.0, 8086.0, 8405.0, 9014.0, 9194.0, 9321.0, 9848.0, 9988.0, 10051.0, 10199.0, 10200.0, 10526.0, 10592.0, 10799.0, 10849.0, 10914.0, 23224.0, 23234.0, 23269.0, 23272.0, 23325.0, 23460.0, 23658.0, 25842.0, 25879.0, 25896.0, 25926.0, 25929.0, 26589.0, 26610.0, 28970.0, 29102.0, 29110.0, 51095.0, 51111.0, 51147.0, 51174.0, 51300.0, 51367.0, 51574.0, 54739.0, 54906.0, 55145.0, 55157.0, 55341.0, 55656.0, 55677.0, 55756.0, 55840.0, 56252.0, 64421.0, 79871.0, 81555.0, 83732.0, 83860.0, 84154.0, 84191.0, 84240.0, 84250.0, 84622.0, 120534.0, 121441.0, 123169.0, 129831.0, 150684.0, 158234.0, 192669.0, 197370.0, 221264.0, 222236.0, 256435.0, 285381.0 
GO:0005634 CC 3.31e-06 136/365  5368/29107 D05 nucleus                                  472.0, 648.0, 1062.0, 1676.0, 1854.0, 1894.0, 2072.0, 2176.0, 2241.0, 2960.0, 3551.0, 3841.0, 4236.0, 4303.0, 4775.0, 4800.0, 5481.0, 5889.0, 5925.0, 6304.0, 6877.0, 6883.0, 6944.0, 7019.0, 7576.0, 7579.0, 7596.0, 7621.0, 7638.0, 7652.0, 7761.0, 7769.0, 7773.0, 8086.0, 8195.0, 8405.0, 8836.0, 9014.0, 9255.0, 9848.0, 9923.0, 9988.0, 10051.0, 10200.0, 10592.0, 10744.0, 10799.0, 10914.0, 11162.0, 11164.0, 22832.0, 23224.0, 23234.0, 23658.0, 25842.0, 25896.0, 25950.0, 26019.0, 28970.0, 29102.0, 29104.0, 51111.0, 51147.0, 51351.0, 51574.0, 54726.0, 55145.0, 55677.0, 55713.0, 55756.0, 55762.0, 55786.0, 56252.0, 56890.0, 56986.0, 57002.0, 57570.0, 57573.0, 64863.0, 79066.0, 79776.0, 79871.0, 81624.0, 81627.0, 83591.0, 83860.0, 84072.0, 84250.0, 84436.0, 84622.0, 84671.0, 84924.0, 90075.0, 90459.0, 91151.0, 91664.0, 113510.0, 114825.0, 118472.0, 123169.0, 124961.0, 126231.0, 129831.0, 137392.0, 138199.0, 139599.0, 145282.0, 147837.0, 147948.0, 150684.0, 152518.0, 153443.0, 158234.0, 158431.0, 162962.0, 162963.0, 162967.0, 165324.0, 168850.0, 170082.0, 197370.0, 221264.0, 284443.0, 285381.0, 339318.0, 339327.0, 342908.0, 342909.0, 349075.0, 353088.0, 353355.0, 388536.0, 390927.0, 400720.0, 100289635.0, 109504726.0 
GO:0005813 CC 1.38e-05  20/365   528/29107 D03 centrosome                               472.0, 2773.0, 4236.0, 8086.0, 8195.0, 9851.0, 10806.0, 22832.0, 25879.0, 27229.0, 56890.0, 79848.0, 84250.0, 84260.0, 84984.0, 114327.0, 121441.0, 123169.0, 152185.0, 285331.0 
GO:0005669 CC 4.60e-05   5/365    32/29107 D04 transcription factor TFIID complex       2960.0, 6877.0, 6883.0, 54457.0, 83860.0 
GO:0005886 CC 1.45e-05  28/365  4487/29107 D03 plasma membrane                          1676.0, 2773.0, 3738.0, 3818.0, 5638.0, 6565.0, 7782.0, 7809.0, 8029.0, 8490.0, 9194.0, 9848.0, 10219.0, 10673.0, 23234.0, 23460.0, 23768.0, 26507.0, 50835.0, 50836.0, 50837.0, 50839.0, 54822.0, 84260.0, 84307.0, 120534.0, 121441.0, 147166.0 
GO:0000978 MF 1.18e-06  46/365  1178/29107 D09 RNA polymerase II cis-regulatory region sequence-specific DNA binding 648.0, 4303.0, 4775.0, 4800.0, 6304.0, 7576.0, 7579.0, 7596.0, 7638.0, 7652.0, 7761.0, 7769.0, 7773.0, 9923.0, 9988.0, 23269.0, 51351.0, 55145.0, 55713.0, 55762.0, 55786.0, 57573.0, 79776.0, 84307.0, 84436.0, 84622.0, 84671.0, 90075.0, 91664.0, 126231.0, 158431.0, 162962.0, 162963.0, 162967.0, 284443.0, 339318.0, 339327.0, 342909.0, 349075.0, 353088.0, 353355.0, 388536.0, 390927.0, 400720.0, 100289635.0, 109504726.0 
GO:0000981 MF 1.27e-06  46/365  1241/29107 D03 DNA-binding transcription factor activity, RNA polymerase II-specific 4303.0, 4775.0, 4800.0, 6304.0, 7576.0, 7579.0, 7596.0, 7621.0, 7638.0, 7761.0, 7773.0, 9923.0, 9988.0, 23269.0, 51351.0, 55145.0, 55713.0, 55762.0, 55786.0, 57573.0, 79776.0, 84307.0, 84436.0, 84671.0, 84924.0, 90075.0, 118472.0, 124961.0, 126231.0, 147837.0, 147948.0, 152518.0, 162963.0, 162967.0, 339318.0, 339327.0, 342908.0, 342909.0, 349075.0, 353088.0, 353355.0, 388536.0, 390927.0, 400720.0, 100289635.0, 109504726.0 
GO:0046872 MF 1.85e-06  69/365  2297/29107 D04 metal ion binding                        2773.0, 2960.0, 7576.0, 7579.0, 7596.0, 7621.0, 7638.0, 7652.0, 7769.0, 7773.0, 9014.0, 9453.0, 9923.0, 10390.0, 29102.0, 51111.0, 51147.0, 54482.0, 54822.0, 55713.0, 55762.0, 55785.0, 55786.0, 57573.0, 79596.0, 79624.0, 79696.0, 79871.0, 79956.0, 81627.0, 83591.0, 83732.0, 83860.0, 84191.0, 84307.0, 84436.0, 84622.0, 84671.0, 84924.0, 90075.0, 90459.0, 91664.0, 115209.0, 118472.0, 124961.0, 126231.0, 128611.0, 147837.0, 147948.0, 158431.0, 162962.0, 162963.0, 162967.0, 168850.0, 192669.0, 197370.0, 284443.0, 285381.0, 339318.0, 339327.0, 342908.0, 342909.0, 349075.0, 353088.0, 353355.0, 388536.0, 390927.0, 400720.0, 100289635.0 
GO:0005515 MF 3.26e-06 220/365 12418/29107 D02 protein binding                          472.0, 514.0, 522.0, 648.0, 839.0, 1062.0, 1676.0, 1854.0, 1894.0, 1982.0, 2072.0, 2176.0, 2241.0, 2773.0, 2960.0, 3551.0, 3738.0, 3818.0, 3841.0, 4168.0, 4236.0, 4303.0, 4775.0, 4800.0, 4867.0, 5481.0, 5557.0, 5638.0, 5889.0, 5925.0, 6304.0, 6565.0, 6877.0, 6883.0, 6944.0, 6991.0, 7019.0, 7203.0, 7638.0, 7773.0, 7782.0, 7809.0, 8029.0, 8086.0, 8195.0, 8269.0, 8405.0, 8458.0, 8490.0, 8800.0, 8836.0, 9014.0, 9194.0, 9202.0, 9255.0, 9321.0, 9453.0, 9836.0, 9848.0, 9851.0, 9923.0, 10051.0, 10199.0, 10200.0, 10219.0, 10240.0, 10282.0, 10390.0, 10526.0, 10592.0, 10613.0, 10673.0, 10806.0, 10914.0, 11164.0, 22796.0, 22832.0, 23224.0, 23234.0, 23269.0, 23272.0, 23409.0, 23431.0, 23639.0, 23658.0, 25842.0, 25879.0, 25896.0, 25926.0, 25929.0, 25950.0, 26019.0, 26507.0, 26610.0, 27229.0, 28970.0, 29071.0, 29078.0, 29102.0, 29104.0, 29110.0, 50836.0, 50839.0, 51106.0, 51111.0, 51147.0, 51250.0, 51258.0, 51300.0, 51315.0, 51367.0, 51520.0, 51574.0, 53343.0, 54457.0, 54726.0, 54739.0, 54906.0, 54943.0, 55017.0, 55035.0, 55145.0, 55157.0, 55204.0, 55251.0, 55285.0, 55578.0, 55656.0, 55677.0, 55713.0, 55732.0, 55756.0, 55786.0, 55840.0, 56252.0, 56886.0, 56890.0, 57002.0, 57102.0, 57631.0, 58505.0, 64421.0, 64430.0, 79596.0, 79624.0, 79675.0, 79696.0, 79738.0, 79871.0, 79956.0, 80318.0, 81555.0, 81627.0, 83732.0, 83860.0, 84072.0, 84154.0, 84186.0, 84191.0, 84250.0, 84260.0, 84307.0, 84328.0, 84924.0, 84938.0, 84984.0, 85865.0, 90459.0, 91151.0, 91369.0, 113510.0, 114327.0, 114825.0, 115294.0, 118472.0, 119710.0, 120534.0, 121441.0, 122961.0, 123169.0, 123228.0, 124961.0, 128977.0, 129831.0, 133022.0, 137392.0, 138199.0, 140707.0, 142679.0, 145282.0, 147837.0, 150684.0, 152185.0, 153733.0, 154467.0, 154865.0, 157807.0, 158234.0, 158427.0, 162967.0, 165324.0, 166379.0, 166785.0, 170082.0, 192669.0, 197370.0, 219670.0, 221786.0, 252983.0, 253827.0, 256435.0, 283237.0, 283726.0, 285331.0, 285381.0, 285755.0, 342908.0, 400569.0, 400720.0, 440295.0 
GO:0047631 MF 1.92e-05   3/365     5/29107 D06 ADP-ribose diphosphatase activity        11162.0, 11164.0, 53343.0 
GO:0008527 MF 2.98e-05   4/365    15/29107 D04 taste receptor activity                  50835.0, 50836.0, 50837.0, 50839.0 
