GO:0002181 BP 5.04e-07 24/2111    85/29107 D08 cytoplasmic translation                  4736.0, 6124.0, 6134.0, 6135.0, 6137.0, 6144.0, 6158.0, 6161.0, 6164.0, 6168.0, 6187.0, 6189.0, 6191.0, 6193.0, 6194.0, 6203.0, 6205.0, 6217.0, 6224.0, 6228.0, 6229.0, 6231.0, 6234.0, 51372.0 
GO:0006099 BP 5.17e-07 12/2111    30/29107 D03 tricarboxylic acid cycle                 48.0, 1431.0, 1737.0, 3419.0, 3421.0, 4191.0, 4967.0, 5160.0, 6389.0, 8802.0, 23530.0, 130752.0 
GO:0035556 BP 1.39e-06 61/2111   402/29107 D05 intracellular signal transduction        695.0, 1606.0, 2011.0, 2932.0, 3635.0, 3702.0, 3716.0, 5058.0, 5336.0, 5502.0, 5578.0, 5580.0, 5583.0, 5586.0, 5595.0, 5603.0, 6196.0, 6300.0, 6610.0, 6732.0, 6850.0, 7006.0, 7305.0, 7531.0, 8476.0, 8569.0, 8605.0, 8877.0, 8878.0, 10000.0, 10019.0, 10156.0, 10718.0, 11214.0, 11215.0, 22983.0, 23263.0, 23371.0, 50488.0, 51473.0, 51657.0, 51665.0, 51701.0, 55351.0, 56776.0, 57787.0, 64283.0, 79858.0, 81617.0, 84727.0, 84930.0, 92369.0, 118987.0, 142684.0, 150094.0, 200576.0, 260425.0, 341019.0, 342667.0, 100820829.0, 102724428.0 
GO:0006412 BP 1.99e-06 36/2111   195/29107 D07 translation                              1956.0, 2686.0, 4736.0, 6124.0, 6134.0, 6135.0, 6137.0, 6144.0, 6150.0, 6158.0, 6161.0, 6164.0, 6166.0, 6168.0, 6181.0, 6187.0, 6189.0, 6191.0, 6193.0, 6194.0, 6203.0, 6205.0, 6217.0, 6224.0, 6228.0, 6229.0, 6231.0, 6234.0, 9801.0, 10884.0, 22849.0, 29074.0, 51081.0, 64963.0, 64983.0, 116832.0 
GO:0060285 BP 5.73e-06  8/2111    16/29107 D05 cilium-dependent cell motility           1769.0, 55779.0, 80258.0, 85478.0, 92749.0, 127602.0, 146754.0, 339829.0 
GO:0006107 BP 1.00e-05  6/2111     9/29107 D07 oxaloacetate metabolic process           2805.0, 2806.0, 4191.0, 5106.0, 56954.0, 130752.0 
GO:1990708 BP 2.76e-05  4/2111     4/29107 D08 conditioned place preference             4986.0, 4987.0, 6505.0, 64478.0 
GO:0006468 BP 3.75e-05 58/2111   459/29107 D07 protein phosphorylation                  657.0, 695.0, 1021.0, 1025.0, 2011.0, 2475.0, 2931.0, 2932.0, 3551.0, 3716.0, 4293.0, 4752.0, 5058.0, 5165.0, 5166.0, 5289.0, 5295.0, 5532.0, 5566.0, 5578.0, 5580.0, 5583.0, 5586.0, 5595.0, 5604.0, 6732.0, 6850.0, 7006.0, 7048.0, 7443.0, 8476.0, 8569.0, 8711.0, 8878.0, 9175.0, 9535.0, 10000.0, 10461.0, 11214.0, 22848.0, 22853.0, 22983.0, 23683.0, 50488.0, 51701.0, 54986.0, 56155.0, 57761.0, 57787.0, 79705.0, 79858.0, 80216.0, 83939.0, 140469.0, 150094.0, 255239.0, 283455.0, 102724428.0 
GO:0050911 BP 1.34e-06  1/2111   401/29107 D05 detection of chemical stimulus involved in sensory perception of smell 138799.0 
GO:0035195 BP 1.98e-06  4/2111   557/29107 D10 gene silencing by miRNA                  8994.0, 81571.0, 407008.0, 693166.0 
GO:0007186 BP 1.59e-05 33/2111   880/29107 D05 G protein-coupled receptor signaling pathway 552.0, 1524.0, 2532.0, 2784.0, 2788.0, 2844.0, 2857.0, 2859.0, 4923.0, 5141.0, 5291.0, 5995.0, 5996.0, 6001.0, 9290.0, 9568.0, 11214.0, 22859.0, 23432.0, 23533.0, 29899.0, 50838.0, 53829.0, 57512.0, 64106.0, 64805.0, 80045.0, 80243.0, 84059.0, 128674.0, 138799.0, 259294.0, 440435.0 
GO:0022626 CC 3.12e-07 22/2111    76/29107 D06 cytosolic ribosome                       347.0, 4736.0, 6124.0, 6134.0, 6135.0, 6137.0, 6144.0, 6158.0, 6161.0, 6164.0, 6168.0, 6187.0, 6189.0, 6191.0, 6193.0, 6194.0, 6203.0, 6205.0, 6217.0, 6224.0, 6228.0, 6229.0 
GO:0022627 CC 5.80e-07 15/2111    41/29107 D05 cytosolic small ribosomal subunit        6187.0, 6189.0, 6191.0, 6193.0, 6194.0, 6203.0, 6205.0, 6217.0, 6224.0, 6228.0, 6229.0, 6231.0, 6234.0, 64963.0, 83939.0 
GO:0005930 CC 1.55e-06 25/2111   113/29107 D02 axoneme                                  1769.0, 4735.0, 5289.0, 5566.0, 7802.0, 9576.0, 11337.0, 22920.0, 23322.0, 26074.0, 51473.0, 54777.0, 55036.0, 80217.0, 80258.0, 85478.0, 89876.0, 92749.0, 93233.0, 118491.0, 123872.0, 146754.0, 158067.0, 196385.0, 339829.0 
GO:0005739 CC 3.11e-06 176/2111  1305/29107 D05 mitochondrion                            48.0, 291.0, 411.0, 501.0, 670.0, 823.0, 1159.0, 1160.0, 1384.0, 1431.0, 1591.0, 1653.0, 1666.0, 1737.0, 2011.0, 2232.0, 2309.0, 2537.0, 2806.0, 2820.0, 2931.0, 2932.0, 3098.0, 3419.0, 3421.0, 3607.0, 4137.0, 4191.0, 4200.0, 4257.0, 4513.0, 4521.0, 4710.0, 4711.0, 4898.0, 4923.0, 4967.0, 5096.0, 5106.0, 5160.0, 5165.0, 5166.0, 5264.0, 5366.0, 5566.0, 5578.0, 5580.0, 5595.0, 5604.0, 6150.0, 6300.0, 6389.0, 6812.0, 6832.0, 7374.0, 7764.0, 7818.0, 8192.0, 8209.0, 8228.0, 8546.0, 8604.0, 8737.0, 8739.0, 8802.0, 8878.0, 8996.0, 9054.0, 9329.0, 9361.0, 9673.0, 9722.0, 9801.0, 9927.0, 10102.0, 10270.0, 10367.0, 10469.0, 10651.0, 10667.0, 10863.0, 10884.0, 10901.0, 10928.0, 10965.0, 11112.0, 22843.0, 23095.0, 23395.0, 23408.0, 23530.0, 23593.0, 23600.0, 23786.0, 25953.0, 26024.0, 26056.0, 26128.0, 26517.0, 26995.0, 27185.0, 29074.0, 29078.0, 29083.0, 29957.0, 51099.0, 51300.0, 51657.0, 51660.0, 51754.0, 54543.0, 55066.0, 55149.0, 55173.0, 55210.0, 55268.0, 55278.0, 55687.0, 56624.0, 56922.0, 56942.0, 57017.0, 57128.0, 57176.0, 57546.0, 60491.0, 63874.0, 64064.0, 64805.0, 64837.0, 64963.0, 64978.0, 64983.0, 65260.0, 79085.0, 79680.0, 79705.0, 79731.0, 79944.0, 80179.0, 80298.0, 83637.0, 83693.0, 83787.0, 84340.0, 85865.0, 89876.0, 90529.0, 91574.0, 93974.0, 112817.0, 114294.0, 115286.0, 116447.0, 118987.0, 130916.0, 132001.0, 132671.0, 133522.0, 137682.0, 151393.0, 160760.0, 171425.0, 196294.0, 219402.0, 219970.0, 255027.0, 256643.0, 283459.0, 284106.0, 284184.0, 339983.0, 375748.0, 548596.0, 728294.0, 102724023.0 
GO:0005783 CC 3.35e-06 133/2111  1040/29107 D05 endoplasmic reticulum                    48.0, 267.0, 341.0, 347.0, 757.0, 819.0, 831.0, 1384.0, 1471.0, 1717.0, 1933.0, 2132.0, 2137.0, 2182.0, 2264.0, 3140.0, 4121.0, 4257.0, 4923.0, 5130.0, 5311.0, 5578.0, 5580.0, 5604.0, 5611.0, 5771.0, 6048.0, 6134.0, 6137.0, 6144.0, 6164.0, 6166.0, 6189.0, 6194.0, 6228.0, 6229.0, 6281.0, 6505.0, 6610.0, 6732.0, 6892.0, 7060.0, 7095.0, 7494.0, 7841.0, 8029.0, 8372.0, 8459.0, 8516.0, 8878.0, 9107.0, 9217.0, 9468.0, 9524.0, 9695.0, 9780.0, 9900.0, 9911.0, 10280.0, 10299.0, 10317.0, 10345.0, 10424.0, 10463.0, 10483.0, 10505.0, 10554.0, 10558.0, 10682.0, 10841.0, 22920.0, 23017.0, 23200.0, 23344.0, 23463.0, 23471.0, 23509.0, 23585.0, 26157.0, 27185.0, 51060.0, 51201.0, 51246.0, 51257.0, 51293.0, 51338.0, 51399.0, 51478.0, 51594.0, 51754.0, 53829.0, 54947.0, 54972.0, 54982.0, 55080.0, 55325.0, 55379.0, 55697.0, 56605.0, 56776.0, 56894.0, 57540.0, 58485.0, 64764.0, 64848.0, 66036.0, 79844.0, 79974.0, 80328.0, 83723.0, 83787.0, 83857.0, 84536.0, 90993.0, 94101.0, 112609.0, 115817.0, 124925.0, 127943.0, 144811.0, 147138.0, 154197.0, 158866.0, 170575.0, 195814.0, 204219.0, 206358.0, 219970.0, 285362.0, 345275.0, 401494.0, 439921.0, 497661.0 
GO:0005789 CC 3.88e-06 118/2111   973/29107 D04 endoplasmic reticulum membrane           267.0, 368.0, 537.0, 757.0, 1314.0, 1543.0, 1717.0, 1798.0, 1896.0, 1956.0, 2132.0, 2137.0, 2182.0, 2327.0, 2328.0, 2475.0, 3140.0, 3737.0, 3838.0, 3845.0, 4047.0, 4257.0, 5130.0, 5311.0, 5742.0, 5826.0, 6048.0, 6547.0, 6892.0, 7494.0, 7841.0, 8605.0, 8818.0, 9023.0, 9217.0, 9276.0, 9468.0, 9488.0, 9524.0, 9554.0, 9780.0, 9911.0, 10170.0, 10280.0, 10299.0, 10483.0, 10554.0, 10558.0, 10682.0, 10745.0, 10901.0, 22883.0, 23256.0, 23344.0, 23463.0, 23544.0, 23769.0, 23780.0, 26002.0, 26470.0, 27087.0, 28972.0, 51201.0, 51246.0, 51257.0, 51478.0, 51594.0, 54947.0, 54972.0, 54982.0, 55080.0, 55379.0, 55780.0, 56603.0, 56605.0, 56776.0, 56894.0, 57146.0, 57488.0, 57535.0, 57540.0, 63874.0, 64764.0, 64788.0, 64816.0, 79053.0, 79844.0, 79868.0, 79876.0, 79966.0, 80270.0, 83445.0, 83723.0, 83787.0, 83850.0, 84932.0, 85465.0, 90411.0, 90993.0, 93492.0, 94005.0, 94101.0, 112609.0, 118987.0, 128486.0, 145173.0, 147138.0, 154197.0, 165679.0, 170575.0, 195814.0, 202052.0, 204219.0, 255022.0, 408050.0, 548645.0, 729238.0, 100101267.0 
GO:0016020 CC 4.68e-06 252/2111  2120/29107 D02 membrane                                 154.0, 160.0, 163.0, 267.0, 291.0, 311.0, 368.0, 378.0, 397.0, 493.0, 819.0, 823.0, 831.0, 948.0, 952.0, 975.0, 1025.0, 1062.0, 1291.0, 1314.0, 1606.0, 1653.0, 1687.0, 1717.0, 1798.0, 1823.0, 1896.0, 1956.0, 1982.0, 2011.0, 2026.0, 2125.0, 2132.0, 2182.0, 2277.0, 2327.0, 2475.0, 2487.0, 2539.0, 2620.0, 2778.0, 2975.0, 3071.0, 3073.0, 3108.0, 3685.0, 3716.0, 3838.0, 3845.0, 3858.0, 3949.0, 3964.0, 4047.0, 4121.0, 4137.0, 4191.0, 4249.0, 4354.0, 4513.0, 4736.0, 4940.0, 4952.0, 5002.0, 5141.0, 5213.0, 5244.0, 5286.0, 5289.0, 5291.0, 5295.0, 5297.0, 5311.0, 5566.0, 5611.0, 5705.0, 5708.0, 5869.0, 5877.0, 6124.0, 6134.0, 6135.0, 6137.0, 6144.0, 6158.0, 6161.0, 6181.0, 6187.0, 6191.0, 6193.0, 6194.0, 6203.0, 6205.0, 6217.0, 6224.0, 6228.0, 6229.0, 6231.0, 6259.0, 6302.0, 6311.0, 6404.0, 6505.0, 6511.0, 6534.0, 6547.0, 6557.0, 6610.0, 6642.0, 6652.0, 6844.0, 7095.0, 7520.0, 7531.0, 7781.0, 7841.0, 8029.0, 8086.0, 8228.0, 8266.0, 8361.0, 8362.0, 8365.0, 8412.0, 8482.0, 8546.0, 8605.0, 8711.0, 8877.0, 8996.0, 9023.0, 9107.0, 9108.0, 9175.0, 9361.0, 9392.0, 9631.0, 9665.0, 9777.0, 9780.0, 9785.0, 9827.0, 9894.0, 9922.0, 9936.0, 10000.0, 10015.0, 10043.0, 10060.0, 10184.0, 10197.0, 10198.0, 10257.0, 10270.0, 10280.0, 10299.0, 10384.0, 10391.0, 10424.0, 10505.0, 10554.0, 10658.0, 10800.0, 10928.0, 10973.0, 11118.0, 11128.0, 11214.0, 11230.0, 22803.0, 22856.0, 22986.0, 23154.0, 23193.0, 23200.0, 23265.0, 23339.0, 23344.0, 23367.0, 23421.0, 23463.0, 23499.0, 23509.0, 23527.0, 23530.0, 23533.0, 23633.0, 23683.0, 23780.0, 25953.0, 26230.0, 26286.0, 26999.0, 27229.0, 50651.0, 51054.0, 51293.0, 51382.0, 51594.0, 54982.0, 55215.0, 55275.0, 55379.0, 55454.0, 55558.0, 55613.0, 55764.0, 56894.0, 57185.0, 57488.0, 57537.0, 57555.0, 57696.0, 57707.0, 59307.0, 64397.0, 64837.0, 66036.0, 79026.0, 79443.0, 79902.0, 80228.0, 80709.0, 81704.0, 81793.0, 83752.0, 84059.0, 84073.0, 84079.0, 84975.0, 90993.0, 92255.0, 94005.0, 95681.0, 112755.0, 114884.0, 115294.0, 118987.0, 121665.0, 123606.0, 124936.0, 140885.0, 150379.0, 168507.0, 196500.0, 201176.0, 221092.0, 222662.0, 254102.0, 260425.0, 286046.0, 317781.0, 342372.0 
GO:0070062 CC 4.79e-06 226/2111  2169/29107 D06 extracellular exosome                    2.0, 48.0, 88.0, 165.0, 191.0, 280.0, 307.0, 311.0, 347.0, 353.0, 355.0, 357.0, 378.0, 397.0, 411.0, 419.0, 427.0, 486.0, 501.0, 535.0, 537.0, 563.0, 635.0, 760.0, 823.0, 942.0, 952.0, 958.0, 963.0, 975.0, 1291.0, 1314.0, 1431.0, 1471.0, 1509.0, 1652.0, 1823.0, 1824.0, 1954.0, 1968.0, 2026.0, 2125.0, 2132.0, 2182.0, 2195.0, 2539.0, 2588.0, 2778.0, 2784.0, 2788.0, 2805.0, 2806.0, 2947.0, 3015.0, 3071.0, 3073.0, 3122.0, 3176.0, 3490.0, 3664.0, 3685.0, 3698.0, 3795.0, 3827.0, 3858.0, 4065.0, 4121.0, 4191.0, 4249.0, 4478.0, 4668.0, 4703.0, 4735.0, 4736.0, 4831.0, 5169.0, 5172.0, 5198.0, 5244.0, 5269.0, 5274.0, 5286.0, 5297.0, 5306.0, 5311.0, 5333.0, 5336.0, 5349.0, 5393.0, 5446.0, 5464.0, 5524.0, 5566.0, 5578.0, 5580.0, 5583.0, 5611.0, 5660.0, 5693.0, 5705.0, 5708.0, 5742.0, 5836.0, 5858.0, 5869.0, 5878.0, 5899.0, 5934.0, 5950.0, 6051.0, 6102.0, 6124.0, 6135.0, 6158.0, 6164.0, 6168.0, 6181.0, 6187.0, 6189.0, 6191.0, 6193.0, 6203.0, 6205.0, 6217.0, 6224.0, 6231.0, 6234.0, 6281.0, 6505.0, 6557.0, 6584.0, 6611.0, 6649.0, 6652.0, 6812.0, 7060.0, 7273.0, 7360.0, 7531.0, 7841.0, 8029.0, 8361.0, 8362.0, 8365.0, 8476.0, 8574.0, 8857.0, 8878.0, 9097.0, 9141.0, 9520.0, 9545.0, 9687.0, 9696.0, 9980.0, 10015.0, 10043.0, 10544.0, 10591.0, 10788.0, 10841.0, 11006.0, 11043.0, 11167.0, 11190.0, 22949.0, 23171.0, 23193.0, 23318.0, 23475.0, 23593.0, 23743.0, 26007.0, 26230.0, 26999.0, 27183.0, 28970.0, 50488.0, 51084.0, 51181.0, 51382.0, 51449.0, 54414.0, 54472.0, 54538.0, 54972.0, 55748.0, 56155.0, 56624.0, 56954.0, 57393.0, 57446.0, 57535.0, 57544.0, 57826.0, 63979.0, 79017.0, 79026.0, 79901.0, 80146.0, 80210.0, 80336.0, 83872.0, 84059.0, 84932.0, 91703.0, 93100.0, 113220.0, 118491.0, 119391.0, 128866.0, 130589.0, 131034.0, 140885.0, 147138.0, 148811.0, 160728.0, 219681.0, 245973.0, 259217.0, 342372.0, 346007.0, 407008.0, 653689.0, 653857.0, 100499483.0 
GO:0005743 CC 6.66e-06 55/2111   404/29107 D05 mitochondrial inner membrane             291.0, 1159.0, 1160.0, 1384.0, 1543.0, 1591.0, 2021.0, 2232.0, 2537.0, 2806.0, 2820.0, 4509.0, 4512.0, 4513.0, 4535.0, 4536.0, 4537.0, 4539.0, 4710.0, 4711.0, 6150.0, 6389.0, 7818.0, 8604.0, 9801.0, 10229.0, 10367.0, 10469.0, 10884.0, 23530.0, 26517.0, 29074.0, 29078.0, 29957.0, 51081.0, 51300.0, 51522.0, 55173.0, 55210.0, 57017.0, 60488.0, 64963.0, 64978.0, 64983.0, 79085.0, 79944.0, 115209.0, 115286.0, 132001.0, 137682.0, 153328.0, 284723.0, 286097.0, 399512.0, 548596.0 
GO:0016021 CC 6.67e-06 348/2111  3536/29107 D03 integral component of membrane           267.0, 355.0, 368.0, 518.0, 533.0, 535.0, 537.0, 657.0, 685.0, 757.0, 942.0, 952.0, 975.0, 1005.0, 1141.0, 1185.0, 1534.0, 1687.0, 1798.0, 1823.0, 1824.0, 1828.0, 1896.0, 1954.0, 2132.0, 2137.0, 2182.0, 2217.0, 2327.0, 2328.0, 2532.0, 2537.0, 2587.0, 2686.0, 2844.0, 3108.0, 3109.0, 3140.0, 3454.0, 3459.0, 3588.0, 3598.0, 3737.0, 3745.0, 3746.0, 3748.0, 3749.0, 3750.0, 3752.0, 3765.0, 3787.0, 3897.0, 3903.0, 4121.0, 4166.0, 4249.0, 4257.0, 4481.0, 4509.0, 4513.0, 4804.0, 4986.0, 5002.0, 5169.0, 5172.0, 5244.0, 5618.0, 5826.0, 5961.0, 6048.0, 6259.0, 6404.0, 6480.0, 6489.0, 6505.0, 6545.0, 6557.0, 6584.0, 6892.0, 7048.0, 7095.0, 7305.0, 7306.0, 7494.0, 7841.0, 7903.0, 7940.0, 8269.0, 8459.0, 8567.0, 8578.0, 8604.0, 8675.0, 8704.0, 8739.0, 8744.0, 8995.0, 9023.0, 9217.0, 9340.0, 9488.0, 9554.0, 9673.0, 9687.0, 9777.0, 9780.0, 9884.0, 9900.0, 9906.0, 9911.0, 9917.0, 9927.0, 9936.0, 9966.0, 10079.0, 10184.0, 10257.0, 10280.0, 10299.0, 10317.0, 10345.0, 10384.0, 10385.0, 10410.0, 10424.0, 10457.0, 10463.0, 10554.0, 10558.0, 10712.0, 10745.0, 10863.0, 10990.0, 11024.0, 11118.0, 11119.0, 11122.0, 11230.0, 11237.0, 22853.0, 22856.0, 22859.0, 22986.0, 22987.0, 23017.0, 23200.0, 23274.0, 23359.0, 23432.0, 23460.0, 23463.0, 23471.0, 23530.0, 23544.0, 23585.0, 23731.0, 23786.0, 24141.0, 26002.0, 26032.0, 26035.0, 26470.0, 26507.0, 26762.0, 27087.0, 27181.0, 29103.0, 29906.0, 29957.0, 30061.0, 50651.0, 50838.0, 51232.0, 51246.0, 51257.0, 51300.0, 51338.0, 51363.0, 51478.0, 51522.0, 51754.0, 53829.0, 54538.0, 54543.0, 54674.0, 54798.0, 54847.0, 54914.0, 54916.0, 54947.0, 54972.0, 54982.0, 54991.0, 55007.0, 55080.0, 55117.0, 55210.0, 55315.0, 55332.0, 55353.0, 55379.0, 55780.0, 55831.0, 56548.0, 56851.0, 56894.0, 56937.0, 57084.0, 57106.0, 57146.0, 57156.0, 57185.0, 57393.0, 57452.0, 57463.0, 57468.0, 57512.0, 57535.0, 57537.0, 57540.0, 58475.0, 59307.0, 60437.0, 64131.0, 64132.0, 64231.0, 64420.0, 64430.0, 64478.0, 64581.0, 64747.0, 64764.0, 64788.0, 64805.0, 79053.0, 79057.0, 79064.0, 79085.0, 79157.0, 79369.0, 79570.0, 79794.0, 79827.0, 79844.0, 79901.0, 79939.0, 79944.0, 79966.0, 80045.0, 80144.0, 80146.0, 80228.0, 80270.0, 80704.0, 81035.0, 83445.0, 83661.0, 83723.0, 83742.0, 83787.0, 83857.0, 84002.0, 84059.0, 84063.0, 84168.0, 84548.0, 84620.0, 84868.0, 84900.0, 84975.0, 85455.0, 85465.0, 90273.0, 90993.0, 91179.0, 92255.0, 93492.0, 94101.0, 112609.0, 112755.0, 115209.0, 115286.0, 118987.0, 123606.0, 124842.0, 124925.0, 124976.0, 127833.0, 128414.0, 138799.0, 145173.0, 146167.0, 147184.0, 147670.0, 148808.0, 151056.0, 151393.0, 153328.0, 153339.0, 153579.0, 154197.0, 155066.0, 157693.0, 158326.0, 160728.0, 163702.0, 165679.0, 170575.0, 195814.0, 196264.0, 196500.0, 201305.0, 202052.0, 203197.0, 204219.0, 206358.0, 219972.0, 221477.0, 222553.0, 222662.0, 255027.0, 255104.0, 255275.0, 259294.0, 283420.0, 284723.0, 286046.0, 338707.0, 339983.0, 344805.0, 344905.0, 374395.0, 374819.0, 387804.0, 388512.0, 399512.0, 402778.0, 408050.0, 439921.0, 440435.0, 442117.0, 548645.0, 642987.0, 643853.0, 728661.0, 768211.0, 100101267.0, 100505876.0 
GO:0005737 CC 6.93e-06 485/2111  4681/29107 D02 cytoplasm                                48.0, 165.0, 199.0, 307.0, 311.0, 320.0, 347.0, 353.0, 378.0, 397.0, 409.0, 580.0, 695.0, 760.0, 767.0, 819.0, 823.0, 831.0, 840.0, 843.0, 889.0, 948.0, 958.0, 1021.0, 1122.0, 1314.0, 1601.0, 1652.0, 1653.0, 1687.0, 1729.0, 1850.0, 1933.0, 1956.0, 1964.0, 1968.0, 2011.0, 2017.0, 2068.0, 2125.0, 2182.0, 2250.0, 2255.0, 2256.0, 2258.0, 2309.0, 2475.0, 2487.0, 2539.0, 2784.0, 2805.0, 2931.0, 2932.0, 2947.0, 2948.0, 3069.0, 3145.0, 3150.0, 3176.0, 3394.0, 3551.0, 3664.0, 3716.0, 3795.0, 3838.0, 3845.0, 3858.0, 3964.0, 4008.0, 4092.0, 4094.0, 4130.0, 4137.0, 4191.0, 4478.0, 4494.0, 4495.0, 4496.0, 4521.0, 4668.0, 4671.0, 4735.0, 4745.0, 4752.0, 4796.0, 4820.0, 4831.0, 4940.0, 4952.0, 5002.0, 5058.0, 5087.0, 5244.0, 5269.0, 5286.0, 5289.0, 5291.0, 5295.0, 5297.0, 5306.0, 5311.0, 5333.0, 5336.0, 5393.0, 5464.0, 5502.0, 5524.0, 5526.0, 5529.0, 5532.0, 5566.0, 5570.0, 5578.0, 5580.0, 5583.0, 5586.0, 5592.0, 5595.0, 5603.0, 5611.0, 5635.0, 5705.0, 5723.0, 5742.0, 5784.0, 5836.0, 5915.0, 6102.0, 6124.0, 6135.0, 6189.0, 6196.0, 6203.0, 6205.0, 6259.0, 6281.0, 6284.0, 6300.0, 6311.0, 6443.0, 6584.0, 6606.0, 6642.0, 6732.0, 6751.0, 6799.0, 6812.0, 6850.0, 6870.0, 6904.0, 6992.0, 7010.0, 7011.0, 7030.0, 7099.0, 7174.0, 7175.0, 7306.0, 7332.0, 7360.0, 7443.0, 7461.0, 7494.0, 7531.0, 7781.0, 7802.0, 7940.0, 7941.0, 8195.0, 8228.0, 8266.0, 8317.0, 8412.0, 8476.0, 8500.0, 8544.0, 8565.0, 8567.0, 8569.0, 8629.0, 8650.0, 8675.0, 8711.0, 8777.0, 8790.0, 8877.0, 8878.0, 8935.0, 8994.0, 9098.0, 9104.0, 9107.0, 9108.0, 9141.0, 9175.0, 9217.0, 9240.0, 9325.0, 9352.0, 9392.0, 9419.0, 9425.0, 9468.0, 9501.0, 9520.0, 9568.0, 9572.0, 9585.0, 9665.0, 9870.0, 9887.0, 9894.0, 9905.0, 9915.0, 9984.0, 10000.0, 10008.0, 10043.0, 10044.0, 10197.0, 10209.0, 10233.0, 10325.0, 10391.0, 10450.0, 10461.0, 10464.0, 10579.0, 10614.0, 10651.0, 10658.0, 10667.0, 10753.0, 10776.0, 10788.0, 10841.0, 10929.0, 10983.0, 11043.0, 11157.0, 11165.0, 11170.0, 11171.0, 11215.0, 22848.0, 22849.0, 22880.0, 22884.0, 22891.0, 22924.0, 22949.0, 22952.0, 22983.0, 23007.0, 23089.0, 23170.0, 23189.0, 23234.0, 23255.0, 23318.0, 23322.0, 23339.0, 23367.0, 23421.0, 23428.0, 23475.0, 23499.0, 23533.0, 23558.0, 23566.0, 23582.0, 23593.0, 23600.0, 23633.0, 23729.0, 24139.0, 25820.0, 25832.0, 25862.0, 25895.0, 26256.0, 26258.0, 26268.0, 26999.0, 27124.0, 27143.0, 27175.0, 27183.0, 29780.0, 29899.0, 29904.0, 29995.0, 30061.0, 50488.0, 50853.0, 51016.0, 51020.0, 51074.0, 51175.0, 51247.0, 51341.0, 51397.0, 51454.0, 51473.0, 51701.0, 53340.0, 54221.0, 54472.0, 54491.0, 54550.0, 54583.0, 54715.0, 54737.0, 54765.0, 54800.0, 54970.0, 54981.0, 55036.0, 55066.0, 55124.0, 55128.0, 55171.0, 55191.0, 55215.0, 55249.0, 55251.0, 55325.0, 55332.0, 55342.0, 55613.0, 55614.0, 55664.0, 55742.0, 55764.0, 55768.0, 55775.0, 55779.0, 55781.0, 55796.0, 55805.0, 55835.0, 55917.0, 56155.0, 56163.0, 56203.0, 56474.0, 56603.0, 56776.0, 56938.0, 56950.0, 57091.0, 57393.0, 57446.0, 57460.0, 57540.0, 57602.0, 57626.0, 57664.0, 57707.0, 57718.0, 57787.0, 57826.0, 58517.0, 60491.0, 63826.0, 63901.0, 63979.0, 64581.0, 64780.0, 65109.0, 65244.0, 65979.0, 66036.0, 79026.0, 79068.0, 79442.0, 79705.0, 79716.0, 79781.0, 79801.0, 79858.0, 79876.0, 80146.0, 80150.0, 80179.0, 80206.0, 80210.0, 80212.0, 80325.0, 80705.0, 81551.0, 81704.0, 83547.0, 83549.0, 83660.0, 83742.0, 83861.0, 83939.0, 84059.0, 84073.0, 84224.0, 84288.0, 84790.0, 84908.0, 84926.0, 84930.0, 85459.0, 89122.0, 91010.0, 113220.0, 113246.0, 113878.0, 114804.0, 115294.0, 121214.0, 121952.0, 123803.0, 123872.0, 126433.0, 127003.0, 127943.0, 128866.0, 130589.0, 132671.0, 137902.0, 138715.0, 139596.0, 140469.0, 143570.0, 146713.0, 147138.0, 150094.0, 150379.0, 151393.0, 152015.0, 154197.0, 158067.0, 160492.0, 161725.0, 196541.0, 201176.0, 202243.0, 202500.0, 219621.0, 220869.0, 221477.0, 221937.0, 255027.0, 255119.0, 255239.0, 255275.0, 256949.0, 259217.0, 260425.0, 283455.0, 284565.0, 285025.0, 285386.0, 285590.0, 286077.0, 339983.0, 340120.0, 341019.0, 345557.0, 346007.0, 348093.0, 359845.0, 374969.0, 375748.0, 387119.0, 387694.0, 388121.0, 388324.0, 388419.0, 388677.0, 389072.0, 399818.0, 400966.0, 404672.0, 493829.0, 653689.0, 727851.0, 729857.0, 100130086.0, 102724428.0 
GO:0005886 CC 7.43e-06 452/2111  4487/29107 D03 plasma membrane                          88.0, 117.0, 132.0, 140.0, 154.0, 160.0, 163.0, 307.0, 320.0, 355.0, 357.0, 368.0, 378.0, 390.0, 409.0, 419.0, 486.0, 493.0, 535.0, 552.0, 657.0, 685.0, 695.0, 757.0, 760.0, 823.0, 889.0, 925.0, 942.0, 948.0, 952.0, 958.0, 963.0, 975.0, 1005.0, 1141.0, 1317.0, 1364.0, 1395.0, 1441.0, 1471.0, 1524.0, 1601.0, 1606.0, 1687.0, 1729.0, 1823.0, 1824.0, 1828.0, 1896.0, 1944.0, 1946.0, 1956.0, 2011.0, 2017.0, 2026.0, 2036.0, 2182.0, 2195.0, 2212.0, 2255.0, 2258.0, 2264.0, 2350.0, 2532.0, 2537.0, 2587.0, 2686.0, 2788.0, 2806.0, 2844.0, 2859.0, 2932.0, 2979.0, 3069.0, 3071.0, 3113.0, 3122.0, 3140.0, 3352.0, 3454.0, 3459.0, 3570.0, 3588.0, 3597.0, 3635.0, 3682.0, 3685.0, 3702.0, 3737.0, 3745.0, 3746.0, 3748.0, 3749.0, 3750.0, 3752.0, 3765.0, 3779.0, 3787.0, 3821.0, 3827.0, 3845.0, 3897.0, 3903.0, 3949.0, 4026.0, 4045.0, 4092.0, 4131.0, 4137.0, 4257.0, 4301.0, 4354.0, 4360.0, 4478.0, 4481.0, 4521.0, 4735.0, 4799.0, 4804.0, 4820.0, 4905.0, 4923.0, 4940.0, 4952.0, 4986.0, 4987.0, 5002.0, 5026.0, 5058.0, 5097.0, 5130.0, 5141.0, 5172.0, 5244.0, 5269.0, 5286.0, 5291.0, 5295.0, 5297.0, 5311.0, 5333.0, 5336.0, 5349.0, 5426.0, 5532.0, 5578.0, 5580.0, 5583.0, 5586.0, 5592.0, 5595.0, 5604.0, 5618.0, 5660.0, 5771.0, 5869.0, 5878.0, 5899.0, 5996.0, 6001.0, 6051.0, 6102.0, 6166.0, 6259.0, 6284.0, 6327.0, 6404.0, 6505.0, 6511.0, 6534.0, 6545.0, 6547.0, 6557.0, 6584.0, 6610.0, 6732.0, 6751.0, 6768.0, 6812.0, 6843.0, 6844.0, 6850.0, 6861.0, 6863.0, 6870.0, 7006.0, 7010.0, 7048.0, 7099.0, 7100.0, 7305.0, 7434.0, 7520.0, 7531.0, 7781.0, 8029.0, 8372.0, 8482.0, 8515.0, 8516.0, 8567.0, 8578.0, 8605.0, 8648.0, 8650.0, 8737.0, 8744.0, 8745.0, 8777.0, 8877.0, 8935.0, 8994.0, 8995.0, 9097.0, 9098.0, 9217.0, 9340.0, 9545.0, 9557.0, 9568.0, 9696.0, 9712.0, 9780.0, 9827.0, 9847.0, 9900.0, 9966.0, 10008.0, 10019.0, 10043.0, 10060.0, 10079.0, 10098.0, 10156.0, 10161.0, 10184.0, 10257.0, 10326.0, 10345.0, 10384.0, 10385.0, 10410.0, 10457.0, 10461.0, 10505.0, 10544.0, 10579.0, 10788.0, 10800.0, 10841.0, 10863.0, 10928.0, 10990.0, 11006.0, 11024.0, 11027.0, 11118.0, 11119.0, 11120.0, 11122.0, 11215.0, 11309.0, 11337.0, 22808.0, 22844.0, 22849.0, 22859.0, 22865.0, 22983.0, 22987.0, 23007.0, 23093.0, 23166.0, 23167.0, 23171.0, 23189.0, 23200.0, 23234.0, 23256.0, 23263.0, 23265.0, 23322.0, 23329.0, 23344.0, 23371.0, 23428.0, 23460.0, 23499.0, 23533.0, 23551.0, 23566.0, 23600.0, 23765.0, 23769.0, 24141.0, 26470.0, 26507.0, 27124.0, 27181.0, 27183.0, 29116.0, 29780.0, 30061.0, 50838.0, 50856.0, 51148.0, 51181.0, 51199.0, 51201.0, 51232.0, 51285.0, 51293.0, 51338.0, 51382.0, 51393.0, 51449.0, 51754.0, 53826.0, 53829.0, 53916.0, 54221.0, 54538.0, 54550.0, 54737.0, 54798.0, 54847.0, 54947.0, 55080.0, 55117.0, 55315.0, 55353.0, 55558.0, 55630.0, 55742.0, 55775.0, 55835.0, 56624.0, 56776.0, 56894.0, 56937.0, 57091.0, 57156.0, 57393.0, 57468.0, 57492.0, 57512.0, 57535.0, 57555.0, 57664.0, 57761.0, 57826.0, 59283.0, 59284.0, 59307.0, 60437.0, 63826.0, 64106.0, 64283.0, 64581.0, 64780.0, 64805.0, 64837.0, 79026.0, 79057.0, 79068.0, 79570.0, 79778.0, 79827.0, 79901.0, 80036.0, 80144.0, 80243.0, 80325.0, 80328.0, 80704.0, 81035.0, 81793.0, 81796.0, 83445.0, 83660.0, 83661.0, 83742.0, 84059.0, 84063.0, 84079.0, 84106.0, 84168.0, 84210.0, 84443.0, 84932.0, 84975.0, 85415.0, 85455.0, 85459.0, 89122.0, 91010.0, 91653.0, 92255.0, 93492.0, 112609.0, 112755.0, 114804.0, 116372.0, 118426.0, 121665.0, 123606.0, 123872.0, 124925.0, 124976.0, 127833.0, 128414.0, 128674.0, 129401.0, 131034.0, 138799.0, 140885.0, 142684.0, 147179.0, 151056.0, 153579.0, 160728.0, 161253.0, 163702.0, 195814.0, 196264.0, 196500.0, 200958.0, 206358.0, 221477.0, 222662.0, 259294.0, 260425.0, 283455.0, 284348.0, 285513.0, 286046.0, 339390.0, 341350.0, 342372.0, 344805.0, 344905.0, 374395.0, 387804.0, 388121.0, 388419.0, 389072.0, 402778.0, 440435.0, 729359.0, 729873.0, 768211.0 
GO:0000139 CC 8.01e-06 73/2111   587/29107 D05 Golgi membrane                           390.0, 757.0, 1314.0, 1956.0, 2132.0, 2475.0, 3113.0, 3122.0, 3140.0, 3838.0, 3845.0, 4121.0, 4166.0, 4249.0, 6480.0, 6489.0, 6892.0, 7903.0, 7940.0, 8459.0, 8675.0, 8704.0, 9276.0, 9554.0, 9827.0, 9917.0, 9980.0, 10198.0, 10317.0, 10329.0, 10841.0, 11237.0, 11337.0, 22856.0, 22883.0, 23256.0, 23443.0, 23460.0, 25839.0, 26035.0, 26056.0, 26286.0, 27087.0, 29906.0, 51201.0, 51363.0, 51399.0, 54947.0, 54972.0, 55080.0, 55454.0, 55697.0, 56548.0, 56624.0, 56894.0, 56937.0, 57452.0, 64131.0, 64132.0, 79369.0, 79794.0, 83723.0, 84002.0, 84620.0, 84932.0, 93492.0, 130340.0, 153339.0, 158866.0, 170575.0, 200576.0, 221477.0, 442117.0 
GO:0005634 CC 8.09e-06 478/2111  5367/29107 D05 nucleus                                  132.0, 154.0, 165.0, 191.0, 199.0, 267.0, 307.0, 320.0, 409.0, 427.0, 501.0, 563.0, 580.0, 695.0, 840.0, 952.0, 1021.0, 1025.0, 1050.0, 1062.0, 1122.0, 1161.0, 1389.0, 1431.0, 1653.0, 1666.0, 1677.0, 1729.0, 1789.0, 1850.0, 1954.0, 1956.0, 2021.0, 2068.0, 2195.0, 2255.0, 2256.0, 2258.0, 2309.0, 2475.0, 2539.0, 2553.0, 2794.0, 2805.0, 2931.0, 2932.0, 2947.0, 3005.0, 3006.0, 3007.0, 3015.0, 3069.0, 3146.0, 3150.0, 3394.0, 3419.0, 3551.0, 3607.0, 3664.0, 3702.0, 3716.0, 3838.0, 3858.0, 4008.0, 4026.0, 4092.0, 4094.0, 4137.0, 4175.0, 4191.0, 4204.0, 4257.0, 4478.0, 4494.0, 4495.0, 4496.0, 4521.0, 4683.0, 4735.0, 4736.0, 4752.0, 4799.0, 4820.0, 4831.0, 4862.0, 4952.0, 4967.0, 4998.0, 5081.0, 5087.0, 5089.0, 5090.0, 5130.0, 5141.0, 5160.0, 5213.0, 5291.0, 5295.0, 5306.0, 5356.0, 5366.0, 5393.0, 5426.0, 5524.0, 5526.0, 5528.0, 5529.0, 5566.0, 5570.0, 5580.0, 5586.0, 5595.0, 5603.0, 5604.0, 5607.0, 5693.0, 5705.0, 5708.0, 5784.0, 5915.0, 5925.0, 5929.0, 5980.0, 6001.0, 6124.0, 6134.0, 6137.0, 6166.0, 6168.0, 6187.0, 6189.0, 6194.0, 6196.0, 6203.0, 6229.0, 6259.0, 6284.0, 6300.0, 6502.0, 6606.0, 6632.0, 6649.0, 6732.0, 6832.0, 6850.0, 6870.0, 6880.0, 6886.0, 6920.0, 6992.0, 7014.0, 7030.0, 7175.0, 7332.0, 7360.0, 7374.0, 7443.0, 7461.0, 7494.0, 7520.0, 7531.0, 7552.0, 7564.0, 7652.0, 7691.0, 7701.0, 7703.0, 7718.0, 7757.0, 7760.0, 7761.0, 7764.0, 7767.0, 7769.0, 7772.0, 7799.0, 8086.0, 8089.0, 8195.0, 8220.0, 8237.0, 8263.0, 8266.0, 8293.0, 8317.0, 8361.0, 8362.0, 8365.0, 8538.0, 8544.0, 8569.0, 8629.0, 8648.0, 8650.0, 8877.0, 8927.0, 8994.0, 9025.0, 9054.0, 9097.0, 9104.0, 9141.0, 9325.0, 9352.0, 9425.0, 9442.0, 9520.0, 9524.0, 9557.0, 9572.0, 9576.0, 9585.0, 9722.0, 9785.0, 9801.0, 9831.0, 9887.0, 9894.0, 9915.0, 9984.0, 10000.0, 10036.0, 10197.0, 10209.0, 10229.0, 10270.0, 10325.0, 10450.0, 10463.0, 10464.0, 10474.0, 10591.0, 10614.0, 10658.0, 10716.0, 10793.0, 10901.0, 10928.0, 10973.0, 10983.0, 11097.0, 11157.0, 11165.0, 11170.0, 11171.0, 11179.0, 11214.0, 11281.0, 22803.0, 22843.0, 22849.0, 22864.0, 22880.0, 22883.0, 22884.0, 22903.0, 23028.0, 23066.0, 23093.0, 23099.0, 23125.0, 23170.0, 23189.0, 23234.0, 23300.0, 23408.0, 23421.0, 23533.0, 23558.0, 23582.0, 23633.0, 23660.0, 23786.0, 25820.0, 25953.0, 26007.0, 26150.0, 26256.0, 26999.0, 27175.0, 27183.0, 27185.0, 28970.0, 29855.0, 29994.0, 29995.0, 30813.0, 51096.0, 51112.0, 51149.0, 51157.0, 51181.0, 51341.0, 51351.0, 51427.0, 51690.0, 51701.0, 51754.0, 51808.0, 54014.0, 54494.0, 54555.0, 54583.0, 54715.0, 54737.0, 54780.0, 54807.0, 54845.0, 54856.0, 54908.0, 55110.0, 55124.0, 55128.0, 55170.0, 55174.0, 55249.0, 55325.0, 55342.0, 55552.0, 55742.0, 55768.0, 55769.0, 55775.0, 55781.0, 55835.0, 56163.0, 56256.0, 56257.0, 56776.0, 56938.0, 56948.0, 56950.0, 57050.0, 57106.0, 57116.0, 57405.0, 57460.0, 57541.0, 57593.0, 57602.0, 57615.0, 57713.0, 57721.0, 57761.0, 59343.0, 60491.0, 63901.0, 63979.0, 64288.0, 64320.0, 64359.0, 64764.0, 64789.0, 64848.0, 65109.0, 79003.0, 79026.0, 79068.0, 79230.0, 79364.0, 79622.0, 79673.0, 79716.0, 79780.0, 79858.0, 79876.0, 79943.0, 79968.0, 80063.0, 80150.0, 80336.0, 81789.0, 81931.0, 83637.0, 83742.0, 83744.0, 83752.0, 84072.0, 84078.0, 84084.0, 84107.0, 84436.0, 84441.0, 84498.0, 84515.0, 84678.0, 84790.0, 84874.0, 84914.0, 84930.0, 84950.0, 85012.0, 85313.0, 85453.0, 90121.0, 90333.0, 90529.0, 90594.0, 90874.0, 90987.0, 90993.0, 91107.0, 91156.0, 93134.0, 93492.0, 112755.0, 113510.0, 113835.0, 114804.0, 116113.0, 118924.0, 123803.0, 124359.0, 125893.0, 126074.0, 126526.0, 128312.0, 128866.0, 133522.0, 134510.0, 136051.0, 137682.0, 138715.0, 139735.0, 140597.0, 140612.0, 143570.0, 144811.0, 146050.0, 146713.0, 147687.0, 147694.0, 147947.0, 148206.0, 150094.0, 151126.0, 158431.0, 161725.0, 162655.0, 162968.0, 162993.0, 164684.0, 169841.0, 170261.0, 195814.0, 196541.0, 201973.0, 219578.0, 221092.0, 221692.0, 221937.0, 255119.0, 255239.0, 256309.0, 259217.0, 260425.0, 282890.0, 283385.0, 284058.0, 317781.0, 339488.0, 340120.0, 342357.0, 342908.0, 345462.0, 375748.0, 388324.0, 388523.0, 388610.0, 390927.0, 399818.0, 401541.0, 440097.0, 642636.0, 730087.0, 731220.0, 100130086.0, 100885848.0 
GO:0005829 CC 8.28e-06 573/2111  5294/29107 D02 cytosol                                  31.0, 48.0, 88.0, 132.0, 160.0, 163.0, 191.0, 199.0, 267.0, 311.0, 320.0, 353.0, 355.0, 378.0, 397.0, 409.0, 501.0, 535.0, 547.0, 599.0, 635.0, 695.0, 760.0, 823.0, 831.0, 840.0, 843.0, 1021.0, 1036.0, 1062.0, 1119.0, 1122.0, 1314.0, 1384.0, 1601.0, 1606.0, 1653.0, 1666.0, 1677.0, 1687.0, 1729.0, 1795.0, 1828.0, 1850.0, 1933.0, 1964.0, 1968.0, 1982.0, 2017.0, 2021.0, 2026.0, 2036.0, 2068.0, 2125.0, 2258.0, 2309.0, 2475.0, 2539.0, 2620.0, 2778.0, 2784.0, 2805.0, 2931.0, 2932.0, 2947.0, 2948.0, 3069.0, 3071.0, 3073.0, 3098.0, 3145.0, 3176.0, 3394.0, 3551.0, 3606.0, 3635.0, 3664.0, 3685.0, 3702.0, 3716.0, 3795.0, 3838.0, 3845.0, 3858.0, 3964.0, 4008.0, 4026.0, 4045.0, 4092.0, 4121.0, 4130.0, 4131.0, 4137.0, 4204.0, 4301.0, 4478.0, 4481.0, 4521.0, 4606.0, 4683.0, 4703.0, 4736.0, 4799.0, 4804.0, 4831.0, 4862.0, 4898.0, 4905.0, 4940.0, 4952.0, 4986.0, 4998.0, 5026.0, 5053.0, 5058.0, 5096.0, 5106.0, 5130.0, 5137.0, 5141.0, 5198.0, 5207.0, 5213.0, 5239.0, 5244.0, 5264.0, 5269.0, 5286.0, 5289.0, 5291.0, 5295.0, 5297.0, 5306.0, 5336.0, 5366.0, 5393.0, 5464.0, 5522.0, 5526.0, 5528.0, 5529.0, 5532.0, 5566.0, 5578.0, 5580.0, 5583.0, 5586.0, 5592.0, 5595.0, 5603.0, 5604.0, 5607.0, 5611.0, 5693.0, 5705.0, 5708.0, 5711.0, 5723.0, 5771.0, 5836.0, 5877.0, 5925.0, 5934.0, 5996.0, 6001.0, 6124.0, 6134.0, 6135.0, 6137.0, 6144.0, 6158.0, 6161.0, 6164.0, 6166.0, 6168.0, 6181.0, 6187.0, 6189.0, 6191.0, 6193.0, 6194.0, 6196.0, 6203.0, 6205.0, 6217.0, 6224.0, 6228.0, 6229.0, 6231.0, 6234.0, 6284.0, 6300.0, 6311.0, 6468.0, 6502.0, 6584.0, 6606.0, 6611.0, 6632.0, 6642.0, 6652.0, 6732.0, 6799.0, 6812.0, 6843.0, 6844.0, 6850.0, 7006.0, 7030.0, 7048.0, 7174.0, 7273.0, 7332.0, 7360.0, 7407.0, 7443.0, 7520.0, 7531.0, 7706.0, 8029.0, 8030.0, 8086.0, 8195.0, 8226.0, 8228.0, 8237.0, 8266.0, 8293.0, 8458.0, 8476.0, 8500.0, 8538.0, 8544.0, 8565.0, 8567.0, 8569.0, 8574.0, 8605.0, 8618.0, 8648.0, 8672.0, 8675.0, 8737.0, 8790.0, 8833.0, 8867.0, 8877.0, 8878.0, 8916.0, 8935.0, 8994.0, 8996.0, 9023.0, 9025.0, 9054.0, 9097.0, 9104.0, 9107.0, 9108.0, 9141.0, 9240.0, 9276.0, 9325.0, 9352.0, 9361.0, 9410.0, 9442.0, 9520.0, 9557.0, 9585.0, 9631.0, 9696.0, 9712.0, 9722.0, 9827.0, 9847.0, 9870.0, 9887.0, 9894.0, 9912.0, 9927.0, 9980.0, 10015.0, 10019.0, 10043.0, 10073.0, 10156.0, 10197.0, 10233.0, 10280.0, 10325.0, 10345.0, 10450.0, 10451.0, 10483.0, 10542.0, 10579.0, 10591.0, 10788.0, 10841.0, 10901.0, 10928.0, 10929.0, 10965.0, 10973.0, 10980.0, 11097.0, 11128.0, 11157.0, 11165.0, 11171.0, 11190.0, 11214.0, 11215.0, 11336.0, 11337.0, 22844.0, 22848.0, 22849.0, 22853.0, 22880.0, 22895.0, 22898.0, 22903.0, 22920.0, 22989.0, 23066.0, 23089.0, 23093.0, 23102.0, 23154.0, 23167.0, 23171.0, 23194.0, 23234.0, 23256.0, 23262.0, 23263.0, 23265.0, 23274.0, 23318.0, 23322.0, 23329.0, 23408.0, 23421.0, 23475.0, 23533.0, 23600.0, 23608.0, 23683.0, 23729.0, 23743.0, 24149.0, 25820.0, 25839.0, 25895.0, 26007.0, 26230.0, 26256.0, 26258.0, 26268.0, 26286.0, 26586.0, 26999.0, 27124.0, 27143.0, 27154.0, 27175.0, 27183.0, 27185.0, 27229.0, 29116.0, 29780.0, 29899.0, 29904.0, 30061.0, 50488.0, 51054.0, 51074.0, 51084.0, 51099.0, 51112.0, 51171.0, 51257.0, 51324.0, 51382.0, 51399.0, 51473.0, 51562.0, 51594.0, 51665.0, 51690.0, 51701.0, 51808.0, 54014.0, 54458.0, 54466.0, 54472.0, 54583.0, 54737.0, 54885.0, 54908.0, 54957.0, 54981.0, 55008.0, 55055.0, 55128.0, 55191.0, 55215.0, 55275.0, 55303.0, 55613.0, 55614.0, 55664.0, 55670.0, 55697.0, 55718.0, 55742.0, 55748.0, 55768.0, 55781.0, 55835.0, 56474.0, 56776.0, 56922.0, 56950.0, 56954.0, 57176.0, 57405.0, 57407.0, 57492.0, 57602.0, 57696.0, 57706.0, 57707.0, 57713.0, 57718.0, 57761.0, 57787.0, 57826.0, 58485.0, 58488.0, 59343.0, 63826.0, 63939.0, 64283.0, 64320.0, 64359.0, 64397.0, 64708.0, 64759.0, 64780.0, 64789.0, 64837.0, 65109.0, 65244.0, 66036.0, 79003.0, 79017.0, 79026.0, 79068.0, 79622.0, 79705.0, 79731.0, 79778.0, 79825.0, 79876.0, 79902.0, 80150.0, 80179.0, 80216.0, 80243.0, 80325.0, 80336.0, 80709.0, 80765.0, 81609.0, 81617.0, 81704.0, 83547.0, 83549.0, 83592.0, 83752.0, 83988.0, 84078.0, 84079.0, 84084.0, 84172.0, 84515.0, 84618.0, 84727.0, 84961.0, 85302.0, 85313.0, 85415.0, 85459.0, 89122.0, 90135.0, 91010.0, 91107.0, 91703.0, 92369.0, 92749.0, 93100.0, 93426.0, 93492.0, 95681.0, 112755.0, 113675.0, 114294.0, 114757.0, 114884.0, 116028.0, 118460.0, 119391.0, 121952.0, 122416.0, 123872.0, 126433.0, 128312.0, 128866.0, 129401.0, 130340.0, 130916.0, 133522.0, 137492.0, 139596.0, 139818.0, 140838.0, 147179.0, 150379.0, 150726.0, 151393.0, 152137.0, 152206.0, 158067.0, 161725.0, 161823.0, 162466.0, 171568.0, 196541.0, 200035.0, 200576.0, 201176.0, 201456.0, 221143.0, 221692.0, 245973.0, 246330.0, 253714.0, 259173.0, 282969.0, 283455.0, 284076.0, 339829.0, 342667.0, 345275.0, 375337.0, 387893.0, 388121.0, 388552.0, 399818.0, 401541.0, 440073.0, 440145.0, 641371.0, 643246.0, 644943.0, 653689.0, 653784.0, 729359.0, 729438.0, 100885848.0 
GO:0032809 CC 1.54e-05 10/2111    28/29107 D03 neuronal cell body membrane              1524.0, 3737.0, 3745.0, 3746.0, 3748.0, 3749.0, 6870.0, 10008.0, 23769.0, 57463.0 
GO:0005887 CC 2.28e-05 144/2111  1403/29107 D04 integral component of plasma membrane    117.0, 140.0, 154.0, 291.0, 493.0, 552.0, 925.0, 948.0, 958.0, 963.0, 975.0, 1140.0, 1141.0, 1317.0, 1364.0, 1395.0, 1441.0, 1524.0, 1896.0, 1956.0, 2195.0, 2212.0, 2264.0, 2587.0, 2857.0, 2859.0, 3071.0, 3113.0, 3122.0, 3352.0, 3454.0, 3459.0, 3685.0, 3737.0, 3821.0, 3949.0, 4065.0, 4360.0, 4481.0, 4804.0, 4923.0, 4986.0, 4987.0, 5026.0, 5097.0, 5172.0, 5244.0, 5311.0, 5349.0, 5961.0, 5995.0, 6259.0, 6302.0, 6335.0, 6404.0, 6443.0, 6505.0, 6511.0, 6534.0, 6547.0, 6610.0, 6751.0, 6768.0, 6843.0, 6844.0, 6870.0, 7010.0, 7048.0, 7075.0, 7099.0, 7100.0, 7102.0, 7305.0, 7434.0, 7781.0, 8482.0, 8745.0, 9290.0, 9568.0, 9966.0, 10098.0, 10161.0, 10261.0, 10326.0, 10329.0, 10457.0, 10461.0, 10500.0, 10505.0, 10544.0, 10682.0, 10718.0, 10800.0, 11027.0, 11120.0, 11122.0, 11309.0, 22853.0, 22859.0, 23166.0, 23428.0, 23566.0, 23765.0, 23769.0, 30061.0, 50856.0, 51201.0, 51280.0, 51293.0, 51393.0, 55117.0, 55558.0, 55630.0, 56097.0, 56098.0, 56114.0, 56128.0, 56624.0, 57468.0, 57488.0, 57535.0, 57537.0, 57555.0, 64106.0, 80036.0, 81793.0, 81796.0, 83850.0, 84063.0, 90139.0, 91653.0, 92211.0, 117531.0, 126755.0, 127943.0, 128674.0, 140885.0, 147138.0, 219527.0, 255022.0, 339390.0, 388662.0, 441168.0, 441631.0 
GO:0005759 CC 2.34e-05 51/2111   381/29107 D05 mitochondrial matrix                     501.0, 1431.0, 1666.0, 1737.0, 2110.0, 2232.0, 2309.0, 2806.0, 3419.0, 3421.0, 4191.0, 4200.0, 4521.0, 4967.0, 5096.0, 5106.0, 5160.0, 5165.0, 5166.0, 6832.0, 8192.0, 8802.0, 9054.0, 9361.0, 10102.0, 10469.0, 10667.0, 10965.0, 11112.0, 23395.0, 23408.0, 26024.0, 26995.0, 51657.0, 55066.0, 56922.0, 57128.0, 57546.0, 64064.0, 79731.0, 80222.0, 80298.0, 84340.0, 84706.0, 84869.0, 112817.0, 130916.0, 160760.0, 201973.0, 339983.0, 728294.0 
GO:0010008 CC 2.51e-05 35/2111   227/29107 D06 endosome membrane                        154.0, 533.0, 535.0, 537.0, 1185.0, 1509.0, 1956.0, 2217.0, 3113.0, 3949.0, 4360.0, 6642.0, 7099.0, 7306.0, 8029.0, 8650.0, 8737.0, 11230.0, 23154.0, 23527.0, 24141.0, 27072.0, 27183.0, 51257.0, 51293.0, 51324.0, 55275.0, 55697.0, 56937.0, 79844.0, 84168.0, 124976.0, 137492.0, 155066.0, 200576.0 
GO:0015935 CC 2.76e-05  8/2111    19/29107 D04 small ribosomal subunit                  6191.0, 6194.0, 6203.0, 6217.0, 6224.0, 6229.0, 6231.0, 6234.0 
GO:0022625 CC 3.40e-05 14/2111    56/29107 D05 cytosolic large ribosomal subunit        4736.0, 6124.0, 6134.0, 6135.0, 6137.0, 6144.0, 6158.0, 6161.0, 6164.0, 6166.0, 6168.0, 6181.0, 116832.0, 285855.0 
GO:0005925 CC 3.66e-05 54/2111   418/29107 D05 focal adhesion                           88.0, 390.0, 823.0, 975.0, 1601.0, 1956.0, 2017.0, 2195.0, 3685.0, 3716.0, 3845.0, 3897.0, 4008.0, 4026.0, 4478.0, 4736.0, 5058.0, 5239.0, 5244.0, 5297.0, 5595.0, 5604.0, 6124.0, 6168.0, 6181.0, 6187.0, 6189.0, 6191.0, 6193.0, 6203.0, 6205.0, 6217.0, 7010.0, 7531.0, 8412.0, 8500.0, 8516.0, 8650.0, 8675.0, 8994.0, 10015.0, 10391.0, 10544.0, 11170.0, 23371.0, 23769.0, 29780.0, 54914.0, 55742.0, 57091.0, 64759.0, 79026.0, 83660.0, 91179.0 
GO:0005765 CC 1.02e-04 44/2111   331/29107 D07 lysosomal membrane                       533.0, 535.0, 1185.0, 1291.0, 1441.0, 1509.0, 1534.0, 1601.0, 2475.0, 3108.0, 3109.0, 3113.0, 3122.0, 4905.0, 5660.0, 5826.0, 5878.0, 7781.0, 8029.0, 8546.0, 10325.0, 10410.0, 10542.0, 23339.0, 24141.0, 27072.0, 29919.0, 51257.0, 51382.0, 55315.0, 55332.0, 55353.0, 55686.0, 57535.0, 57707.0, 64747.0, 64837.0, 79026.0, 79901.0, 83547.0, 130340.0, 155066.0, 206358.0, 245973.0 
GO:0005654 CC 1.49e-04 334/2111  3805/29107 D02 nucleoplasm                              132.0, 311.0, 353.0, 368.0, 409.0, 580.0, 607.0, 840.0, 1021.0, 1025.0, 1050.0, 1062.0, 1122.0, 1161.0, 1591.0, 1653.0, 1666.0, 1677.0, 1789.0, 2011.0, 2068.0, 2104.0, 2309.0, 2475.0, 2553.0, 2587.0, 2805.0, 2932.0, 2975.0, 3005.0, 3146.0, 3150.0, 3176.0, 3394.0, 3607.0, 3664.0, 3838.0, 4013.0, 4092.0, 4175.0, 4204.0, 4301.0, 4331.0, 4335.0, 4683.0, 4710.0, 4711.0, 4735.0, 4796.0, 4799.0, 4804.0, 4862.0, 4940.0, 4986.0, 4998.0, 5058.0, 5087.0, 5097.0, 5141.0, 5244.0, 5286.0, 5291.0, 5356.0, 5393.0, 5426.0, 5524.0, 5528.0, 5532.0, 5566.0, 5578.0, 5580.0, 5586.0, 5595.0, 5693.0, 5705.0, 5708.0, 5711.0, 5771.0, 5784.0, 5822.0, 5915.0, 5925.0, 5929.0, 5934.0, 5980.0, 6102.0, 6119.0, 6135.0, 6187.0, 6189.0, 6191.0, 6193.0, 6194.0, 6196.0, 6203.0, 6205.0, 6217.0, 6224.0, 6228.0, 6229.0, 6231.0, 6234.0, 6284.0, 6300.0, 6502.0, 6601.0, 6606.0, 6631.0, 6632.0, 6732.0, 6812.0, 6838.0, 6880.0, 6884.0, 6886.0, 7014.0, 7030.0, 7174.0, 7175.0, 7332.0, 7374.0, 7443.0, 7494.0, 7520.0, 7564.0, 7703.0, 7706.0, 7764.0, 7767.0, 7799.0, 7818.0, 8086.0, 8089.0, 8237.0, 8266.0, 8317.0, 8361.0, 8362.0, 8365.0, 8451.0, 8538.0, 8544.0, 8569.0, 8605.0, 8648.0, 8704.0, 8878.0, 8935.0, 8994.0, 9015.0, 9025.0, 9054.0, 9240.0, 9284.0, 9325.0, 9329.0, 9361.0, 9410.0, 9442.0, 9443.0, 9557.0, 9572.0, 9585.0, 9687.0, 9785.0, 9915.0, 9917.0, 9984.0, 10102.0, 10197.0, 10220.0, 10270.0, 10329.0, 10450.0, 10474.0, 10579.0, 10614.0, 10658.0, 10776.0, 10929.0, 10973.0, 10980.0, 11097.0, 11128.0, 11157.0, 22803.0, 22843.0, 22849.0, 22880.0, 23028.0, 23089.0, 23234.0, 23248.0, 23283.0, 23322.0, 23326.0, 23421.0, 23460.0, 23514.0, 23582.0, 23633.0, 23683.0, 24149.0, 25862.0, 25885.0, 25895.0, 26094.0, 26256.0, 28970.0, 29855.0, 29995.0, 30061.0, 51096.0, 51099.0, 51112.0, 51149.0, 51157.0, 51199.0, 51300.0, 51397.0, 51400.0, 51473.0, 51562.0, 51690.0, 51701.0, 51808.0, 54014.0, 54221.0, 54458.0, 54466.0, 54494.0, 54555.0, 54737.0, 54780.0, 54845.0, 54856.0, 54913.0, 54957.0, 55008.0, 55110.0, 55128.0, 55149.0, 55170.0, 55174.0, 55215.0, 55249.0, 55718.0, 55748.0, 55775.0, 55781.0, 55796.0, 55835.0, 56938.0, 56950.0, 57050.0, 57407.0, 57460.0, 57492.0, 57602.0, 57654.0, 57696.0, 57706.0, 57707.0, 57713.0, 57721.0, 57761.0, 59343.0, 63901.0, 63939.0, 64708.0, 64764.0, 64789.0, 64837.0, 65109.0, 65260.0, 79068.0, 79622.0, 79685.0, 79731.0, 79858.0, 79902.0, 80013.0, 80212.0, 80709.0, 81609.0, 83444.0, 83637.0, 83699.0, 84172.0, 84441.0, 84515.0, 84614.0, 84678.0, 84930.0, 84950.0, 85313.0, 93426.0, 112950.0, 113878.0, 116028.0, 116447.0, 117246.0, 118460.0, 126526.0, 128312.0, 129401.0, 133522.0, 134510.0, 137492.0, 139596.0, 143570.0, 147179.0, 152206.0, 171568.0, 201254.0, 221092.0, 221711.0, 221937.0, 253714.0, 253769.0, 284058.0, 387893.0, 388121.0, 388324.0, 399818.0, 401541.0, 404672.0, 440073.0, 440348.0, 642778.0, 653689.0, 653784.0, 728741.0, 102724159.0 
GO:0005811 CC 1.68e-04 18/2111    96/29107 D05 lipid droplet                            1896.0, 2182.0, 4047.0, 5878.0, 8228.0, 8605.0, 10280.0, 26157.0, 51099.0, 54947.0, 57146.0, 63874.0, 80270.0, 150379.0, 195814.0, 345275.0, 497661.0, 729359.0 
GO:0005874 CC 1.72e-04 40/2111   298/29107 D06 microtubule                              357.0, 547.0, 1062.0, 1769.0, 2258.0, 2931.0, 4130.0, 4131.0, 4137.0, 6547.0, 6904.0, 8867.0, 9576.0, 9585.0, 11043.0, 11337.0, 23093.0, 23095.0, 23499.0, 24139.0, 26586.0, 27175.0, 27185.0, 27229.0, 51175.0, 51473.0, 55346.0, 55614.0, 55835.0, 64837.0, 80258.0, 80709.0, 84790.0, 113220.0, 127602.0, 146754.0, 196385.0, 284076.0, 341019.0, 643246.0 
GO:0031902 CC 1.84e-04 22/2111   127/29107 D07 late endosome membrane                   3108.0, 3109.0, 3122.0, 3140.0, 6505.0, 7781.0, 10410.0, 23339.0, 24141.0, 27072.0, 27183.0, 29919.0, 55315.0, 55353.0, 55686.0, 55697.0, 57535.0, 83547.0, 128866.0, 137492.0, 200576.0, 338382.0 
GO:0031514 CC 2.50e-04 18/2111    99/29107 D05 motile cilium                            5311.0, 6652.0, 7802.0, 8195.0, 26074.0, 26256.0, 26762.0, 53340.0, 55779.0, 64064.0, 79740.0, 79781.0, 84288.0, 85478.0, 89876.0, 92749.0, 146754.0, 152015.0 
GO:0005815 CC 3.23e-04 18/2111   101/29107 D02 microtubule organizing center            1729.0, 5058.0, 5604.0, 10015.0, 10129.0, 10579.0, 11190.0, 11215.0, 22924.0, 23170.0, 23265.0, 51473.0, 54908.0, 57787.0, 112755.0, 254102.0, 346007.0, 644943.0 
GO:0008021 CC 3.32e-04 21/2111   125/29107 D09 synaptic vesicle                         320.0, 547.0, 4735.0, 6844.0, 7781.0, 8224.0, 8927.0, 9545.0, 9554.0, 9892.0, 9900.0, 9922.0, 22895.0, 22987.0, 23095.0, 23335.0, 27185.0, 51399.0, 112755.0, 142684.0, 388662.0 
GO:0043204 CC 5.41e-04 24/2111   158/29107 D02 perikaryon                               199.0, 2021.0, 2026.0, 2806.0, 3737.0, 3745.0, 3748.0, 4131.0, 4804.0, 4923.0, 4986.0, 5274.0, 6505.0, 6547.0, 6606.0, 8516.0, 10008.0, 10505.0, 23154.0, 26230.0, 54800.0, 57463.0, 57537.0, 146713.0 
GO:0030667 CC 5.73e-04 17/2111    97/29107 D06 secretory granule membrane               535.0, 952.0, 1729.0, 2212.0, 3071.0, 5269.0, 5869.0, 6844.0, 7305.0, 9501.0, 10326.0, 10788.0, 11336.0, 26002.0, 53916.0, 84443.0, 374395.0 
GO:0009897 CC 6.11e-04 38/2111   295/29107 D03 external side of plasma membrane         355.0, 563.0, 657.0, 925.0, 942.0, 948.0, 958.0, 1141.0, 1441.0, 1524.0, 2217.0, 3140.0, 3570.0, 3597.0, 3598.0, 3682.0, 3685.0, 3949.0, 4065.0, 4481.0, 5169.0, 5618.0, 7048.0, 7099.0, 8482.0, 9936.0, 10384.0, 10385.0, 11118.0, 11119.0, 11120.0, 53340.0, 64805.0, 80328.0, 80741.0, 84168.0, 117531.0, 153579.0 
GO:0097729 CC 6.13e-04  6/2111    16/29107 D06 9+2 motile cilium                        7802.0, 9696.0, 80217.0, 158067.0, 219670.0, 339829.0 
GO:0005856 CC 6.30e-04 48/2111   401/29107 D05 cytoskeleton                             88.0, 357.0, 390.0, 397.0, 889.0, 1896.0, 2017.0, 2036.0, 3635.0, 3716.0, 3748.0, 4478.0, 5595.0, 5784.0, 6443.0, 6812.0, 7006.0, 8030.0, 8476.0, 10463.0, 22844.0, 22983.0, 23189.0, 23255.0, 23499.0, 26128.0, 26256.0, 29116.0, 29766.0, 54221.0, 55779.0, 56203.0, 57091.0, 57626.0, 79781.0, 80206.0, 83742.0, 83861.0, 84288.0, 84443.0, 85459.0, 114884.0, 127003.0, 202500.0, 256309.0, 256949.0, 283726.0, 374969.0 
GO:0043231 CC 7.32e-04 88/2111   846/29107 D04 intracellular membrane-bounded organelle 117.0, 313.0, 493.0, 535.0, 958.0, 1050.0, 1185.0, 1543.0, 1601.0, 1737.0, 1798.0, 1896.0, 2017.0, 2328.0, 2539.0, 3073.0, 3108.0, 3109.0, 3113.0, 3607.0, 4200.0, 4820.0, 4940.0, 5097.0, 5286.0, 5291.0, 5446.0, 5660.0, 5742.0, 5869.0, 6642.0, 6844.0, 8675.0, 8704.0, 8877.0, 8878.0, 9392.0, 9665.0, 9922.0, 10015.0, 10220.0, 10614.0, 22891.0, 22952.0, 22989.0, 23007.0, 23193.0, 23283.0, 23460.0, 23600.0, 26056.0, 26507.0, 27087.0, 51099.0, 51324.0, 54520.0, 54982.0, 55149.0, 55275.0, 55315.0, 55697.0, 55775.0, 56937.0, 57706.0, 57713.0, 79068.0, 79442.0, 79443.0, 79705.0, 79876.0, 80212.0, 80709.0, 81796.0, 83693.0, 91010.0, 93426.0, 114884.0, 118426.0, 121665.0, 130340.0, 132671.0, 137492.0, 139596.0, 171568.0, 200576.0, 255027.0, 399818.0, 643246.0 
GO:0005911 CC 7.36e-04 26/2111   180/29107 D04 cell-cell junction                       889.0, 963.0, 1364.0, 1823.0, 1824.0, 1828.0, 2195.0, 2264.0, 3702.0, 4301.0, 4804.0, 5058.0, 5097.0, 5295.0, 5311.0, 5580.0, 7010.0, 8476.0, 9900.0, 23322.0, 23769.0, 54532.0, 79778.0, 84063.0, 200576.0, 260425.0 
GO:0005635 CC 8.27e-04 26/2111   182/29107 D04 nuclear envelope                         311.0, 2475.0, 4008.0, 4745.0, 5002.0, 5130.0, 5595.0, 7175.0, 8086.0, 8605.0, 9107.0, 9631.0, 9818.0, 10280.0, 10424.0, 10682.0, 11097.0, 54491.0, 55379.0, 55613.0, 56894.0, 79902.0, 128866.0, 129401.0, 160492.0, 100101267.0 
GO:0009986 CC 8.45e-04 64/2111   579/29107 D02 cell surface                             117.0, 307.0, 355.0, 411.0, 942.0, 948.0, 952.0, 958.0, 963.0, 1524.0, 1956.0, 2255.0, 2350.0, 2806.0, 3108.0, 3113.0, 3122.0, 3146.0, 3685.0, 3746.0, 3858.0, 3897.0, 3949.0, 4008.0, 4360.0, 4478.0, 4804.0, 4898.0, 4923.0, 5618.0, 6505.0, 7010.0, 7099.0, 7305.0, 8516.0, 8927.0, 8995.0, 9097.0, 9388.0, 10326.0, 10544.0, 10788.0, 11006.0, 11122.0, 11197.0, 22883.0, 26585.0, 26762.0, 51393.0, 51754.0, 57555.0, 64581.0, 64805.0, 79827.0, 80328.0, 84059.0, 84168.0, 84868.0, 93974.0, 140885.0, 283420.0, 340419.0, 342372.0, 388512.0 
GO:0003735 MF 6.65e-07 36/2111   163/29107 D02 structural constituent of ribosome       4736.0, 6124.0, 6134.0, 6135.0, 6137.0, 6144.0, 6150.0, 6158.0, 6161.0, 6164.0, 6166.0, 6168.0, 6181.0, 6187.0, 6189.0, 6191.0, 6193.0, 6194.0, 6203.0, 6205.0, 6217.0, 6224.0, 6228.0, 6229.0, 6231.0, 6234.0, 7818.0, 9801.0, 10884.0, 29074.0, 51081.0, 60488.0, 64963.0, 64983.0, 116832.0, 285855.0 
GO:0004674 MF 2.50e-06 47/2111   312/29107 D06 protein serine/threonine kinase activity 657.0, 1025.0, 2011.0, 2475.0, 2931.0, 2932.0, 3551.0, 4293.0, 4752.0, 4831.0, 5058.0, 5165.0, 5566.0, 5578.0, 5580.0, 5583.0, 5586.0, 5595.0, 5603.0, 5604.0, 6196.0, 6300.0, 6732.0, 6850.0, 7048.0, 7273.0, 7443.0, 8317.0, 8476.0, 8569.0, 8737.0, 8878.0, 9175.0, 10000.0, 22848.0, 22853.0, 22983.0, 50488.0, 51701.0, 55351.0, 57787.0, 79858.0, 80216.0, 84930.0, 150094.0, 200576.0, 102724428.0 
GO:0005509 MF 3.03e-06 92/2111   704/29107 D05 calcium ion binding                      88.0, 199.0, 307.0, 311.0, 313.0, 823.0, 1005.0, 1606.0, 1823.0, 1824.0, 1828.0, 1953.0, 1954.0, 2195.0, 2820.0, 2978.0, 2979.0, 3949.0, 4121.0, 4745.0, 5097.0, 5169.0, 5311.0, 5333.0, 5532.0, 5535.0, 5646.0, 6281.0, 6284.0, 6585.0, 6861.0, 7060.0, 7092.0, 7273.0, 8029.0, 8604.0, 8605.0, 8996.0, 9104.0, 9695.0, 9806.0, 9847.0, 10367.0, 10753.0, 11167.0, 22883.0, 22895.0, 22915.0, 23007.0, 23166.0, 23344.0, 23499.0, 25891.0, 26035.0, 26256.0, 29904.0, 29957.0, 50856.0, 51199.0, 51293.0, 54550.0, 54798.0, 54885.0, 54947.0, 56097.0, 56098.0, 56114.0, 56128.0, 56624.0, 57488.0, 60437.0, 63826.0, 64420.0, 78989.0, 79057.0, 79085.0, 79645.0, 79825.0, 80258.0, 83850.0, 83872.0, 83988.0, 84059.0, 84288.0, 90411.0, 92211.0, 127833.0, 219621.0, 286097.0, 346007.0, 374786.0, 388677.0 
GO:0003723 MF 3.59e-06 150/2111  1388/29107 D04 RNA binding                              48.0, 132.0, 311.0, 580.0, 831.0, 1431.0, 1653.0, 1729.0, 1964.0, 1982.0, 2011.0, 2806.0, 3005.0, 3006.0, 3007.0, 3069.0, 3146.0, 3838.0, 4137.0, 4191.0, 4204.0, 4736.0, 4799.0, 5393.0, 5586.0, 5822.0, 6124.0, 6134.0, 6135.0, 6137.0, 6144.0, 6150.0, 6158.0, 6161.0, 6164.0, 6168.0, 6187.0, 6189.0, 6191.0, 6193.0, 6194.0, 6203.0, 6205.0, 6217.0, 6224.0, 6228.0, 6229.0, 6231.0, 6234.0, 6311.0, 6606.0, 6631.0, 6632.0, 6732.0, 6812.0, 6832.0, 6838.0, 7011.0, 7175.0, 7332.0, 7520.0, 7531.0, 7706.0, 7818.0, 8361.0, 8362.0, 8365.0, 8565.0, 8672.0, 8802.0, 8867.0, 8996.0, 9410.0, 9785.0, 9984.0, 10102.0, 10209.0, 10270.0, 10412.0, 10450.0, 10658.0, 10884.0, 10929.0, 10973.0, 11097.0, 11157.0, 11171.0, 22803.0, 22849.0, 22864.0, 23089.0, 23193.0, 23255.0, 23283.0, 23318.0, 23367.0, 23499.0, 23536.0, 23608.0, 26024.0, 26995.0, 51081.0, 51096.0, 51690.0, 51808.0, 54555.0, 54715.0, 54845.0, 54913.0, 55086.0, 55110.0, 55149.0, 55342.0, 55379.0, 55796.0, 56257.0, 56931.0, 57050.0, 57535.0, 57602.0, 57696.0, 58517.0, 60488.0, 64283.0, 64397.0, 64848.0, 64963.0, 64983.0, 65109.0, 65244.0, 79026.0, 79868.0, 80336.0, 84294.0, 84726.0, 84950.0, 85313.0, 85865.0, 117246.0, 118460.0, 126668.0, 133522.0, 149986.0, 154197.0, 155400.0, 161829.0, 221092.0, 285855.0, 317781.0, 102724159.0 
GO:0005524 MF 3.67e-06 185/2111  1458/29107 D08 ATP binding                              31.0, 132.0, 368.0, 493.0, 537.0, 547.0, 657.0, 695.0, 1021.0, 1025.0, 1062.0, 1119.0, 1159.0, 1160.0, 1185.0, 1606.0, 1653.0, 1769.0, 1956.0, 2011.0, 2068.0, 2182.0, 2264.0, 2475.0, 2931.0, 2932.0, 3098.0, 3421.0, 3551.0, 3702.0, 3716.0, 3795.0, 4175.0, 4293.0, 4671.0, 4752.0, 4831.0, 4905.0, 4940.0, 4998.0, 5026.0, 5058.0, 5096.0, 5165.0, 5166.0, 5198.0, 5207.0, 5213.0, 5244.0, 5286.0, 5289.0, 5291.0, 5297.0, 5524.0, 5566.0, 5578.0, 5580.0, 5583.0, 5586.0, 5592.0, 5595.0, 5603.0, 5604.0, 5607.0, 5705.0, 5826.0, 5836.0, 6196.0, 6259.0, 6300.0, 6584.0, 6732.0, 6832.0, 6850.0, 7006.0, 7010.0, 7011.0, 7048.0, 7075.0, 7273.0, 7332.0, 7407.0, 7443.0, 7520.0, 8195.0, 8224.0, 8317.0, 8458.0, 8476.0, 8565.0, 8569.0, 8711.0, 8737.0, 8833.0, 8877.0, 9175.0, 9361.0, 9557.0, 9585.0, 9785.0, 9917.0, 10000.0, 10060.0, 10079.0, 10257.0, 10461.0, 10469.0, 10667.0, 10928.0, 10973.0, 22848.0, 22853.0, 22880.0, 22983.0, 22989.0, 23093.0, 23095.0, 23170.0, 23200.0, 23262.0, 23395.0, 23460.0, 23683.0, 23729.0, 26007.0, 27183.0, 29904.0, 50488.0, 51701.0, 54555.0, 54981.0, 54986.0, 55149.0, 55191.0, 55210.0, 55278.0, 55351.0, 55614.0, 55687.0, 55781.0, 56155.0, 56474.0, 56922.0, 57176.0, 57696.0, 57761.0, 57787.0, 63826.0, 63979.0, 64848.0, 79705.0, 79731.0, 79781.0, 79858.0, 79876.0, 80179.0, 80216.0, 80222.0, 83549.0, 83752.0, 84515.0, 84930.0, 91461.0, 113220.0, 113510.0, 127602.0, 140469.0, 146754.0, 150094.0, 158067.0, 196385.0, 200576.0, 220869.0, 255239.0, 259217.0, 260425.0, 283455.0, 283459.0, 284076.0, 317781.0, 344905.0, 375748.0, 548596.0, 653857.0, 102724428.0 
GO:0046872 MF 4.66e-06 245/2111  2297/29107 D04 metal ion binding                        31.0, 48.0, 132.0, 267.0, 280.0, 411.0, 414.0, 493.0, 580.0, 657.0, 695.0, 1300.0, 1534.0, 1789.0, 1798.0, 2021.0, 2068.0, 2110.0, 2132.0, 2137.0, 2588.0, 2778.0, 3682.0, 3685.0, 3702.0, 3716.0, 3750.0, 3752.0, 4008.0, 4026.0, 4092.0, 4200.0, 4494.0, 4495.0, 4496.0, 4512.0, 4521.0, 4671.0, 4752.0, 4831.0, 4862.0, 4898.0, 4905.0, 4940.0, 4967.0, 4998.0, 5137.0, 5141.0, 5198.0, 5213.0, 5446.0, 5580.0, 5583.0, 5607.0, 5618.0, 5742.0, 5980.0, 6168.0, 6505.0, 6511.0, 6547.0, 6610.0, 7006.0, 7048.0, 7305.0, 7306.0, 7360.0, 7552.0, 7564.0, 7652.0, 7691.0, 7701.0, 7703.0, 7706.0, 7718.0, 7760.0, 7764.0, 7767.0, 7769.0, 7772.0, 8226.0, 8317.0, 8515.0, 8516.0, 8544.0, 8569.0, 8618.0, 8704.0, 8927.0, 8994.0, 9054.0, 9175.0, 9501.0, 9767.0, 9831.0, 9917.0, 10156.0, 10229.0, 10451.0, 10793.0, 10863.0, 11097.0, 11128.0, 11173.0, 11179.0, 11214.0, 22803.0, 22843.0, 22856.0, 22891.0, 23099.0, 23300.0, 23349.0, 23355.0, 23371.0, 23527.0, 23536.0, 23608.0, 23683.0, 25953.0, 26007.0, 26286.0, 27072.0, 27087.0, 27154.0, 29083.0, 29116.0, 29994.0, 51020.0, 51157.0, 51321.0, 51341.0, 51427.0, 51668.0, 54807.0, 54981.0, 55124.0, 55351.0, 55454.0, 55552.0, 55748.0, 55768.0, 55769.0, 55781.0, 55796.0, 56163.0, 56922.0, 56931.0, 56950.0, 57116.0, 57452.0, 57541.0, 57546.0, 57593.0, 57615.0, 64131.0, 64283.0, 64288.0, 64320.0, 64397.0, 64581.0, 64780.0, 64789.0, 79230.0, 79364.0, 79443.0, 79642.0, 79673.0, 79705.0, 79740.0, 79778.0, 79858.0, 79901.0, 79943.0, 80144.0, 81035.0, 83444.0, 83719.0, 83744.0, 84107.0, 84168.0, 84172.0, 84436.0, 84614.0, 84868.0, 84874.0, 84900.0, 84914.0, 85465.0, 90333.0, 90594.0, 90874.0, 90987.0, 91703.0, 93100.0, 93134.0, 113835.0, 114804.0, 115209.0, 116113.0, 118987.0, 125893.0, 131034.0, 136051.0, 137902.0, 139735.0, 140612.0, 146050.0, 147687.0, 147694.0, 147947.0, 148206.0, 148811.0, 151313.0, 154197.0, 158326.0, 158431.0, 160760.0, 161823.0, 162466.0, 162655.0, 162968.0, 162993.0, 169841.0, 170690.0, 200035.0, 219578.0, 254295.0, 282890.0, 283455.0, 284106.0, 285498.0, 341350.0, 342357.0, 342667.0, 342908.0, 344905.0, 345462.0, 388512.0, 388523.0, 389072.0, 390927.0, 442117.0, 643853.0, 730087.0 
GO:0005515 MF 1.02e-05 1261/2111 12417/29107 D02 protein binding                          2.0, 31.0, 48.0, 88.0, 117.0, 154.0, 160.0, 163.0, 191.0, 199.0, 267.0, 291.0, 307.0, 311.0, 313.0, 320.0, 341.0, 347.0, 353.0, 355.0, 357.0, 378.0, 390.0, 397.0, 409.0, 493.0, 501.0, 533.0, 535.0, 537.0, 547.0, 552.0, 563.0, 580.0, 599.0, 607.0, 657.0, 685.0, 695.0, 757.0, 760.0, 767.0, 797.0, 819.0, 823.0, 831.0, 840.0, 843.0, 869.0, 889.0, 925.0, 942.0, 948.0, 958.0, 963.0, 975.0, 1021.0, 1025.0, 1050.0, 1062.0, 1140.0, 1141.0, 1159.0, 1160.0, 1161.0, 1300.0, 1314.0, 1364.0, 1389.0, 1395.0, 1415.0, 1441.0, 1471.0, 1509.0, 1524.0, 1534.0, 1543.0, 1601.0, 1653.0, 1677.0, 1687.0, 1690.0, 1717.0, 1729.0, 1737.0, 1789.0, 1795.0, 1798.0, 1823.0, 1824.0, 1828.0, 1896.0, 1933.0, 1944.0, 1946.0, 1953.0, 1954.0, 1956.0, 1964.0, 1968.0, 1982.0, 2011.0, 2017.0, 2021.0, 2026.0, 2036.0, 2068.0, 2104.0, 2110.0, 2132.0, 2137.0, 2195.0, 2212.0, 2217.0, 2255.0, 2256.0, 2258.0, 2264.0, 2267.0, 2277.0, 2309.0, 2328.0, 2475.0, 2487.0, 2537.0, 2539.0, 2553.0, 2587.0, 2686.0, 2778.0, 2784.0, 2788.0, 2931.0, 2932.0, 2947.0, 2948.0, 2975.0, 2978.0, 2979.0, 3005.0, 3006.0, 3015.0, 3069.0, 3071.0, 3073.0, 3098.0, 3108.0, 3109.0, 3122.0, 3140.0, 3145.0, 3146.0, 3150.0, 3394.0, 3419.0, 3421.0, 3454.0, 3459.0, 3490.0, 3551.0, 3570.0, 3588.0, 3597.0, 3598.0, 3606.0, 3607.0, 3635.0, 3664.0, 3685.0, 3702.0, 3716.0, 3737.0, 3745.0, 3746.0, 3749.0, 3752.0, 3765.0, 3787.0, 3795.0, 3821.0, 3827.0, 3838.0, 3845.0, 3858.0, 3897.0, 3903.0, 3949.0, 3964.0, 4013.0, 4026.0, 4045.0, 4047.0, 4092.0, 4094.0, 4130.0, 4131.0, 4137.0, 4175.0, 4204.0, 4257.0, 4293.0, 4301.0, 4331.0, 4335.0, 4354.0, 4360.0, 4478.0, 4481.0, 4494.0, 4495.0, 4496.0, 4509.0, 4512.0, 4513.0, 4521.0, 4535.0, 4537.0, 4606.0, 4671.0, 4683.0, 4703.0, 4711.0, 4735.0, 4736.0, 4741.0, 4745.0, 4752.0, 4796.0, 4799.0, 4804.0, 4831.0, 4862.0, 4898.0, 4905.0, 4923.0, 4940.0, 4943.0, 4952.0, 4967.0, 4986.0, 4987.0, 4998.0, 5002.0, 5058.0, 5069.0, 5087.0, 5089.0, 5096.0, 5106.0, 5130.0, 5141.0, 5149.0, 5160.0, 5165.0, 5166.0, 5207.0, 5213.0, 5244.0, 5264.0, 5289.0, 5291.0, 5295.0, 5297.0, 5306.0, 5311.0, 5333.0, 5336.0, 5356.0, 5366.0, 5393.0, 5426.0, 5502.0, 5522.0, 5524.0, 5526.0, 5528.0, 5529.0, 5532.0, 5535.0, 5566.0, 5578.0, 5580.0, 5583.0, 5586.0, 5592.0, 5595.0, 5603.0, 5604.0, 5607.0, 5618.0, 5635.0, 5646.0, 5660.0, 5693.0, 5705.0, 5708.0, 5711.0, 5742.0, 5771.0, 5784.0, 5826.0, 5836.0, 5869.0, 5877.0, 5878.0, 5899.0, 5925.0, 5929.0, 5934.0, 5950.0, 5961.0, 5980.0, 5995.0, 6001.0, 6048.0, 6102.0, 6119.0, 6124.0, 6134.0, 6135.0, 6137.0, 6144.0, 6150.0, 6158.0, 6164.0, 6166.0, 6168.0, 6181.0, 6187.0, 6189.0, 6191.0, 6193.0, 6194.0, 6196.0, 6203.0, 6205.0, 6217.0, 6224.0, 6228.0, 6231.0, 6234.0, 6259.0, 6281.0, 6284.0, 6300.0, 6302.0, 6311.0, 6389.0, 6404.0, 6443.0, 6452.0, 6468.0, 6480.0, 6489.0, 6502.0, 6505.0, 6584.0, 6585.0, 6601.0, 6606.0, 6610.0, 6631.0, 6632.0, 6642.0, 6649.0, 6732.0, 6799.0, 6812.0, 6832.0, 6838.0, 6843.0, 6844.0, 6850.0, 6870.0, 6880.0, 6884.0, 6886.0, 6892.0, 6904.0, 6920.0, 6992.0, 7006.0, 7010.0, 7011.0, 7014.0, 7030.0, 7048.0, 7060.0, 7075.0, 7099.0, 7100.0, 7102.0, 7127.0, 7174.0, 7175.0, 7273.0, 7305.0, 7306.0, 7332.0, 7360.0, 7374.0, 7407.0, 7443.0, 7494.0, 7520.0, 7531.0, 7552.0, 7564.0, 7703.0, 7706.0, 7718.0, 7760.0, 7764.0, 7767.0, 7772.0, 7781.0, 7802.0, 7818.0, 8029.0, 8030.0, 8086.0, 8089.0, 8192.0, 8195.0, 8220.0, 8226.0, 8237.0, 8263.0, 8266.0, 8269.0, 8293.0, 8317.0, 8361.0, 8362.0, 8365.0, 8372.0, 8412.0, 8451.0, 8458.0, 8476.0, 8482.0, 8500.0, 8538.0, 8544.0, 8546.0, 8562.0, 8565.0, 8567.0, 8569.0, 8574.0, 8578.0, 8604.0, 8605.0, 8618.0, 8629.0, 8648.0, 8650.0, 8675.0, 8711.0, 8736.0, 8737.0, 8739.0, 8745.0, 8777.0, 8802.0, 8818.0, 8857.0, 8877.0, 8878.0, 8935.0, 8994.0, 8995.0, 8996.0, 9015.0, 9023.0, 9025.0, 9054.0, 9097.0, 9098.0, 9107.0, 9108.0, 9141.0, 9175.0, 9202.0, 9217.0, 9240.0, 9276.0, 9325.0, 9329.0, 9361.0, 9392.0, 9403.0, 9410.0, 9419.0, 9425.0, 9442.0, 9443.0, 9450.0, 9501.0, 9524.0, 9545.0, 9554.0, 9557.0, 9568.0, 9572.0, 9585.0, 9631.0, 9665.0, 9695.0, 9696.0, 9722.0, 9767.0, 9777.0, 9780.0, 9785.0, 9801.0, 9806.0, 9818.0, 9827.0, 9831.0, 9870.0, 9887.0, 9892.0, 9894.0, 9906.0, 9911.0, 9912.0, 9915.0, 9917.0, 9922.0, 9927.0, 9936.0, 9966.0, 9980.0, 9984.0, 10000.0, 10008.0, 10015.0, 10019.0, 10036.0, 10043.0, 10044.0, 10073.0, 10079.0, 10098.0, 10102.0, 10161.0, 10184.0, 10197.0, 10209.0, 10220.0, 10229.0, 10233.0, 10257.0, 10270.0, 10280.0, 10299.0, 10317.0, 10325.0, 10326.0, 10329.0, 10345.0, 10367.0, 10385.0, 10391.0, 10410.0, 10424.0, 10450.0, 10451.0, 10457.0, 10461.0, 10464.0, 10469.0, 10474.0, 10483.0, 10542.0, 10544.0, 10554.0, 10558.0, 10591.0, 10614.0, 10651.0, 10658.0, 10667.0, 10682.0, 10712.0, 10716.0, 10776.0, 10793.0, 10841.0, 10863.0, 10928.0, 10929.0, 10965.0, 10973.0, 10980.0, 10983.0, 11006.0, 11097.0, 11112.0, 11118.0, 11119.0, 11122.0, 11157.0, 11165.0, 11167.0, 11170.0, 11171.0, 11173.0, 11190.0, 11197.0, 11214.0, 11215.0, 11230.0, 11237.0, 11272.0, 11281.0, 11336.0, 11337.0, 22803.0, 22808.0, 22843.0, 22844.0, 22848.0, 22849.0, 22853.0, 22859.0, 22864.0, 22865.0, 22880.0, 22883.0, 22891.0, 22895.0, 22903.0, 22915.0, 22920.0, 22924.0, 22949.0, 22983.0, 22986.0, 22987.0, 23017.0, 23028.0, 23066.0, 23089.0, 23095.0, 23099.0, 23102.0, 23125.0, 23154.0, 23166.0, 23170.0, 23189.0, 23193.0, 23194.0, 23200.0, 23234.0, 23256.0, 23265.0, 23283.0, 23300.0, 23318.0, 23322.0, 23326.0, 23339.0, 23344.0, 23349.0, 23355.0, 23367.0, 23371.0, 23421.0, 23428.0, 23432.0, 23443.0, 23463.0, 23471.0, 23475.0, 23499.0, 23514.0, 23558.0, 23566.0, 23582.0, 23585.0, 23593.0, 23608.0, 23633.0, 23660.0, 23683.0, 23765.0, 23780.0, 23786.0, 24139.0, 25820.0, 25839.0, 25862.0, 25885.0, 25895.0, 25953.0, 26002.0, 26007.0, 26024.0, 26056.0, 26094.0, 26128.0, 26150.0, 26157.0, 26258.0, 26268.0, 26286.0, 26507.0, 26517.0, 26585.0, 26821.0, 26999.0, 27072.0, 27087.0, 27122.0, 27124.0, 27143.0, 27154.0, 27156.0, 27181.0, 27183.0, 27185.0, 27229.0, 28970.0, 28972.0, 29074.0, 29078.0, 29083.0, 29094.0, 29103.0, 29116.0, 29780.0, 29855.0, 29899.0, 29906.0, 29919.0, 29994.0, 29995.0, 30061.0, 30813.0, 50488.0, 51016.0, 51020.0, 51060.0, 51074.0, 51099.0, 51112.0, 51148.0, 51149.0, 51157.0, 51171.0, 51181.0, 51199.0, 51246.0, 51247.0, 51257.0, 51280.0, 51285.0, 51293.0, 51300.0, 51324.0, 51338.0, 51341.0, 51363.0, 51382.0, 51397.0, 51399.0, 51400.0, 51427.0, 51449.0, 51473.0, 51522.0, 51562.0, 51657.0, 51660.0, 51665.0, 51668.0, 51690.0, 51701.0, 51754.0, 51808.0, 53340.0, 53826.0, 53829.0, 53916.0, 53938.0, 54221.0, 54438.0, 54458.0, 54466.0, 54472.0, 54491.0, 54520.0, 54532.0, 54538.0, 54543.0, 54550.0, 54555.0, 54583.0, 54715.0, 54737.0, 54765.0, 54780.0, 54800.0, 54845.0, 54885.0, 54887.0, 54908.0, 54913.0, 54914.0, 54947.0, 54957.0, 54981.0, 54982.0, 55007.0, 55032.0, 55055.0, 55080.0, 55086.0, 55110.0, 55117.0, 55124.0, 55128.0, 55138.0, 55149.0, 55170.0, 55171.0, 55174.0, 55191.0, 55210.0, 55215.0, 55249.0, 55251.0, 55275.0, 55278.0, 55280.0, 55315.0, 55325.0, 55332.0, 55342.0, 55346.0, 55353.0, 55379.0, 55454.0, 55558.0, 55592.0, 55613.0, 55664.0, 55670.0, 55686.0, 55689.0, 55697.0, 55742.0, 55764.0, 55768.0, 55769.0, 55775.0, 55779.0, 55781.0, 55796.0, 55798.0, 55805.0, 55831.0, 55835.0, 55917.0, 55964.0, 56155.0, 56203.0, 56256.0, 56257.0, 56474.0, 56603.0, 56605.0, 56851.0, 56894.0, 56922.0, 56931.0, 56937.0, 56942.0, 56950.0, 56961.0, 57017.0, 57050.0, 57116.0, 57128.0, 57146.0, 57148.0, 57176.0, 57185.0, 57393.0, 57405.0, 57407.0, 57460.0, 57463.0, 57488.0, 57492.0, 57541.0, 57544.0, 57602.0, 57626.0, 57654.0, 57664.0, 57696.0, 57707.0, 57713.0, 57718.0, 57721.0, 57761.0, 57787.0, 57826.0, 58475.0, 58485.0, 58488.0, 58517.0, 59284.0, 59307.0, 59343.0, 60437.0, 60491.0, 63826.0, 63874.0, 63901.0, 63939.0, 63979.0, 64106.0, 64231.0, 64320.0, 64430.0, 64581.0, 64708.0, 64759.0, 64780.0, 64837.0, 64848.0, 64963.0, 64978.0, 64983.0, 65109.0, 65260.0, 65265.0, 66036.0, 78989.0, 79003.0, 79026.0, 79053.0, 79085.0, 79157.0, 79364.0, 79443.0, 79446.0, 79622.0, 79673.0, 79680.0, 79685.0, 79705.0, 79778.0, 79794.0, 79801.0, 79827.0, 79844.0, 79858.0, 79876.0, 79901.0, 79902.0, 79939.0, 79943.0, 79968.0, 79979.0, 80013.0, 80206.0, 80212.0, 80216.0, 80222.0, 80228.0, 80258.0, 80270.0, 80298.0, 80325.0, 80328.0, 80350.0, 80704.0, 80705.0, 80709.0, 81563.0, 81609.0, 81617.0, 81704.0, 81793.0, 83444.0, 83445.0, 83547.0, 83637.0, 83660.0, 83693.0, 83752.0, 83850.0, 83861.0, 83872.0, 83878.0, 83939.0, 83988.0, 84002.0, 84059.0, 84063.0, 84071.0, 84072.0, 84073.0, 84078.0, 84079.0, 84084.0, 84106.0, 84168.0, 84172.0, 84221.0, 84294.0, 84332.0, 84340.0, 84498.0, 84515.0, 84548.0, 84618.0, 84678.0, 84680.0, 84690.0, 84726.0, 84727.0, 84790.0, 84868.0, 84869.0, 84908.0, 84914.0, 84932.0, 84950.0, 84952.0, 84961.0, 84975.0, 84996.0, 85302.0, 85313.0, 85395.0, 85453.0, 85865.0, 89876.0, 90121.0, 90411.0, 90416.0, 90557.0, 90594.0, 90874.0, 90987.0, 90993.0, 91156.0, 91179.0, 91574.0, 91653.0, 91703.0, 92369.0, 93100.0, 93233.0, 93426.0, 93974.0, 94005.0, 94101.0, 95681.0, 112609.0, 112611.0, 112755.0, 112817.0, 112950.0, 113246.0, 113510.0, 113828.0, 113829.0, 113878.0, 114757.0, 114884.0, 115294.0, 115817.0, 116028.0, 116113.0, 116832.0, 117246.0, 118426.0, 118924.0, 119391.0, 121665.0, 123606.0, 123803.0, 124359.0, 124411.0, 124925.0, 124936.0, 126074.0, 126298.0, 126433.0, 126526.0, 126669.0, 127255.0, 127833.0, 128414.0, 128486.0, 128674.0, 128710.0, 128866.0, 128977.0, 129401.0, 130162.0, 130340.0, 130916.0, 131034.0, 131405.0, 131965.0, 132001.0, 132671.0, 134510.0, 136051.0, 137492.0, 138715.0, 139596.0, 139818.0, 144811.0, 146433.0, 147138.0, 147179.0, 147687.0, 148304.0, 149951.0, 149986.0, 150094.0, 150379.0, 151393.0, 151963.0, 152015.0, 152137.0, 152206.0, 153328.0, 153339.0, 158067.0, 158326.0, 158787.0, 158866.0, 160760.0, 161253.0, 161502.0, 161829.0, 162466.0, 162968.0, 162993.0, 163702.0, 164684.0, 164781.0, 165679.0, 168507.0, 169841.0, 170261.0, 170575.0, 171568.0, 195814.0, 196264.0, 196500.0, 196541.0, 200576.0, 201254.0, 201456.0, 201973.0, 202243.0, 203111.0, 204219.0, 206358.0, 219402.0, 219621.0, 219670.0, 221424.0, 221477.0, 221692.0, 221937.0, 222553.0, 222662.0, 246330.0, 253714.0, 253769.0, 253935.0, 254295.0, 255022.0, 255104.0, 255119.0, 255239.0, 255275.0, 256309.0, 259173.0, 259217.0, 259294.0, 260425.0, 283219.0, 283385.0, 283455.0, 283459.0, 283726.0, 284058.0, 284076.0, 284184.0, 284348.0, 285025.0, 285386.0, 285590.0, 285855.0, 286077.0, 338382.0, 339390.0, 339416.0, 339983.0, 340419.0, 341019.0, 342372.0, 342667.0, 342908.0, 345275.0, 345557.0, 348093.0, 374395.0, 374969.0, 375748.0, 386617.0, 387893.0, 388121.0, 388324.0, 388336.0, 388512.0, 388552.0, 388662.0, 388677.0, 401474.0, 401494.0, 401541.0, 404672.0, 408050.0, 440097.0, 440145.0, 440295.0, 441168.0, 493829.0, 497661.0, 541466.0, 548596.0, 548644.0, 643853.0, 644943.0, 653319.0, 653784.0, 729238.0, 729438.0, 729475.0, 768211.0, 100101267.0, 100130086.0, 100131997.0, 100820829.0, 102724023.0, 102724428.0 
GO:0106310 MF 1.26e-05 50/2111   359/29107 D07 protein serine kinase activity           1021.0, 1025.0, 2011.0, 2475.0, 2931.0, 2932.0, 3551.0, 4293.0, 4752.0, 5058.0, 5566.0, 5578.0, 5580.0, 5583.0, 5586.0, 5595.0, 5603.0, 5604.0, 5607.0, 6196.0, 6300.0, 6732.0, 7273.0, 7443.0, 8317.0, 8476.0, 8569.0, 8737.0, 9175.0, 10000.0, 22848.0, 22853.0, 22983.0, 23683.0, 50488.0, 51701.0, 54986.0, 55351.0, 55781.0, 57787.0, 79705.0, 79858.0, 80216.0, 84930.0, 140469.0, 150094.0, 200576.0, 255239.0, 283455.0, 102724428.0 
GO:0106311 MF 1.26e-05 50/2111   359/29107 D07 protein threonine kinase activity        1021.0, 1025.0, 2011.0, 2475.0, 2931.0, 2932.0, 3551.0, 4293.0, 4752.0, 5058.0, 5566.0, 5578.0, 5580.0, 5583.0, 5586.0, 5595.0, 5603.0, 5604.0, 5607.0, 6196.0, 6300.0, 6732.0, 7273.0, 7443.0, 8317.0, 8476.0, 8569.0, 8737.0, 9175.0, 10000.0, 22848.0, 22853.0, 22983.0, 23683.0, 50488.0, 51701.0, 54986.0, 55351.0, 55781.0, 57787.0, 79705.0, 79858.0, 80216.0, 84930.0, 140469.0, 150094.0, 200576.0, 255239.0, 283455.0, 102724428.0 
GO:0016491 MF 1.57e-05 22/2111   112/29107 D02 oxidoreductase activity                  1534.0, 1543.0, 2110.0, 2232.0, 7306.0, 9023.0, 9403.0, 9524.0, 23028.0, 54438.0, 55066.0, 56603.0, 56605.0, 56948.0, 79901.0, 79966.0, 83592.0, 115817.0, 119391.0, 285362.0, 317749.0, 399671.0 
GO:0008135 MF 9.60e-05  8/2111    22/29107 D05 translation factor activity, RNA binding 1964.0, 1968.0, 1982.0, 8672.0, 10209.0, 22849.0, 29904.0, 219402.0 
GO:0004672 MF 1.45e-04 31/2111   210/29107 D05 protein kinase activity                  1025.0, 2475.0, 2932.0, 3551.0, 4293.0, 5058.0, 5165.0, 5166.0, 5289.0, 5566.0, 5578.0, 5580.0, 5586.0, 5592.0, 5604.0, 5607.0, 6732.0, 6850.0, 7010.0, 7443.0, 8317.0, 8737.0, 9175.0, 10000.0, 29904.0, 50488.0, 51701.0, 55781.0, 56155.0, 91461.0, 283455.0 
GO:0016301 MF 1.62e-04 14/2111    64/29107 D04 kinase activity                          1159.0, 1160.0, 1606.0, 2475.0, 2932.0, 5289.0, 5291.0, 5297.0, 5586.0, 8317.0, 9917.0, 23683.0, 84930.0, 548596.0 
GO:0004984 MF 2.14e-06  1/2111   399/29107 D04 olfactory receptor activity              138799.0 
GO:1903231 MF 3.72e-06  2/2111   253/29107 D06 mRNA binding involved in posttranscriptional gene silencing 9665.0, 407008.0 
