GO:0006099 BP 1.25e-07 10/1145    30/29107 D03 tricarboxylic acid cycle                 1431.0, 1737.0, 3419.0, 3421.0, 4191.0, 4967.0, 5160.0, 8802.0, 23530.0, 130752.0 
GO:0006107 BP 2.77e-07  6/1145     9/29107 D07 oxaloacetate metabolic process           2805.0, 2806.0, 4191.0, 5106.0, 56954.0, 130752.0 
GO:0034058 BP 4.74e-06  5/1145     8/29107 D08 endosomal vesicle fusion                 9392.0, 23339.0, 23355.0, 27072.0, 27183.0 
GO:0035556 BP 6.06e-06 36/1145   402/29107 D05 intracellular signal transduction        2011.0, 2932.0, 3702.0, 5058.0, 5502.0, 5578.0, 5595.0, 5603.0, 6196.0, 6732.0, 7006.0, 7531.0, 8476.0, 8605.0, 8877.0, 8878.0, 10000.0, 10156.0, 10718.0, 11215.0, 22983.0, 50488.0, 51701.0, 56776.0, 57787.0, 79858.0, 81617.0, 84727.0, 84930.0, 92369.0, 142684.0, 150094.0, 260425.0, 341019.0, 342667.0, 100820829.0 
GO:0016241 BP 2.09e-05 10/1145    50/29107 D07 regulation of macroautophagy             533.0, 535.0, 823.0, 2475.0, 5566.0, 23265.0, 51382.0, 55613.0, 155066.0, 245973.0 
GO:0005975 BP 2.84e-05 17/1145   137/29107 D03 carbohydrate metabolic process           280.0, 1431.0, 3419.0, 3421.0, 4191.0, 6489.0, 8372.0, 9695.0, 23171.0, 23193.0, 23729.0, 27087.0, 29906.0, 54414.0, 130589.0, 130752.0, 140838.0 
GO:0061817 BP 3.35e-05  4/1145     6/29107 D05 endoplasmic reticulum-plasma membrane tethering 9217.0, 23344.0, 57488.0, 83850.0 
GO:0035195 BP 1.28e-06  2/1145   557/29107 D10 gene silencing by miRNA                  81571.0, 693166.0 
GO:0050911 BP 1.75e-06  0/1145   401/29107 D05 detection of chemical stimulus involved in sensory perception of smell  
GO:0007186 BP 2.95e-05 13/1145   880/29107 D05 G protein-coupled receptor signaling pathway 552.0, 2788.0, 2859.0, 4923.0, 5141.0, 5291.0, 5995.0, 9568.0, 22859.0, 50838.0, 57512.0, 80045.0, 259294.0 
GO:0030424 CC 1.31e-06 32/1145   318/29107 D05 axon                                     547.0, 1982.0, 2258.0, 2931.0, 2932.0, 3737.0, 3745.0, 3746.0, 3748.0, 3749.0, 3897.0, 4130.0, 4131.0, 4137.0, 4741.0, 5058.0, 6335.0, 6547.0, 6606.0, 6812.0, 6861.0, 8567.0, 8927.0, 10044.0, 22859.0, 22983.0, 23095.0, 50488.0, 54800.0, 112755.0, 127833.0, 387804.0 
GO:0005783 CC 2.98e-06 76/1145  1040/29107 D05 endoplasmic reticulum                    831.0, 1384.0, 1717.0, 2132.0, 2137.0, 2264.0, 3140.0, 4257.0, 4923.0, 5130.0, 5578.0, 5604.0, 5771.0, 6281.0, 6732.0, 6892.0, 7060.0, 7095.0, 7841.0, 8372.0, 8516.0, 8878.0, 9107.0, 9217.0, 9468.0, 9524.0, 9695.0, 9900.0, 9911.0, 10280.0, 10299.0, 10317.0, 10424.0, 10463.0, 10483.0, 10505.0, 10554.0, 10558.0, 10682.0, 22920.0, 23017.0, 23344.0, 23509.0, 23585.0, 51060.0, 51201.0, 51246.0, 51257.0, 51478.0, 51594.0, 51754.0, 54972.0, 54982.0, 55379.0, 55697.0, 56605.0, 56776.0, 56894.0, 57540.0, 58485.0, 64848.0, 66036.0, 79844.0, 83723.0, 83787.0, 83857.0, 90993.0, 94101.0, 112609.0, 115817.0, 124925.0, 154197.0, 204219.0, 206358.0, 439921.0, 497661.0 
GO:0005789 CC 3.05e-06 82/1145   973/29107 D04 endoplasmic reticulum membrane           537.0, 1314.0, 1543.0, 1717.0, 1798.0, 1956.0, 2132.0, 2137.0, 2475.0, 3140.0, 3737.0, 3845.0, 4257.0, 5130.0, 6547.0, 6892.0, 7841.0, 8605.0, 8818.0, 9217.0, 9276.0, 9468.0, 9488.0, 9524.0, 9911.0, 10280.0, 10299.0, 10483.0, 10554.0, 10558.0, 10682.0, 10745.0, 22883.0, 23256.0, 23344.0, 23544.0, 23769.0, 23780.0, 26002.0, 26470.0, 27087.0, 28972.0, 51201.0, 51246.0, 51257.0, 51478.0, 51594.0, 54972.0, 54982.0, 55379.0, 56603.0, 56605.0, 56776.0, 56894.0, 57488.0, 57535.0, 57540.0, 63874.0, 64788.0, 79844.0, 79966.0, 80270.0, 83723.0, 83787.0, 83850.0, 84932.0, 85465.0, 90993.0, 93492.0, 94005.0, 94101.0, 112609.0, 128486.0, 145173.0, 154197.0, 165679.0, 202052.0, 204219.0, 255022.0, 548645.0, 729238.0, 100101267.0 
GO:0005739 CC 3.68e-06 105/1145  1305/29107 D05 mitochondrion                            291.0, 411.0, 501.0, 823.0, 1160.0, 1384.0, 1431.0, 1653.0, 1737.0, 2011.0, 2232.0, 2309.0, 2537.0, 2806.0, 2820.0, 2931.0, 2932.0, 3098.0, 3419.0, 3421.0, 3607.0, 4137.0, 4191.0, 4257.0, 4710.0, 4711.0, 4898.0, 4923.0, 4967.0, 5106.0, 5160.0, 5165.0, 5264.0, 5566.0, 5578.0, 5595.0, 5604.0, 6150.0, 6812.0, 7818.0, 8192.0, 8209.0, 8228.0, 8546.0, 8604.0, 8737.0, 8739.0, 8802.0, 8878.0, 8996.0, 9054.0, 9329.0, 9361.0, 9673.0, 9722.0, 9927.0, 10102.0, 10367.0, 10469.0, 10651.0, 10667.0, 10884.0, 22843.0, 23095.0, 23395.0, 23408.0, 23530.0, 23786.0, 25953.0, 26024.0, 26056.0, 26128.0, 26517.0, 29074.0, 29083.0, 51660.0, 51754.0, 55173.0, 55278.0, 55687.0, 56942.0, 57546.0, 63874.0, 64837.0, 65260.0, 79085.0, 79680.0, 79705.0, 79944.0, 80179.0, 83637.0, 83787.0, 84340.0, 89876.0, 90529.0, 91574.0, 112817.0, 116447.0, 133522.0, 160760.0, 171425.0, 196294.0, 283459.0, 339983.0, 548596.0 
GO:0016020 CC 4.10e-06 152/1145  2120/29107 D02 membrane                                 160.0, 163.0, 291.0, 311.0, 378.0, 493.0, 823.0, 831.0, 952.0, 975.0, 1291.0, 1314.0, 1653.0, 1687.0, 1717.0, 1798.0, 1956.0, 1982.0, 2011.0, 2026.0, 2125.0, 2132.0, 2277.0, 2475.0, 2539.0, 2620.0, 2778.0, 2975.0, 3845.0, 3858.0, 3949.0, 3964.0, 4137.0, 4191.0, 4249.0, 4354.0, 4736.0, 4940.0, 4952.0, 5002.0, 5141.0, 5213.0, 5291.0, 5295.0, 5297.0, 5566.0, 5705.0, 5708.0, 5869.0, 5877.0, 6158.0, 6203.0, 6217.0, 6231.0, 6259.0, 6302.0, 6311.0, 6511.0, 6534.0, 6547.0, 6557.0, 6844.0, 7095.0, 7520.0, 7531.0, 7781.0, 7841.0, 8228.0, 8266.0, 8361.0, 8482.0, 8546.0, 8605.0, 8711.0, 8877.0, 8996.0, 9107.0, 9175.0, 9361.0, 9392.0, 9631.0, 9665.0, 9777.0, 9785.0, 9827.0, 9922.0, 10000.0, 10015.0, 10043.0, 10197.0, 10280.0, 10299.0, 10384.0, 10391.0, 10424.0, 10505.0, 10554.0, 10658.0, 11118.0, 11128.0, 11230.0, 22986.0, 23154.0, 23193.0, 23265.0, 23339.0, 23344.0, 23367.0, 23509.0, 23527.0, 23530.0, 23633.0, 23780.0, 25953.0, 26999.0, 27229.0, 50651.0, 51054.0, 51382.0, 51594.0, 54982.0, 55275.0, 55379.0, 55613.0, 56894.0, 57185.0, 57488.0, 57555.0, 57707.0, 64397.0, 64837.0, 66036.0, 79902.0, 80228.0, 84975.0, 90993.0, 94005.0, 95681.0, 112755.0, 114884.0, 121665.0, 123606.0, 140885.0, 150379.0, 168507.0, 196500.0, 221092.0, 222662.0, 260425.0, 286046.0, 317781.0, 342372.0 
GO:0005829 CC 4.58e-06 317/1145  5294/29107 D02 cytosol                                  31.0, 132.0, 160.0, 163.0, 311.0, 320.0, 355.0, 378.0, 501.0, 535.0, 547.0, 599.0, 823.0, 831.0, 840.0, 1036.0, 1314.0, 1384.0, 1653.0, 1687.0, 1729.0, 1795.0, 1850.0, 1968.0, 1982.0, 2026.0, 2036.0, 2068.0, 2125.0, 2258.0, 2309.0, 2475.0, 2539.0, 2620.0, 2778.0, 2805.0, 2931.0, 2932.0, 2947.0, 2948.0, 3069.0, 3098.0, 3145.0, 3702.0, 3795.0, 3845.0, 3858.0, 3964.0, 4008.0, 4045.0, 4092.0, 4130.0, 4131.0, 4137.0, 4204.0, 4736.0, 4862.0, 4898.0, 4905.0, 4940.0, 4952.0, 4986.0, 4998.0, 5026.0, 5053.0, 5058.0, 5106.0, 5130.0, 5141.0, 5198.0, 5213.0, 5264.0, 5291.0, 5295.0, 5297.0, 5306.0, 5393.0, 5522.0, 5526.0, 5528.0, 5529.0, 5532.0, 5566.0, 5578.0, 5595.0, 5603.0, 5604.0, 5607.0, 5693.0, 5705.0, 5708.0, 5711.0, 5723.0, 5771.0, 5877.0, 6158.0, 6196.0, 6203.0, 6217.0, 6231.0, 6311.0, 6468.0, 6606.0, 6611.0, 6632.0, 6732.0, 6812.0, 6843.0, 6844.0, 7006.0, 7030.0, 7332.0, 7360.0, 7407.0, 7443.0, 7520.0, 7531.0, 7706.0, 8030.0, 8195.0, 8226.0, 8228.0, 8237.0, 8266.0, 8458.0, 8476.0, 8538.0, 8544.0, 8565.0, 8567.0, 8605.0, 8618.0, 8648.0, 8672.0, 8675.0, 8737.0, 8790.0, 8833.0, 8867.0, 8877.0, 8878.0, 8916.0, 8935.0, 8996.0, 9054.0, 9097.0, 9107.0, 9240.0, 9276.0, 9325.0, 9361.0, 9442.0, 9520.0, 9631.0, 9696.0, 9722.0, 9827.0, 9847.0, 9870.0, 9887.0, 9912.0, 9927.0, 9980.0, 10015.0, 10043.0, 10073.0, 10156.0, 10197.0, 10233.0, 10280.0, 10451.0, 10483.0, 10542.0, 10579.0, 10591.0, 10980.0, 11128.0, 11165.0, 11171.0, 11190.0, 11215.0, 11336.0, 11337.0, 22844.0, 22848.0, 22849.0, 22853.0, 22880.0, 22895.0, 22920.0, 23066.0, 23089.0, 23154.0, 23167.0, 23171.0, 23256.0, 23265.0, 23274.0, 23318.0, 23322.0, 23329.0, 23408.0, 23475.0, 23729.0, 24149.0, 25820.0, 26268.0, 26586.0, 26999.0, 27124.0, 27154.0, 27183.0, 27229.0, 29780.0, 50488.0, 51054.0, 51112.0, 51257.0, 51324.0, 51382.0, 51562.0, 51594.0, 51701.0, 51808.0, 54472.0, 54737.0, 54957.0, 54981.0, 55008.0, 55275.0, 55613.0, 55670.0, 55697.0, 55742.0, 55748.0, 56776.0, 56950.0, 56954.0, 57492.0, 57706.0, 57707.0, 57787.0, 57826.0, 58485.0, 58488.0, 59343.0, 63826.0, 63939.0, 64397.0, 64708.0, 64780.0, 64789.0, 64837.0, 65244.0, 66036.0, 79003.0, 79068.0, 79705.0, 79902.0, 80150.0, 80179.0, 80325.0, 80765.0, 81609.0, 81617.0, 83549.0, 83592.0, 83988.0, 84078.0, 84172.0, 84618.0, 84727.0, 84961.0, 85302.0, 85459.0, 90135.0, 92369.0, 92749.0, 93492.0, 95681.0, 112755.0, 113675.0, 114757.0, 114884.0, 116028.0, 122416.0, 128312.0, 128866.0, 130340.0, 133522.0, 139596.0, 140838.0, 147179.0, 150379.0, 150726.0, 161725.0, 162466.0, 196541.0, 221143.0, 221692.0, 245973.0, 246330.0, 282969.0, 283455.0, 339829.0, 342667.0, 375337.0, 388121.0, 388552.0, 399818.0, 401541.0, 440073.0, 641371.0, 643246.0, 644943.0, 653689.0, 729438.0 
GO:0016021 CC 4.59e-06 204/1145  3536/29107 D03 integral component of membrane           355.0, 518.0, 533.0, 535.0, 537.0, 685.0, 952.0, 975.0, 1005.0, 1141.0, 1185.0, 1687.0, 1798.0, 1954.0, 2132.0, 2137.0, 2537.0, 2587.0, 2686.0, 3140.0, 3454.0, 3737.0, 3745.0, 3746.0, 3748.0, 3749.0, 3750.0, 3752.0, 3765.0, 3787.0, 3897.0, 4249.0, 4257.0, 4509.0, 4986.0, 5002.0, 6259.0, 6489.0, 6545.0, 6557.0, 6892.0, 7095.0, 7306.0, 7841.0, 8567.0, 8604.0, 8675.0, 8739.0, 8744.0, 8995.0, 9217.0, 9488.0, 9673.0, 9687.0, 9777.0, 9900.0, 9911.0, 9917.0, 9927.0, 10079.0, 10280.0, 10299.0, 10317.0, 10384.0, 10385.0, 10410.0, 10424.0, 10463.0, 10554.0, 10558.0, 10712.0, 10745.0, 11118.0, 11119.0, 11122.0, 11230.0, 11237.0, 22853.0, 22859.0, 22986.0, 22987.0, 23017.0, 23274.0, 23359.0, 23530.0, 23544.0, 23585.0, 23731.0, 23786.0, 26002.0, 26032.0, 26470.0, 26507.0, 27087.0, 29103.0, 29906.0, 50651.0, 50838.0, 51232.0, 51246.0, 51257.0, 51363.0, 51478.0, 51522.0, 51754.0, 54674.0, 54798.0, 54847.0, 54914.0, 54916.0, 54972.0, 54982.0, 55117.0, 55353.0, 55379.0, 55831.0, 56851.0, 56894.0, 56937.0, 57084.0, 57106.0, 57156.0, 57185.0, 57393.0, 57452.0, 57463.0, 57468.0, 57512.0, 57535.0, 57540.0, 64132.0, 64420.0, 64478.0, 64788.0, 79057.0, 79064.0, 79085.0, 79369.0, 79794.0, 79827.0, 79844.0, 79901.0, 79939.0, 79944.0, 79966.0, 80045.0, 80144.0, 80146.0, 80228.0, 80270.0, 83723.0, 83787.0, 83857.0, 84620.0, 84900.0, 84975.0, 85455.0, 85465.0, 90273.0, 90993.0, 91179.0, 93492.0, 94101.0, 112609.0, 112755.0, 123606.0, 124842.0, 124925.0, 127833.0, 145173.0, 147184.0, 147670.0, 148808.0, 153328.0, 153339.0, 154197.0, 155066.0, 158326.0, 160728.0, 163702.0, 165679.0, 196264.0, 196500.0, 202052.0, 203197.0, 204219.0, 206358.0, 221477.0, 222553.0, 222662.0, 255275.0, 259294.0, 286046.0, 339983.0, 344805.0, 387804.0, 402778.0, 439921.0, 548645.0, 642987.0, 643853.0, 728661.0, 100101267.0, 100505876.0 
GO:0005737 CC 4.95e-06 265/1145  4681/29107 D02 cytoplasm                                165.0, 307.0, 311.0, 320.0, 378.0, 767.0, 823.0, 831.0, 840.0, 889.0, 1314.0, 1653.0, 1687.0, 1729.0, 1850.0, 1956.0, 1968.0, 2011.0, 2068.0, 2125.0, 2250.0, 2255.0, 2256.0, 2258.0, 2309.0, 2475.0, 2539.0, 2805.0, 2931.0, 2932.0, 2947.0, 2948.0, 3069.0, 3145.0, 3795.0, 3845.0, 3858.0, 3964.0, 4008.0, 4092.0, 4130.0, 4137.0, 4191.0, 4745.0, 4796.0, 4940.0, 4952.0, 5002.0, 5058.0, 5087.0, 5291.0, 5295.0, 5297.0, 5306.0, 5333.0, 5393.0, 5502.0, 5524.0, 5526.0, 5529.0, 5532.0, 5566.0, 5570.0, 5578.0, 5595.0, 5603.0, 5705.0, 5723.0, 6196.0, 6203.0, 6259.0, 6281.0, 6311.0, 6443.0, 6606.0, 6732.0, 6812.0, 6870.0, 6904.0, 6992.0, 7030.0, 7306.0, 7332.0, 7360.0, 7443.0, 7461.0, 7531.0, 7781.0, 7802.0, 7941.0, 8195.0, 8228.0, 8266.0, 8317.0, 8476.0, 8544.0, 8565.0, 8567.0, 8629.0, 8650.0, 8675.0, 8711.0, 8790.0, 8877.0, 8878.0, 8935.0, 9107.0, 9175.0, 9217.0, 9240.0, 9325.0, 9392.0, 9419.0, 9468.0, 9520.0, 9568.0, 9572.0, 9665.0, 9870.0, 9887.0, 9915.0, 10000.0, 10043.0, 10044.0, 10197.0, 10209.0, 10233.0, 10391.0, 10464.0, 10579.0, 10614.0, 10651.0, 10658.0, 10667.0, 10983.0, 11043.0, 11165.0, 11170.0, 11171.0, 11215.0, 22848.0, 22849.0, 22880.0, 22884.0, 22891.0, 22924.0, 22949.0, 22983.0, 23007.0, 23089.0, 23170.0, 23255.0, 23318.0, 23322.0, 23339.0, 23367.0, 23428.0, 23475.0, 23558.0, 23633.0, 23729.0, 24139.0, 25820.0, 25862.0, 26268.0, 26999.0, 27124.0, 27183.0, 29780.0, 50488.0, 51247.0, 51341.0, 51397.0, 51701.0, 54221.0, 54472.0, 54715.0, 54737.0, 54765.0, 54800.0, 54970.0, 54981.0, 55036.0, 55342.0, 55613.0, 55742.0, 55775.0, 56163.0, 56603.0, 56776.0, 56938.0, 56950.0, 57393.0, 57446.0, 57460.0, 57540.0, 57664.0, 57707.0, 57787.0, 57826.0, 63826.0, 64780.0, 65244.0, 66036.0, 79068.0, 79705.0, 79858.0, 80146.0, 80150.0, 80179.0, 80206.0, 80210.0, 80212.0, 80325.0, 81551.0, 83549.0, 83660.0, 83861.0, 84224.0, 84288.0, 84790.0, 84926.0, 84930.0, 85459.0, 113246.0, 113878.0, 114804.0, 121214.0, 123803.0, 127003.0, 128866.0, 130589.0, 137902.0, 138715.0, 139596.0, 146713.0, 150094.0, 150379.0, 154197.0, 161725.0, 196541.0, 202243.0, 202500.0, 219621.0, 221477.0, 221937.0, 255119.0, 255239.0, 255275.0, 259217.0, 260425.0, 283455.0, 286077.0, 339983.0, 340120.0, 341019.0, 345557.0, 348093.0, 387119.0, 387694.0, 388121.0, 388677.0, 389072.0, 399818.0, 653689.0 
GO:0005886 CC 5.11e-06 254/1145  4487/29107 D03 plasma membrane                          117.0, 132.0, 160.0, 163.0, 307.0, 320.0, 355.0, 357.0, 378.0, 419.0, 486.0, 493.0, 535.0, 552.0, 685.0, 823.0, 889.0, 952.0, 975.0, 1005.0, 1141.0, 1317.0, 1395.0, 1687.0, 1729.0, 1944.0, 1946.0, 1956.0, 2011.0, 2026.0, 2036.0, 2195.0, 2255.0, 2258.0, 2264.0, 2537.0, 2587.0, 2686.0, 2788.0, 2806.0, 2859.0, 2932.0, 3069.0, 3140.0, 3454.0, 3682.0, 3702.0, 3737.0, 3745.0, 3746.0, 3748.0, 3749.0, 3750.0, 3752.0, 3765.0, 3779.0, 3787.0, 3821.0, 3845.0, 3897.0, 3949.0, 4045.0, 4092.0, 4131.0, 4137.0, 4257.0, 4354.0, 4905.0, 4923.0, 4940.0, 4952.0, 4986.0, 4987.0, 5002.0, 5026.0, 5058.0, 5097.0, 5130.0, 5141.0, 5291.0, 5295.0, 5297.0, 5333.0, 5532.0, 5578.0, 5595.0, 5604.0, 5660.0, 5771.0, 5869.0, 5878.0, 5899.0, 6051.0, 6259.0, 6327.0, 6511.0, 6534.0, 6545.0, 6547.0, 6557.0, 6732.0, 6812.0, 6843.0, 6844.0, 6861.0, 6870.0, 7006.0, 7520.0, 7531.0, 7781.0, 8372.0, 8482.0, 8516.0, 8567.0, 8605.0, 8648.0, 8650.0, 8737.0, 8744.0, 8745.0, 8877.0, 8935.0, 8995.0, 9097.0, 9217.0, 9545.0, 9568.0, 9696.0, 9827.0, 9847.0, 9900.0, 10043.0, 10079.0, 10098.0, 10156.0, 10384.0, 10385.0, 10410.0, 10505.0, 10579.0, 11118.0, 11119.0, 11120.0, 11122.0, 11215.0, 11337.0, 22808.0, 22844.0, 22849.0, 22859.0, 22865.0, 22983.0, 22987.0, 23007.0, 23167.0, 23171.0, 23256.0, 23265.0, 23322.0, 23329.0, 23344.0, 23428.0, 23551.0, 23769.0, 26470.0, 26507.0, 27124.0, 27183.0, 29780.0, 50838.0, 50856.0, 51181.0, 51201.0, 51232.0, 51382.0, 51449.0, 51754.0, 53826.0, 53916.0, 54221.0, 54737.0, 54798.0, 54847.0, 55117.0, 55353.0, 55742.0, 55775.0, 56776.0, 56894.0, 56937.0, 57156.0, 57393.0, 57468.0, 57492.0, 57512.0, 57535.0, 57555.0, 57664.0, 57826.0, 59283.0, 59284.0, 63826.0, 64780.0, 64837.0, 79057.0, 79068.0, 79827.0, 79901.0, 80036.0, 80144.0, 80325.0, 83660.0, 84106.0, 84443.0, 84932.0, 84975.0, 85455.0, 85459.0, 93492.0, 112609.0, 112755.0, 114804.0, 116372.0, 118426.0, 121665.0, 123606.0, 124925.0, 127833.0, 131034.0, 140885.0, 142684.0, 147179.0, 160728.0, 161253.0, 163702.0, 196264.0, 196500.0, 200958.0, 206358.0, 221477.0, 222662.0, 259294.0, 260425.0, 283455.0, 284348.0, 285513.0, 286046.0, 341350.0, 342372.0, 344805.0, 387804.0, 388121.0, 389072.0, 402778.0 
GO:0008021 CC 8.38e-06 17/1145   125/29107 D09 synaptic vesicle                         320.0, 547.0, 6844.0, 7781.0, 8224.0, 8927.0, 9545.0, 9892.0, 9900.0, 9922.0, 22895.0, 22987.0, 23095.0, 23335.0, 112755.0, 142684.0, 388662.0 
GO:0032809 CC 8.61e-06  8/1145    28/29107 D03 neuronal cell body membrane              3737.0, 3745.0, 3746.0, 3748.0, 3749.0, 6870.0, 23769.0, 57463.0 
GO:0043005 CC 1.39e-05 31/1145   338/29107 D04 neuron projection                        117.0, 493.0, 1140.0, 1141.0, 2258.0, 4130.0, 4137.0, 4986.0, 4987.0, 5723.0, 6606.0, 6843.0, 6844.0, 7781.0, 8648.0, 9568.0, 9900.0, 11170.0, 22849.0, 22859.0, 22895.0, 22983.0, 22987.0, 23095.0, 26999.0, 55964.0, 57084.0, 57468.0, 57787.0, 81551.0, 114757.0 
GO:0070062 CC 2.58e-05 124/1145  2169/29107 D06 extracellular exosome                    165.0, 280.0, 307.0, 311.0, 355.0, 357.0, 378.0, 411.0, 419.0, 486.0, 501.0, 535.0, 537.0, 563.0, 823.0, 952.0, 975.0, 1291.0, 1314.0, 1431.0, 1509.0, 1954.0, 1968.0, 2026.0, 2125.0, 2132.0, 2195.0, 2539.0, 2588.0, 2778.0, 2788.0, 2805.0, 2806.0, 2947.0, 3015.0, 3795.0, 3858.0, 4191.0, 4249.0, 4736.0, 5198.0, 5274.0, 5297.0, 5306.0, 5333.0, 5393.0, 5524.0, 5566.0, 5578.0, 5660.0, 5693.0, 5705.0, 5708.0, 5869.0, 5878.0, 5899.0, 6051.0, 6158.0, 6203.0, 6217.0, 6231.0, 6281.0, 6557.0, 6611.0, 6649.0, 6812.0, 7060.0, 7360.0, 7531.0, 7841.0, 8361.0, 8476.0, 8857.0, 8878.0, 9097.0, 9520.0, 9545.0, 9687.0, 9696.0, 9980.0, 10015.0, 10043.0, 10591.0, 11043.0, 11167.0, 11190.0, 22949.0, 23171.0, 23193.0, 23318.0, 23475.0, 26999.0, 27183.0, 28970.0, 50488.0, 51181.0, 51382.0, 51449.0, 54414.0, 54472.0, 54972.0, 55748.0, 56954.0, 57393.0, 57446.0, 57535.0, 57544.0, 57826.0, 79901.0, 80146.0, 80210.0, 84932.0, 128866.0, 130589.0, 131034.0, 140885.0, 148811.0, 160728.0, 219681.0, 245973.0, 259217.0, 342372.0, 653689.0, 100499483.0 
GO:0005815 CC 4.14e-05 14/1145   101/29107 D02 microtubule organizing center            1729.0, 5058.0, 5604.0, 10015.0, 10129.0, 10579.0, 11190.0, 11215.0, 22924.0, 23170.0, 23265.0, 57787.0, 112755.0, 644943.0 
GO:0030285 CC 5.10e-05  8/1145    35/29107 D05 integral component of synaptic vesicle membrane 4986.0, 6843.0, 6844.0, 7781.0, 9900.0, 22987.0, 57084.0, 388662.0 
GO:0005634 CC 7.13e-05 264/1145  5367/29107 D05 nucleus                                  132.0, 165.0, 307.0, 320.0, 501.0, 563.0, 840.0, 952.0, 1161.0, 1389.0, 1431.0, 1653.0, 1729.0, 1789.0, 1850.0, 1954.0, 1956.0, 2068.0, 2195.0, 2255.0, 2256.0, 2258.0, 2309.0, 2475.0, 2539.0, 2794.0, 2805.0, 2931.0, 2932.0, 2947.0, 3005.0, 3006.0, 3007.0, 3015.0, 3069.0, 3419.0, 3607.0, 3702.0, 3858.0, 4008.0, 4092.0, 4137.0, 4175.0, 4191.0, 4204.0, 4257.0, 4736.0, 4862.0, 4952.0, 4967.0, 4998.0, 5087.0, 5089.0, 5130.0, 5141.0, 5160.0, 5213.0, 5291.0, 5295.0, 5306.0, 5356.0, 5393.0, 5524.0, 5526.0, 5528.0, 5529.0, 5566.0, 5570.0, 5595.0, 5603.0, 5604.0, 5607.0, 5693.0, 5705.0, 5708.0, 5929.0, 5980.0, 6196.0, 6203.0, 6259.0, 6606.0, 6632.0, 6649.0, 6732.0, 6870.0, 6880.0, 6992.0, 7014.0, 7030.0, 7332.0, 7360.0, 7443.0, 7461.0, 7520.0, 7531.0, 7564.0, 7701.0, 7703.0, 7760.0, 7799.0, 8089.0, 8195.0, 8220.0, 8237.0, 8266.0, 8317.0, 8361.0, 8538.0, 8544.0, 8629.0, 8648.0, 8650.0, 8877.0, 8927.0, 9054.0, 9097.0, 9325.0, 9442.0, 9520.0, 9524.0, 9572.0, 9576.0, 9722.0, 9785.0, 9831.0, 9887.0, 9915.0, 10000.0, 10036.0, 10197.0, 10209.0, 10229.0, 10463.0, 10464.0, 10474.0, 10591.0, 10614.0, 10658.0, 10716.0, 10983.0, 11165.0, 11170.0, 11171.0, 11281.0, 22843.0, 22849.0, 22864.0, 22880.0, 22883.0, 22884.0, 23066.0, 23099.0, 23125.0, 23170.0, 23408.0, 23558.0, 23633.0, 23660.0, 23786.0, 25820.0, 25953.0, 26999.0, 27183.0, 28970.0, 29855.0, 51112.0, 51157.0, 51181.0, 51341.0, 51427.0, 51701.0, 51754.0, 51808.0, 54715.0, 54737.0, 54807.0, 54845.0, 54856.0, 55170.0, 55342.0, 55742.0, 55775.0, 56163.0, 56256.0, 56257.0, 56776.0, 56938.0, 56948.0, 56950.0, 57050.0, 57106.0, 57460.0, 57541.0, 57593.0, 57721.0, 59343.0, 64288.0, 64789.0, 64848.0, 79003.0, 79068.0, 79230.0, 79858.0, 79968.0, 80150.0, 81931.0, 83637.0, 84078.0, 84498.0, 84678.0, 84790.0, 84930.0, 84950.0, 85012.0, 85453.0, 90121.0, 90529.0, 90874.0, 90993.0, 93492.0, 112755.0, 114804.0, 116113.0, 118924.0, 123803.0, 124359.0, 126526.0, 128312.0, 128866.0, 133522.0, 134510.0, 138715.0, 139735.0, 140597.0, 146050.0, 146713.0, 147687.0, 147947.0, 148206.0, 150094.0, 151126.0, 158431.0, 161725.0, 162968.0, 196541.0, 219578.0, 221092.0, 221692.0, 221937.0, 255119.0, 255239.0, 256309.0, 259217.0, 260425.0, 282890.0, 283385.0, 317781.0, 340120.0, 342357.0, 388610.0, 399818.0, 401541.0, 642636.0, 731220.0 
GO:0010008 CC 9.92e-05 22/1145   227/29107 D06 endosome membrane                        533.0, 535.0, 537.0, 1185.0, 1509.0, 1956.0, 3949.0, 7306.0, 8650.0, 8737.0, 11230.0, 23154.0, 23527.0, 27072.0, 27183.0, 51257.0, 51324.0, 55275.0, 55697.0, 56937.0, 79844.0, 155066.0 
GO:0005635 CC 1.09e-04 19/1145   182/29107 D04 nuclear envelope                         311.0, 2475.0, 4008.0, 4745.0, 5002.0, 5130.0, 5595.0, 8605.0, 9107.0, 9631.0, 10280.0, 10424.0, 10682.0, 55379.0, 55613.0, 56894.0, 79902.0, 128866.0, 100101267.0 
GO:0030672 CC 1.43e-04 11/1145    74/29107 D08 synaptic vesicle membrane                6843.0, 6844.0, 6861.0, 8224.0, 8927.0, 9900.0, 22895.0, 22987.0, 57084.0, 118426.0, 127833.0 
GO:0005765 CC 1.57e-04 28/1145   331/29107 D07 lysosomal membrane                       533.0, 535.0, 1185.0, 1291.0, 1509.0, 2475.0, 4905.0, 5660.0, 5878.0, 7781.0, 8546.0, 10410.0, 10542.0, 23339.0, 27072.0, 29919.0, 51257.0, 51382.0, 55353.0, 55686.0, 57535.0, 57707.0, 64837.0, 79901.0, 130340.0, 155066.0, 206358.0, 245973.0 
GO:0043204 CC 1.71e-04 17/1145   158/29107 D02 perikaryon                               2026.0, 2806.0, 3737.0, 3745.0, 3748.0, 4131.0, 4923.0, 4986.0, 5274.0, 6547.0, 6606.0, 8516.0, 10505.0, 23154.0, 54800.0, 57463.0, 146713.0 
GO:0005769 CC 1.88e-04 24/1145   268/29107 D08 early endosome                           3949.0, 4952.0, 5595.0, 5604.0, 5869.0, 5878.0, 8372.0, 8650.0, 9388.0, 9392.0, 9777.0, 10043.0, 10079.0, 22853.0, 23355.0, 26056.0, 27072.0, 27183.0, 54982.0, 55353.0, 59284.0, 81609.0, 114804.0, 123606.0 
GO:0008076 CC 2.06e-04 11/1145    77/29107 D07 voltage-gated potassium channel complex  3737.0, 3745.0, 3746.0, 3748.0, 3749.0, 3750.0, 3752.0, 3779.0, 3787.0, 126755.0, 219527.0 
GO:0099060 CC 3.40e-04  6/1145    25/29107 D07 integral component of postsynaptic specialization membrane 1140.0, 1141.0, 3752.0, 22865.0, 57555.0, 729956.0 
GO:0014069 CC 3.78e-04 22/1145   247/29107 D04 postsynaptic density                     3750.0, 3752.0, 4131.0, 4736.0, 4905.0, 6547.0, 8224.0, 8516.0, 8927.0, 9419.0, 9912.0, 9922.0, 10280.0, 10505.0, 22849.0, 22859.0, 50488.0, 51201.0, 59283.0, 388336.0, 440073.0, 729956.0 
GO:0000159 CC 3.89e-04  5/1145    17/29107 D06 protein phosphatase type 2A complex      5522.0, 5524.0, 5526.0, 5528.0, 5529.0 
GO:0005759 CC 4.38e-04 30/1145   381/29107 D05 mitochondrial matrix                     501.0, 1431.0, 1737.0, 2232.0, 2309.0, 2806.0, 3419.0, 3421.0, 4191.0, 4967.0, 5106.0, 5160.0, 5165.0, 8192.0, 8802.0, 9054.0, 9361.0, 10102.0, 10469.0, 10667.0, 23395.0, 23408.0, 26024.0, 57546.0, 80222.0, 84340.0, 84869.0, 112817.0, 160760.0, 339983.0 
GO:0005930 CC 5.08e-04 13/1145   113/29107 D02 axoneme                                  1769.0, 5566.0, 7802.0, 9576.0, 11337.0, 22920.0, 23322.0, 26074.0, 55036.0, 85478.0, 89876.0, 92749.0, 339829.0 
GO:0005524 MF 3.06e-06 100/1145  1458/29107 D08 ATP binding                              31.0, 132.0, 493.0, 537.0, 547.0, 1160.0, 1185.0, 1653.0, 1769.0, 1956.0, 2011.0, 2068.0, 2264.0, 2475.0, 2931.0, 2932.0, 3098.0, 3421.0, 3702.0, 3795.0, 4175.0, 4293.0, 4905.0, 4940.0, 4998.0, 5026.0, 5058.0, 5165.0, 5198.0, 5213.0, 5291.0, 5297.0, 5524.0, 5566.0, 5578.0, 5595.0, 5603.0, 5604.0, 5607.0, 5705.0, 6196.0, 6259.0, 6732.0, 7006.0, 7332.0, 7407.0, 7443.0, 7520.0, 8195.0, 8224.0, 8317.0, 8458.0, 8476.0, 8565.0, 8711.0, 8737.0, 8833.0, 8877.0, 9175.0, 9361.0, 9785.0, 9917.0, 10000.0, 10079.0, 10469.0, 10667.0, 22848.0, 22853.0, 22880.0, 22983.0, 23095.0, 23170.0, 23395.0, 23729.0, 27183.0, 50488.0, 51701.0, 54981.0, 54986.0, 55278.0, 55687.0, 57787.0, 63826.0, 64848.0, 79705.0, 79858.0, 80179.0, 80222.0, 83549.0, 84930.0, 91461.0, 127602.0, 150094.0, 255239.0, 259217.0, 260425.0, 283455.0, 283459.0, 317781.0, 548596.0 
GO:0005544 MF 5.56e-06 11/1145    53/29107 D04 calcium-dependent phospholipid binding   307.0, 311.0, 6861.0, 8605.0, 9847.0, 22895.0, 23344.0, 57488.0, 83850.0, 127833.0, 131034.0 
GO:0106310 MF 6.94e-06 33/1145   359/29107 D07 protein serine kinase activity           2011.0, 2475.0, 2931.0, 2932.0, 4293.0, 5058.0, 5566.0, 5578.0, 5595.0, 5603.0, 5604.0, 5607.0, 6196.0, 6732.0, 7443.0, 8317.0, 8476.0, 8737.0, 9175.0, 10000.0, 22848.0, 22853.0, 22983.0, 50488.0, 51701.0, 54986.0, 57787.0, 79705.0, 79858.0, 84930.0, 150094.0, 255239.0, 283455.0 
GO:0106311 MF 6.94e-06 33/1145   359/29107 D07 protein threonine kinase activity        2011.0, 2475.0, 2931.0, 2932.0, 4293.0, 5058.0, 5566.0, 5578.0, 5595.0, 5603.0, 5604.0, 5607.0, 6196.0, 6732.0, 7443.0, 8317.0, 8476.0, 8737.0, 9175.0, 10000.0, 22848.0, 22853.0, 22983.0, 50488.0, 51701.0, 54986.0, 57787.0, 79705.0, 79858.0, 84930.0, 150094.0, 255239.0, 283455.0 
GO:0005515 MF 7.24e-06 713/1145 12417/29107 D02 protein binding                          31.0, 117.0, 160.0, 163.0, 291.0, 307.0, 311.0, 320.0, 355.0, 357.0, 378.0, 493.0, 501.0, 533.0, 535.0, 537.0, 547.0, 552.0, 563.0, 599.0, 607.0, 685.0, 767.0, 797.0, 823.0, 831.0, 840.0, 889.0, 975.0, 1140.0, 1141.0, 1160.0, 1161.0, 1314.0, 1389.0, 1395.0, 1415.0, 1509.0, 1543.0, 1653.0, 1687.0, 1717.0, 1729.0, 1737.0, 1789.0, 1795.0, 1798.0, 1944.0, 1946.0, 1954.0, 1956.0, 1968.0, 1982.0, 2011.0, 2026.0, 2036.0, 2068.0, 2104.0, 2132.0, 2137.0, 2195.0, 2255.0, 2256.0, 2258.0, 2264.0, 2277.0, 2309.0, 2475.0, 2537.0, 2539.0, 2587.0, 2686.0, 2778.0, 2788.0, 2931.0, 2932.0, 2947.0, 2948.0, 2975.0, 2978.0, 3005.0, 3006.0, 3015.0, 3069.0, 3098.0, 3140.0, 3145.0, 3419.0, 3421.0, 3454.0, 3607.0, 3702.0, 3737.0, 3745.0, 3746.0, 3749.0, 3752.0, 3765.0, 3787.0, 3795.0, 3821.0, 3845.0, 3858.0, 3897.0, 3949.0, 3964.0, 4013.0, 4045.0, 4092.0, 4130.0, 4131.0, 4137.0, 4175.0, 4204.0, 4257.0, 4293.0, 4331.0, 4335.0, 4354.0, 4509.0, 4711.0, 4736.0, 4741.0, 4745.0, 4796.0, 4862.0, 4898.0, 4905.0, 4923.0, 4940.0, 4943.0, 4952.0, 4967.0, 4986.0, 4987.0, 4998.0, 5002.0, 5058.0, 5069.0, 5087.0, 5089.0, 5106.0, 5130.0, 5141.0, 5149.0, 5160.0, 5165.0, 5213.0, 5264.0, 5291.0, 5295.0, 5297.0, 5306.0, 5333.0, 5356.0, 5393.0, 5502.0, 5522.0, 5524.0, 5526.0, 5528.0, 5529.0, 5532.0, 5535.0, 5566.0, 5578.0, 5595.0, 5603.0, 5604.0, 5607.0, 5660.0, 5693.0, 5705.0, 5708.0, 5711.0, 5771.0, 5869.0, 5877.0, 5878.0, 5899.0, 5929.0, 5980.0, 5995.0, 6119.0, 6150.0, 6158.0, 6196.0, 6203.0, 6217.0, 6231.0, 6259.0, 6281.0, 6302.0, 6311.0, 6443.0, 6468.0, 6489.0, 6585.0, 6601.0, 6606.0, 6632.0, 6649.0, 6732.0, 6812.0, 6838.0, 6843.0, 6844.0, 6870.0, 6880.0, 6884.0, 6892.0, 6904.0, 6992.0, 7006.0, 7014.0, 7030.0, 7060.0, 7102.0, 7127.0, 7306.0, 7332.0, 7360.0, 7407.0, 7443.0, 7520.0, 7531.0, 7564.0, 7703.0, 7706.0, 7760.0, 7781.0, 7802.0, 7818.0, 8030.0, 8089.0, 8192.0, 8195.0, 8220.0, 8226.0, 8237.0, 8266.0, 8317.0, 8361.0, 8372.0, 8458.0, 8476.0, 8482.0, 8538.0, 8544.0, 8546.0, 8562.0, 8565.0, 8567.0, 8604.0, 8605.0, 8618.0, 8629.0, 8648.0, 8650.0, 8675.0, 8711.0, 8737.0, 8739.0, 8745.0, 8802.0, 8818.0, 8857.0, 8877.0, 8878.0, 8935.0, 8995.0, 8996.0, 9054.0, 9097.0, 9107.0, 9175.0, 9202.0, 9217.0, 9240.0, 9276.0, 9325.0, 9329.0, 9361.0, 9392.0, 9403.0, 9419.0, 9442.0, 9524.0, 9545.0, 9568.0, 9572.0, 9631.0, 9665.0, 9695.0, 9696.0, 9722.0, 9777.0, 9785.0, 9806.0, 9827.0, 9831.0, 9870.0, 9887.0, 9892.0, 9911.0, 9912.0, 9915.0, 9917.0, 9922.0, 9927.0, 9980.0, 10000.0, 10015.0, 10036.0, 10043.0, 10044.0, 10073.0, 10079.0, 10098.0, 10102.0, 10197.0, 10209.0, 10220.0, 10229.0, 10233.0, 10280.0, 10299.0, 10317.0, 10367.0, 10385.0, 10391.0, 10410.0, 10424.0, 10451.0, 10464.0, 10469.0, 10474.0, 10483.0, 10542.0, 10554.0, 10558.0, 10591.0, 10614.0, 10651.0, 10658.0, 10667.0, 10682.0, 10712.0, 10716.0, 10980.0, 10983.0, 11118.0, 11119.0, 11122.0, 11165.0, 11167.0, 11170.0, 11171.0, 11190.0, 11215.0, 11230.0, 11237.0, 11272.0, 11281.0, 11336.0, 11337.0, 22808.0, 22843.0, 22844.0, 22848.0, 22849.0, 22853.0, 22859.0, 22864.0, 22865.0, 22880.0, 22883.0, 22891.0, 22895.0, 22920.0, 22924.0, 22949.0, 22983.0, 22986.0, 22987.0, 23017.0, 23066.0, 23089.0, 23095.0, 23099.0, 23125.0, 23154.0, 23170.0, 23193.0, 23256.0, 23265.0, 23318.0, 23322.0, 23326.0, 23339.0, 23344.0, 23349.0, 23355.0, 23367.0, 23428.0, 23475.0, 23558.0, 23585.0, 23633.0, 23660.0, 23780.0, 23786.0, 24139.0, 25820.0, 25862.0, 25953.0, 26002.0, 26024.0, 26056.0, 26128.0, 26268.0, 26507.0, 26517.0, 26999.0, 27072.0, 27087.0, 27122.0, 27124.0, 27154.0, 27156.0, 27183.0, 27229.0, 28970.0, 28972.0, 29074.0, 29083.0, 29094.0, 29103.0, 29780.0, 29855.0, 29906.0, 29919.0, 50488.0, 51060.0, 51112.0, 51157.0, 51181.0, 51246.0, 51247.0, 51257.0, 51280.0, 51324.0, 51341.0, 51363.0, 51382.0, 51397.0, 51400.0, 51427.0, 51449.0, 51522.0, 51562.0, 51660.0, 51701.0, 51754.0, 51808.0, 53826.0, 53916.0, 54221.0, 54438.0, 54472.0, 54715.0, 54737.0, 54765.0, 54800.0, 54845.0, 54887.0, 54913.0, 54914.0, 54957.0, 54981.0, 54982.0, 55117.0, 55170.0, 55275.0, 55278.0, 55342.0, 55346.0, 55353.0, 55379.0, 55592.0, 55613.0, 55670.0, 55686.0, 55689.0, 55697.0, 55742.0, 55775.0, 55798.0, 55831.0, 55964.0, 56256.0, 56257.0, 56603.0, 56605.0, 56851.0, 56894.0, 56937.0, 56942.0, 56950.0, 56961.0, 57050.0, 57148.0, 57185.0, 57393.0, 57460.0, 57463.0, 57488.0, 57492.0, 57541.0, 57544.0, 57664.0, 57707.0, 57721.0, 57787.0, 57826.0, 58485.0, 58488.0, 59284.0, 59343.0, 63826.0, 63874.0, 63939.0, 64708.0, 64780.0, 64837.0, 64848.0, 65260.0, 65265.0, 66036.0, 78989.0, 79003.0, 79085.0, 79680.0, 79685.0, 79705.0, 79794.0, 79827.0, 79844.0, 79858.0, 79901.0, 79902.0, 79939.0, 79968.0, 79979.0, 80013.0, 80206.0, 80212.0, 80222.0, 80228.0, 80270.0, 80325.0, 81563.0, 81609.0, 81617.0, 83637.0, 83660.0, 83850.0, 83861.0, 83988.0, 84078.0, 84106.0, 84172.0, 84340.0, 84498.0, 84618.0, 84678.0, 84690.0, 84726.0, 84727.0, 84790.0, 84869.0, 84932.0, 84950.0, 84961.0, 84975.0, 85302.0, 85395.0, 85453.0, 89876.0, 90121.0, 90416.0, 90874.0, 90993.0, 91179.0, 91574.0, 92369.0, 94005.0, 94101.0, 95681.0, 112609.0, 112611.0, 112755.0, 112817.0, 113246.0, 113828.0, 113829.0, 113878.0, 114757.0, 114884.0, 115817.0, 116028.0, 116113.0, 116832.0, 117246.0, 118426.0, 118924.0, 121665.0, 123606.0, 123803.0, 124359.0, 124925.0, 126298.0, 126526.0, 127255.0, 127833.0, 128486.0, 128710.0, 128866.0, 130162.0, 130340.0, 131034.0, 131405.0, 134510.0, 138715.0, 139596.0, 147179.0, 147687.0, 148304.0, 149951.0, 149986.0, 150094.0, 150379.0, 153328.0, 153339.0, 158326.0, 158787.0, 160760.0, 161253.0, 161502.0, 162466.0, 162968.0, 163702.0, 165679.0, 168507.0, 196264.0, 196500.0, 196541.0, 202243.0, 203111.0, 204219.0, 206358.0, 219621.0, 219670.0, 221424.0, 221477.0, 221692.0, 221937.0, 222553.0, 222662.0, 246330.0, 255022.0, 255119.0, 255239.0, 255275.0, 256309.0, 259217.0, 259294.0, 260425.0, 283385.0, 283455.0, 283459.0, 283726.0, 284348.0, 285855.0, 286077.0, 339416.0, 339983.0, 340419.0, 341019.0, 342372.0, 342667.0, 345557.0, 348093.0, 386617.0, 388121.0, 388336.0, 388552.0, 388662.0, 388677.0, 401474.0, 401541.0, 441168.0, 497661.0, 541466.0, 548596.0, 548644.0, 643853.0, 644943.0, 653319.0, 729238.0, 729438.0, 100101267.0, 100820829.0 
GO:0004674 MF 1.03e-05 30/1145   312/29107 D06 protein serine/threonine kinase activity 2011.0, 2475.0, 2931.0, 2932.0, 4293.0, 5058.0, 5165.0, 5566.0, 5578.0, 5595.0, 5603.0, 5604.0, 6196.0, 6732.0, 7443.0, 8317.0, 8476.0, 8737.0, 8878.0, 9175.0, 10000.0, 22848.0, 22853.0, 22983.0, 50488.0, 51701.0, 57787.0, 79858.0, 84930.0, 150094.0 
GO:0008017 MF 2.66e-05 25/1145   254/29107 D05 microtubule binding                      547.0, 889.0, 2258.0, 2620.0, 4130.0, 4131.0, 4137.0, 4741.0, 7461.0, 9217.0, 9419.0, 11043.0, 11337.0, 22924.0, 22983.0, 23095.0, 23255.0, 24139.0, 27072.0, 55342.0, 57787.0, 85459.0, 283726.0, 341019.0, 643246.0 
GO:0000149 MF 3.65e-05 11/1145    64/29107 D03 SNARE binding                            4905.0, 6812.0, 6844.0, 6861.0, 7127.0, 8675.0, 9892.0, 11336.0, 51594.0, 112755.0, 127833.0 
GO:0000287 MF 6.24e-05 22/1145   220/29107 D05 magnesium ion binding                    2011.0, 2026.0, 3419.0, 3421.0, 3607.0, 5566.0, 5723.0, 6196.0, 6732.0, 8476.0, 8877.0, 10079.0, 11165.0, 22880.0, 22983.0, 51701.0, 63826.0, 64132.0, 84618.0, 150094.0, 152002.0, 171425.0 
GO:0005509 MF 7.08e-05 50/1145   704/29107 D05 calcium ion binding                      307.0, 311.0, 823.0, 1005.0, 1954.0, 2195.0, 2820.0, 2978.0, 3949.0, 4745.0, 5097.0, 5333.0, 5532.0, 5535.0, 6281.0, 6585.0, 6861.0, 7060.0, 7092.0, 8604.0, 8605.0, 8996.0, 9695.0, 9806.0, 9847.0, 10367.0, 11167.0, 22883.0, 22895.0, 23007.0, 23344.0, 50856.0, 54798.0, 56097.0, 56098.0, 57488.0, 63826.0, 64420.0, 78989.0, 79057.0, 79085.0, 79645.0, 83850.0, 83988.0, 84288.0, 92211.0, 127833.0, 219621.0, 286097.0, 388677.0 
GO:0005249 MF 7.98e-05 10/1145    58/29107 D09 voltage-gated potassium channel activity 3737.0, 3745.0, 3746.0, 3748.0, 3749.0, 3750.0, 3752.0, 3787.0, 126755.0, 219527.0 
GO:0016491 MF 1.30e-04 14/1145   112/29107 D02 oxidoreductase activity                  1543.0, 2232.0, 7306.0, 9403.0, 9524.0, 54438.0, 56603.0, 56605.0, 56948.0, 79901.0, 79966.0, 83592.0, 115817.0, 399671.0 
GO:0031210 MF 1.32e-04  7/1145    30/29107 D04 phosphatidylcholine binding              5130.0, 5306.0, 9468.0, 23344.0, 57488.0, 58488.0, 83850.0 
GO:0004984 MF 1.57e-06  0/1145   399/29107 D04 olfactory receptor activity               
