GO:0005615 CC 2.07e-12  35/156   920/16056 D02 extracellular space                      652.0, 1285.0, 1286.0, 1296.0, 1297.0, 1356.0, 1513.0, 2153.0, 2192.0, 2878.0, 2950.0, 3053.0, 3373.0, 3485.0, 3490.0, 4016.0, 4323.0, 5176.0, 5627.0, 5919.0, 6422.0, 6649.0, 7045.0, 7276.0, 10577.0, 22795.0, 23213.0, 25928.0, 51365.0, 79887.0, 84417.0, 93099.0, 119587.0, 124857.0, 283298.0 
GO:0016324 CC 1.19e-09  17/156   271/16056 D04 apical plasma membrane                   1513.0, 2195.0, 2348.0, 3485.0, 4647.0, 4921.0, 6522.0, 8323.0, 9076.0, 54716.0, 57835.0, 64284.0, 83552.0, 84329.0, 84417.0, 153562.0, 100506658.0 
GO:0005604 CC 8.79e-08   9/156    81/16056 D05 basement membrane                        1285.0, 1286.0, 1296.0, 1297.0, 2192.0, 4016.0, 5176.0, 7045.0, 22795.0 
GO:0005576 CC 9.60e-08  31/156  1121/16056 D02 extracellular region                     652.0, 1285.0, 1286.0, 1296.0, 1297.0, 1356.0, 1513.0, 2153.0, 2192.0, 2444.0, 2799.0, 2878.0, 2950.0, 3053.0, 3485.0, 3490.0, 4016.0, 5176.0, 5618.0, 5627.0, 5919.0, 6422.0, 6649.0, 7045.0, 7276.0, 10577.0, 22795.0, 23627.0, 51365.0, 79887.0, 89944.0 
GO:0005886 CC 5.04e-07  62/156  3536/16056 D03 plasma membrane                          760.0, 771.0, 1001.0, 1356.0, 1395.0, 1829.0, 2150.0, 2153.0, 2195.0, 2272.0, 2348.0, 2535.0, 2825.0, 3358.0, 3741.0, 3769.0, 4323.0, 4920.0, 4921.0, 5618.0, 5627.0, 5754.0, 6121.0, 6236.0, 6422.0, 6522.0, 6528.0, 6560.0, 7045.0, 7105.0, 8323.0, 8673.0, 9076.0, 9120.0, 9122.0, 9749.0, 22795.0, 23213.0, 23627.0, 26266.0, 26509.0, 54102.0, 54716.0, 55640.0, 57393.0, 57835.0, 64284.0, 79674.0, 80036.0, 80045.0, 84329.0, 94120.0, 117247.0, 121260.0, 152503.0, 154091.0, 166929.0, 199920.0, 221074.0, 344905.0, 387700.0, 100506658.0 
GO:0062023 CC 6.88e-07  14/156   283/16056 D04 collagen-containing extracellular matrix 1285.0, 1286.0, 1296.0, 1297.0, 2192.0, 3490.0, 4016.0, 5176.0, 5919.0, 6422.0, 6649.0, 7045.0, 22795.0, 23213.0 
GO:0070062 CC 4.01e-05  34/156  1710/16056 D06 extracellular exosome                    760.0, 1356.0, 1829.0, 2053.0, 2192.0, 2195.0, 2348.0, 2444.0, 2799.0, 2878.0, 2950.0, 3053.0, 3248.0, 3373.0, 3485.0, 3490.0, 3875.0, 5176.0, 5627.0, 6422.0, 6528.0, 6649.0, 7045.0, 7105.0, 7276.0, 8673.0, 10577.0, 22795.0, 23224.0, 26509.0, 54102.0, 54504.0, 57393.0, 64284.0 
GO:0016323 CC 9.67e-05   9/156   189/16056 D04 basolateral plasma membrane              2348.0, 3248.0, 6522.0, 9076.0, 57835.0, 64284.0, 117247.0, 153562.0, 387700.0 
GO:0005788 CC 1.68e-04  10/156   250/16056 D05 endoplasmic reticulum lumen              652.0, 1285.0, 1286.0, 1296.0, 1297.0, 1356.0, 2153.0, 3053.0, 3490.0, 493869.0 
GO:0005654 CC 3.41e-05  14/156  3491/16056 D02 nucleoplasm                              1513.0, 2444.0, 2825.0, 3248.0, 4487.0, 5932.0, 5947.0, 9447.0, 23224.0, 25816.0, 54855.0, 83879.0, 84142.0, 152503.0 
GO:0005634 CC 2.46e-04  25/156  4647/16056 D05 nucleus                                  1030.0, 2195.0, 2272.0, 2348.0, 2444.0, 2950.0, 4323.0, 4487.0, 5015.0, 5932.0, 5947.0, 6121.0, 6528.0, 6649.0, 23224.0, 29842.0, 29969.0, 54502.0, 54855.0, 56180.0, 57326.0, 58516.0, 83879.0, 84142.0, 647309.0 
GO:0015293 MF 9.51e-06   5/156    30/16056 D05 symporter activity                       6528.0, 9120.0, 9122.0, 154091.0, 387700.0 
GO:0005201 MF 1.03e-05   8/156   108/16056 D02 extracellular matrix structural constituent 1285.0, 1286.0, 1296.0, 1297.0, 2192.0, 3490.0, 7045.0, 22795.0 
